remainingTime,dirtLevel,badDirtLevel
0,0,0
1,0,0
2,0,0
3,0,0
4,0,0
5,0,0
6,0,0
7,0,0
8,0,0
9,0,0
10,0,0
11,0,0
12,0,0
13,0,0
14,0,0
15,0,0
16,0,0
17,0,0
18,0,0
19,0,0
20,0,0
21,0,0
22,0,0
23,0,0
24,0,0
25,0,0
26,0,0
27,0,0
28,0,0
29,0,0
30,0,0
31,0,0
32,0,0
33,0,0
34,0,0
35,0,0
36,0,0
37,0,0
38,0,0
39,0,0
40,0,0
41,0,0
42,0,0
43,0,0
44,0,0
45,0,0
46,0,0
47,0,0
48,0,0
49,0,0
50,0,0
51,0,0
52,0,0
53,0,0
54,0,0
55,0,0
56,0,0
57,0,0
58,0,0
59,0,0
60,0,0
61,0,0
62,0,0
63,0,0
64,0,0
65,0,0
66,0,0
67,0,0
68,0,0
69,0,0
70,0,0
71,0,0
72,0,0
73,0,0
74,0,0
75,0,0
76,0,0
77,0,0
78,0,0
79,0,0
80,0,0
81,0,0
82,0,0
83,0,0
84,0,0
85,0,0
86,0,0
87,0,0
88,0,0
89,0,0
90,0,0
91,0,0
92,0,0
93,0,0
94,0,0
95,0,0
96,0,0
97,0,0
98,0,0
99,0,0
100,0,0
101,0,0
102,0,0
103,0,0
104,0,0
105,0,0
106,0,0
107,0,0
108,0,0
109,0,0
110,0,0
111,0,0
112,0,0
113,0,0
114,0,0
115,0,0
116,0,0
117,0,0
118,0,0
119,0,0
120,0,0
121,0,0
122,0,0
123,0,0
124,0,0
125,0,0
126,0,0
127,0,0
128,0,0
129,0,0
130,0,0
131,0,0
132,0,0
133,0,0
134,0,0
135,0,0
136,0,0
137,0,0
138,0,0
139,0,0
140,0,0
141,0,0
142,0,0
143,0,0
144,0,0
145,0,0
146,0,0
147,0,0
148,0,0
149,0,0
150,0,0
151,0,0
152,0,0
153,0,0
154,0,0
155,0,0
156,0,0
157,0,0
158,0,0
159,0,0
160,0,0
161,0,0
162,0,0
163,0,0
164,0,0
165,0,0
166,0,0
167,0,0
168,0,0
169,0,0
170,0,0
171,0,0
172,0,0
173,0,0
174,0,0
175,0,0
176,0,0
177,0,0
178,0,0
179,0,0
180,0,0
181,0,0
182,1,0
183,1,0
184,1,0
185,1,0
186,1,0
187,1,0
188,1,0
189,1,0
190,2,0
191,2,0
192,2,0
193,2,0
194,2,0
195,2,0
196,2,0
197,2,0
198,2,0
199,2,0
200,2,0
201,2,0
202,2,0
203,2,0
204,2,0
205,2,0
206,2,0
207,2,0
208,3,0
209,3,0
210,3,0
211,3,0
212,3,0
213,3,0
214,3,0
215,3,0
216,3,0
217,3,0
218,4,0
219,4,0
220,4,0
221,4,0
222,4,0
223,4,0
224,4,0
225,4,0
226,4,0
227,4,0
228,4,0
229,4,0
230,4,0
231,4,0
232,4,0
233,4,0
234,4,0
235,4,0
236,4,0
237,4,0
238,4,0
239,4,0
240,4,0
241,4,0
242,4,0
243,4,0
244,4,0
245,4,0
246,4,0
247,4,0
248,4,0
249,5,0
250,5,0
251,5,0
252,5,0
253,5,0
254,5,0
255,5,0
256,5,0
257,5,0
258,5,0
259,5,0
260,5,0
261,5,0
262,5,0
263,5,0
264,5,0
265,5,0
266,5,0
267,5,0
268,5,0
269,5,0
270,5,0
271,5,0
272,5,0
273,5,0
274,5,0
275,5,0
276,5,0
277,5,0
278,5,0
279,5,0
280,5,0
281,5,0
282,5,0
283,5,0
284,5,0
285,5,0
286,5,0
287,5,0
288,5,0
289,5,0
290,5,0
291,5,0
292,5,0
293,5,0
294,5,0
295,5,0
296,5,0
297,5,0
298,5,0
299,5,0
300,5,0
301,5,0
302,5,0
303,5,0
304,5,0
305,5,0
306,5,0
307,5,0
308,5,0
309,5,0
310,5,0
311,5,0
312,5,0
313,5,0
314,5,0
315,5,0
316,5,0
317,5,0
318,5,0
319,5,0
320,5,0
321,5,0
322,5,0
323,5,0
324,5,0
325,5,0
326,5,0
327,5,0
328,5,0
329,5,0
330,5,0
331,5,0
332,5,0
333,5,0
334,5,0
335,5,0
336,5,0
337,5,0
338,5,0
339,5,0
340,5,0
341,5,0
342,5,0
343,5,0
344,5,0
345,5,0
346,5,0
347,5,0
348,5,0
349,5,0
350,5,0
351,5,0
352,5,0
353,5,0
354,5,0
355,5,0
356,5,0
357,5,0
358,5,0
359,5,0
360,5,0
361,5,0
362,5,0
363,5,0
364,5,0
365,5,0
366,5,0
367,5,0
368,5,0
369,5,0
370,5,0
371,5,0
372,5,0
373,5,0
374,5,0
375,5,0
376,5,0
377,5,0
378,5,0
379,5,0
380,5,0
381,5,0
382,5,0
383,5,0
384,5,0
385,5,0
386,5,0
387,5,0
388,5,0
389,5,0
390,5,0
391,5,0
392,5,0
393,5,0
394,5,0
395,5,0
396,5,0
397,5,0
398,5,0
399,5,0
400,5,0
401,5,0
402,5,0
403,5,0
404,5,0
405,5,0
406,5,0
407,5,0
408,5,0
409,5,0
410,5,0
411,5,0
412,5,0
413,5,0
414,5,0
415,5,0
416,5,0
417,5,0
418,5,0
419,5,0
420,5,0
421,5,0
422,5,0
423,5,0
424,5,0
425,5,0
426,5,0
427,5,0
428,5,0
429,5,0
430,5,0
431,5,0
432,5,0
433,5,0
434,5,0
435,5,0
436,5,0
437,5,0
438,5,0
439,5,0
440,5,0
441,5,0
442,5,0
443,5,0
444,5,0
445,5,0
446,5,0
447,5,0
448,5,0
449,5,0
450,5,0
451,5,0
452,5,0
453,5,0
454,5,0
455,5,0
456,5,0
457,6,0
458,6,0
459,6,0
460,6,0
461,6,0
462,6,0
463,6,0
464,6,0
465,6,0
466,6,0
467,6,0
468,6,0
469,6,0
470,6,0
471,6,0
472,6,0
473,6,0
474,6,0
475,6,0
476,6,0
477,6,0
478,5,0
479,5,0
480,5,0
481,5,0
482,5,0
483,5,0
484,5,0
485,5,0
486,5,0
487,5,0
488,5,0
489,5,0
490,5,0
491,5,0
492,5,0
493,5,0
494,5,0
495,5,0
496,5,0
497,5,0
498,5,0
499,5,0
500,5,0
501,5,0
502,5,0
503,5,0
504,5,0
505,5,0
506,5,0
507,5,0
508,5,0
509,5,0
510,5,0
511,5,0
512,5,0
513,5,0
514,5,0
515,5,0
516,5,0
517,5,0
518,5,0
519,5,0
520,5,0
521,5,0
522,5,0
523,5,0
524,5,0
525,5,0
526,5,0
527,5,0
528,5,0
529,5,0
530,5,0
531,5,0
532,5,0
533,5,0
534,5,0
535,5,0
536,5,0
537,5,0
538,5,0
539,5,0
540,5,0
541,5,0
542,5,0
543,5,0
544,5,0
545,5,0
546,5,0
547,5,0
548,5,0
549,5,0
550,5,0
551,5,0
552,5,0
553,5,0
554,5,0
555,5,0
556,5,0
557,5,0
558,5,0
559,5,0
560,5,0
561,5,0
562,5,0
563,5,0
564,5,0
565,5,0
566,5,0
567,5,0
568,5,0
569,5,0
570,5,0
571,5,0
572,5,0
573,5,0
574,5,0
575,5,0
576,5,0
577,5,0
578,5,0
579,5,0
580,5,0
581,5,0
582,5,0
583,5,0
584,5,0
585,5,0
586,5,0
587,5,0
588,5,0
589,5,0
590,5,0
591,5,0
592,5,0
593,5,0
594,5,0
595,5,0
596,5,0
597,5,0
598,5,0
599,5,0
600,5,0
601,5,0
602,5,0
603,5,0
604,5,0
605,5,0
606,5,0
607,5,0
608,5,0
609,5,0
610,5,0
611,5,0
612,5,0
613,5,0
614,5,0
615,6,0
616,6,0
617,6,0
618,6,0
619,6,0
620,6,0
621,6,0
622,6,0
623,6,0
624,6,0
625,6,0
626,6,0
627,6,0
628,6,0
629,6,0
630,6,0
631,6,0
632,6,0
633,6,0
634,6,0
635,6,0
636,6,0
637,6,0
638,6,0
639,6,0
640,6,0
641,6,0
642,6,0
643,6,0
644,6,0
645,6,0
646,6,0
647,6,0
648,6,0
649,6,0
650,6,0
651,6,0
652,6,0
653,6,0
654,6,0
655,6,0
656,6,0
657,6,0
658,6,0
659,6,0
660,6,0
661,6,0
662,6,0
663,6,0
664,6,0
665,6,0
666,6,0
667,6,0
668,6,0
669,6,0
670,6,0
671,6,0
672,6,0
673,6,0
674,6,0
675,6,0
676,6,0
677,6,0
678,6,0
679,6,0
680,6,0
681,6,0
682,6,0
683,6,0
684,6,0
685,6,0
686,6,0
687,6,0
688,6,0
689,6,0
690,6,0
691,6,0
692,6,0
693,6,0
694,6,0
695,6,0
696,6,0
697,6,0
698,6,0
699,6,0
700,6,0
701,6,0
702,6,0
703,6,0
704,6,0
705,6,0
706,6,0
707,6,0
708,6,0
709,6,0
710,6,0
711,6,0
712,6,0
713,6,0
714,6,0
715,6,0
716,6,0
717,6,0
718,6,0
719,6,0
720,6,0
721,6,0
722,6,0
723,6,0
724,6,0
725,6,0
726,6,0
727,6,0
728,6,0
729,6,0
730,6,0
731,6,0
732,6,0
733,6,0
734,6,0
735,6,0
736,6,0
737,6,0
738,6,0
739,6,0
740,6,0
741,6,0
742,6,0
743,6,0
744,6,0
745,6,0
746,6,0
747,6,0
748,6,0
749,6,0
750,6,0
751,6,0
752,6,0
753,6,0
754,6,0
755,7,0
756,7,0
757,7,0
758,7,0
759,7,0
760,7,0
761,7,0
762,7,0
763,7,0
764,7,0
765,7,0
766,7,0
767,7,0
768,6,0
769,6,0
770,6,0
771,6,0
772,6,0
773,6,0
774,6,0
775,6,0
776,6,0
777,6,0
778,6,0
779,6,0
780,6,0
781,6,0
782,6,0
783,6,0
784,6,0
785,6,0
786,6,0
787,6,0
788,6,0
789,6,0
790,6,0
791,6,0
792,6,0
793,6,0
794,6,0
795,6,0
796,6,0
797,6,0
798,6,0
799,6,0
800,6,0
801,6,0
802,6,0
803,6,0
804,6,0
805,6,0
806,6,0
807,7,0
808,7,0
809,7,0
810,7,0
811,7,0
812,7,0
813,7,0
814,7,0
815,7,0
816,7,0
817,7,0
818,7,0
819,7,0
820,7,0
821,7,0
822,7,0
823,7,0
824,7,0
825,7,0
826,7,0
827,7,0
828,7,0
829,7,0
830,7,0
831,7,0
832,7,0
833,7,0
834,7,0
835,7,0
836,7,0
837,7,0
838,7,0
839,7,0
840,7,0
841,7,0
842,7,0
843,7,0
844,7,0
845,7,0
846,7,0
847,7,0
848,7,0
849,7,0
850,7,0
851,7,0
852,7,0
853,7,0
854,7,0
855,7,0
856,7,0
857,7,0
858,7,0
859,7,0
860,7,0
861,7,0
862,7,0
863,7,0
864,7,0
865,7,0
866,7,0
867,7,0
868,7,0
869,7,0
870,7,0
871,7,0
872,7,0
873,7,0
874,7,0
875,7,0
876,7,0
877,7,0
878,7,0
879,7,0
880,7,0
881,7,0
882,7,0
883,7,0
884,8,0
885,8,0
886,8,0
887,8,0
888,8,0
889,8,0
890,8,0
891,8,0
892,8,0
893,8,0
894,8,0
895,8,0
896,8,0
897,8,0
898,8,0
899,8,0
900,8,0
901,8,0
902,8,0
903,8,0
904,8,0
905,8,0
906,8,0
907,8,0
908,8,0
909,8,0
910,8,0
911,8,0
912,8,0
913,8,0
914,8,0
915,8,0
916,8,0
917,8,0
918,8,0
919,8,0
920,8,0
921,8,0
922,8,0
923,8,0
924,8,0
925,8,0
926,8,0
927,8,0
928,8,0
929,8,0
930,8,0
931,8,0
932,8,0
933,8,0
934,8,0
935,8,0
936,8,0
937,8,0
938,8,0
939,8,0
940,8,0
941,8,0
942,8,0
943,8,0
944,8,0
945,8,0
946,8,0
947,8,0
948,9,0
949,9,0
950,9,0
951,9,0
952,9,0
953,9,0
954,10,0
955,10,0
956,10,0
957,10,0
958,10,0
959,10,0
960,10,0
961,10,0
962,10,0
963,10,0
964,10,0
965,11,0
966,11,0
967,11,0
968,11,0
969,11,0
970,11,0
971,11,0
972,11,0
973,11,0
974,11,0
975,11,0
976,11,0
977,11,0
978,11,0
979,11,0
980,11,0
981,11,0
982,11,0
983,11,0
984,11,0
985,11,0
986,11,0
987,11,0
988,11,0
989,11,0
990,12,0
991,13,0
992,14,0
993,14,0
994,14,0
995,14,0
996,14,0
997,14,0
998,14,0
999,14,0
1000,14,0
1001,14,0
1002,14,0
1003,14,0
1004,15,0
1005,15,0
1006,15,0
1007,15,0
1008,15,0
1009,15,0
1010,15,0
1011,15,0
1012,15,0
1013,15,0
1014,15,0
1015,15,0
1016,15,0
1017,15,0
1018,15,0
1019,15,0
1020,15,0
1021,15,0
1022,15,0
1023,15,0
1024,15,0
1025,15,0
1026,15,0
1027,15,0
1028,15,0
1029,15,0
1030,15,0
1031,15,0
1032,15,0
1033,15,0
1034,15,0
1035,15,0
1036,15,0
1037,15,0
1038,15,0
1039,15,0
1040,15,0
1041,15,0
1042,15,0
1043,15,0
1044,15,0
1045,15,0
1046,15,0
1047,15,0
1048,15,0
1049,15,0
1050,15,0
1051,15,0
1052,15,0
1053,15,0
1054,15,0
1055,15,0
1056,15,0
1057,15,0
1058,15,0
1059,15,0
1060,15,0
1061,15,0
1062,15,0
1063,15,0
1064,15,0
1065,15,0
1066,15,0
1067,15,0
1068,15,0
1069,15,0
1070,15,0
1071,15,0
1072,15,0
1073,15,0
1074,15,0
1075,15,0
1076,15,0
1077,15,0
1078,15,0
1079,15,0
1080,15,0
1081,15,0
1082,15,0
1083,15,0
1084,15,0
1085,15,0
1086,15,0
1087,15,0
1088,15,0
1089,15,0
1090,15,0
1091,15,0
1092,15,0
1093,15,0
1094,15,0
1095,15,0
1096,15,0
1097,15,0
1098,15,0
1099,15,0
1100,15,0
1101,15,0
1102,14,0
1103,14,0
1104,14,0
1105,14,0
1106,14,0
1107,14,0
1108,14,0
1109,14,0
1110,14,0
1111,14,0
1112,14,0
1113,14,0
1114,14,0
1115,14,0
1116,14,0
1117,14,0
1118,14,0
1119,14,0
1120,14,0
1121,14,0
1122,14,0
1123,14,0
1124,14,0
1125,14,0
1126,14,0
1127,14,0
1128,14,0
1129,14,0
1130,14,0
1131,14,0
1132,14,0
1133,14,0
1134,14,0
1135,14,0
1136,14,0
1137,14,0
1138,14,0
1139,15,0
1140,15,0
1141,15,0
1142,15,0
1143,15,0
1144,15,0
1145,15,0
1146,15,0
1147,15,0
1148,15,0
1149,15,0
1150,15,0
1151,15,0
1152,15,0
1153,15,0
1154,15,0
1155,15,0
1156,15,0
1157,15,0
1158,15,0
1159,15,0
1160,15,0
1161,15,0
1162,15,0
1163,15,0
1164,15,0
1165,15,0
1166,15,0
1167,15,0
1168,15,0
1169,15,0
1170,15,0
1171,15,0
1172,15,0
1173,16,0
1174,16,0
1175,16,0
1176,16,0
1177,16,0
1178,16,0
1179,16,0
1180,16,0
1181,16,0
1182,16,0
1183,16,0
1184,16,0
1185,16,0
1186,16,0
1187,16,0
1188,16,0
1189,16,0
1190,16,0
1191,16,0
1192,16,0
1193,16,0
1194,16,0
1195,17,0
1196,17,0
1197,17,0
1198,17,0
1199,17,0
1200,17,0
1201,17,0
1202,17,0
1203,17,0
1204,17,0
1205,17,0
1206,17,0
1207,17,0
1208,17,0
1209,17,0
1210,17,0
1211,17,0
1212,17,0
1213,17,0
1214,17,0
1215,17,0
1216,17,0
1217,17,0
1218,17,0
1219,17,0
1220,17,0
1221,17,0
1222,17,0
1223,17,0
1224,17,0
1225,17,0
1226,17,0
1227,17,0
1228,17,0
1229,17,0
1230,17,0
1231,17,0
1232,17,0
1233,17,0
1234,17,0
1235,17,0
1236,17,0
1237,17,0
1238,17,0
1239,17,0
1240,17,0
1241,17,0
1242,17,0
1243,17,0
1244,18,0
1245,18,0
1246,18,0
1247,18,0
1248,19,0
1249,19,0
1250,19,0
1251,19,0
1252,19,0
1253,19,0
1254,19,0
1255,19,0
1256,19,0
1257,19,0
1258,19,0
1259,20,0
1260,20,0
1261,20,0
1262,20,0
1263,20,0
1264,20,0
1265,20,0
1266,20,0
1267,20,0
1268,20,0
1269,20,0
1270,20,0
1271,20,0
1272,20,0
1273,20,0
1274,20,0
1275,20,0
1276,20,0
1277,21,0
1278,21,0
1279,21,0
1280,21,0
1281,21,0
1282,21,0
1283,21,0
1284,21,0
1285,20,0
1286,20,0
1287,20,0
1288,20,0
1289,20,0
1290,20,0
1291,20,0
1292,20,0
1293,20,0
1294,20,0
1295,20,0
1296,20,0
1297,20,0
1298,20,0
1299,20,0
1300,20,0
1301,20,0
1302,20,0
1303,20,0
1304,20,0
1305,20,0
1306,20,0
1307,20,0
1308,20,0
1309,20,0
1310,20,0
1311,20,0
1312,20,0
1313,20,0
1314,20,0
1315,20,0
1316,20,0
1317,20,0
1318,20,0
1319,20,0
1320,20,0
1321,20,0
1322,20,0
1323,20,0
1324,20,0
1325,20,0
1326,20,0
1327,20,0
1328,20,0
1329,20,0
1330,20,0
1331,20,0
1332,20,0
1333,20,0
1334,20,0
1335,20,0
1336,20,0
1337,20,0
1338,20,0
1339,20,0
1340,20,0
1341,20,0
1342,20,0
1343,20,0
1344,20,0
1345,20,0
1346,20,0
1347,20,0
1348,20,0
1349,20,0
1350,20,0
1351,20,0
1352,20,0
1353,20,0
1354,20,0
1355,20,0
1356,20,0
1357,20,0
1358,20,0
1359,20,0
1360,20,0
1361,20,0
1362,20,0
1363,20,0
1364,20,0
1365,20,0
1366,20,0
1367,20,0
1368,20,0
1369,20,0
1370,20,0
1371,20,0
1372,20,0
1373,21,0
1374,21,0
1375,21,0
1376,21,0
1377,21,0
1378,21,0
1379,21,0
1380,21,0
1381,21,0
1382,21,0
1383,21,0
1384,21,0
1385,21,0
1386,20,0
1387,20,0
1388,20,0
1389,21,0
1390,21,0
1391,21,0
1392,21,0
1393,21,0
1394,21,0
1395,21,0
1396,21,0
1397,21,0
1398,21,0
1399,21,0
1400,21,0
1401,21,0
1402,21,0
1403,21,0
1404,21,0
1405,21,0
1406,21,0
1407,21,0
1408,21,0
1409,21,0
1410,21,0
1411,21,0
1412,21,0
1413,21,0
1414,21,0
1415,21,0
1416,21,0
1417,21,0
1418,21,0
1419,21,0
1420,21,0
1421,21,0
1422,21,0
1423,21,0
1424,21,0
1425,21,0
1426,21,0
1427,21,0
1428,21,0
1429,21,0
1430,21,0
1431,21,0
1432,21,0
1433,21,0
1434,21,0
1435,21,0
1436,20,0
1437,20,0
1438,20,0
1439,20,0
1440,20,0
1441,20,0
1442,20,0
1443,20,0
1444,20,0
1445,20,0
1446,20,0
1447,20,0
1448,20,0
1449,20,0
1450,20,0
1451,20,0
1452,20,0
1453,20,0
1454,20,0
1455,20,0
1456,20,0
1457,20,0
1458,20,0
1459,20,0
1460,20,0
1461,20,0
1462,20,0
1463,20,0
1464,20,0
1465,20,0
1466,20,0
1467,20,0
1468,20,0
1469,20,0
1470,20,0
1471,20,0
1472,20,0
1473,20,0
1474,20,0
1475,20,0
1476,20,0
1477,20,0
1478,20,0
1479,20,0
1480,20,0
1481,20,0
1482,20,0
1483,20,0
1484,20,0
1485,20,0
1486,20,0
1487,20,0
1488,20,0
1489,20,0
1490,20,0
1491,20,0
1492,20,0
1493,20,0
1494,20,0
1495,20,0
1496,20,0
1497,20,0
1498,20,0
1499,20,0
1500,20,0
1501,20,0
1502,20,0
1503,20,0
1504,20,0
1505,20,0
1506,20,0
1507,20,0
1508,20,0
1509,20,0
1510,20,0
1511,20,0
1512,20,0
1513,20,0
1514,20,0
1515,20,0
1516,20,0
1517,20,0
1518,20,0
1519,20,0
1520,20,0
1521,20,0
1522,20,0
1523,20,0
1524,20,0
1525,20,0
1526,20,0
1527,20,0
1528,20,0
1529,20,0
1530,20,0
1531,20,0
1532,20,0
1533,20,0
1534,20,0
1535,20,0
1536,20,0
1537,20,0
1538,20,0
1539,20,0
1540,20,0
1541,20,0
1542,20,0
1543,20,0
1544,20,0
1545,20,0
1546,20,0
1547,20,0
1548,20,0
1549,20,0
1550,20,0
1551,20,0
1552,20,0
1553,20,0
1554,20,0
1555,20,0
1556,20,0
1557,20,0
1558,20,0
1559,20,0
1560,20,0
1561,20,0
1562,20,0
1563,20,0
1564,20,0
1565,20,0
1566,20,0
1567,20,0
1568,20,0
1569,20,0
1570,20,0
1571,20,0
1572,20,0
1573,20,0
1574,20,0
1575,20,0
1576,21,1
1577,21,1
1578,21,1
1579,21,1
1580,21,1
1581,21,1
1582,21,1
1583,21,1
1584,21,1
1585,21,1
1586,21,1
1587,21,1
1588,21,1
1589,21,1
1590,21,1
1591,21,1
1592,21,1
1593,21,1
1594,21,1
1595,21,1
1596,21,1
1597,21,1
1598,21,1
1599,21,1
1600,21,1
1601,21,1
1602,21,1
1603,21,1
1604,21,1
1605,21,1
1606,21,1
1607,21,1
1608,21,1
1609,21,1
1610,21,1
1611,21,1
1612,21,1
1613,21,1
1614,21,1
1615,21,1
1616,21,1
1617,21,1
1618,21,1
1619,21,1
1620,22,1
1621,22,1
1622,22,1
1623,22,1
1624,22,1
1625,22,1
1626,22,1
1627,22,1
1628,22,1
1629,22,1
1630,22,1
1631,22,1
1632,22,1
1633,22,1
1634,22,1
1635,22,1
1636,22,1
1637,22,1
1638,22,1
1639,22,1
1640,22,1
1641,22,1
1642,22,1
1643,22,1
1644,22,1
1645,22,1
1646,22,1
1647,22,1
1648,22,1
1649,22,1
1650,22,1
1651,22,1
1652,22,1
1653,22,1
1654,22,1
1655,22,1
1656,22,1
1657,22,1
1658,22,1
1659,22,1
1660,22,1
1661,22,1
1662,22,1
1663,22,1
1664,22,1
1665,22,1
1666,22,1
1667,22,1
1668,22,1
1669,22,1
1670,22,1
1671,22,1
1672,22,1
1673,22,1
1674,22,1
1675,22,1
1676,22,1
1677,22,1
1678,22,1
1679,22,1
1680,22,1
1681,22,1
1682,22,1
1683,22,1
1684,23,1
1685,23,1
1686,23,1
1687,23,1
1688,23,1
1689,23,1
1690,23,1
1691,23,1
1692,23,1
1693,23,1
1694,23,1
1695,23,1
1696,23,1
1697,23,1
1698,23,1
1699,23,1
1700,23,1
1701,23,1
1702,23,1
1703,23,1
1704,23,1
1705,23,1
1706,23,1
1707,23,1
1708,23,1
1709,23,1
1710,23,1
1711,24,1
1712,24,1
1713,24,1
1714,24,1
1715,24,1
1716,24,1
1717,24,1
1718,24,1
1719,24,1
1720,24,1
1721,24,1
1722,24,1
1723,24,1
1724,24,1
1725,24,1
1726,24,1
1727,24,1
1728,25,1
1729,25,1
1730,25,1
1731,25,1
1732,25,1
1733,25,1
1734,25,1
1735,25,1
1736,25,1
1737,25,1
1738,25,1
1739,26,1
1740,26,1
1741,26,1
1742,26,1
1743,26,1
1744,26,1
1745,26,1
1746,26,1
1747,26,1
1748,26,1
1749,26,1
1750,26,1
1751,26,1
1752,26,1
1753,26,1
1754,26,1
1755,26,1
1756,26,1
1757,26,1
1758,26,1
1759,26,1
1760,25,1
1761,25,1
1762,25,1
1763,25,1
1764,25,1
1765,25,1
1766,25,1
1767,25,1
1768,25,1
1769,25,1
1770,25,1
1771,25,1
1772,25,1
1773,25,1
1774,25,1
1775,25,1
1776,25,1
1777,25,1
1778,25,1
1779,25,1
1780,25,1
1781,25,1
1782,25,1
1783,25,1
1784,25,1
1785,25,1
1786,25,1
1787,25,1
1788,25,1
1789,25,1
1790,25,1
1791,25,1
1792,25,1
1793,24,1
1794,24,1
1795,24,1
1796,24,1
1797,24,1
1798,24,1
1799,24,1
1800,24,1
1801,24,1
1802,24,1
1803,24,1
1804,24,1
1805,24,1
1806,24,1
1807,24,1
1808,24,1
1809,24,1
1810,24,1
1811,24,1
1812,24,1
1813,24,1
1814,24,1
1815,24,1
1816,24,1
1817,24,1
1818,24,1
1819,24,1
1820,24,1
1821,24,1
1822,24,1
1823,24,1
1824,24,1
1825,24,1
1826,24,1
1827,24,1
1828,24,1
1829,24,1
1830,24,1
1831,24,1
1832,24,1
1833,24,1
1834,24,1
1835,24,1
1836,24,1
1837,24,1
1838,24,1
1839,24,1
1840,24,1
1841,24,1
1842,24,1
1843,24,1
1844,24,1
1845,24,1
1846,24,1
1847,24,1
1848,24,1
1849,24,1
1850,24,1
1851,24,1
1852,24,1
1853,24,1
1854,24,1
1855,24,1
1856,24,1
1857,24,1
1858,24,1
1859,24,1
1860,24,1
1861,24,1
1862,24,1
1863,24,1
1864,24,1
1865,24,1
1866,24,1
1867,24,1
1868,24,1
1869,24,1
1870,24,1
1871,24,1
1872,24,1
1873,24,1
1874,24,1
1875,24,1
1876,24,1
1877,24,1
1878,24,1
1879,24,1
1880,24,1
1881,24,1
1882,24,1
1883,24,1
1884,24,1
1885,24,1
1886,25,1
1887,25,1
1888,26,1
1889,26,1
1890,26,1
1891,26,1
1892,26,1
1893,26,1
1894,26,1
1895,26,1
1896,26,1
1897,26,1
1898,26,1
1899,26,1
1900,26,1
1901,26,1
1902,26,1
1903,26,1
1904,26,1
1905,26,1
1906,26,1
1907,26,1
1908,26,1
1909,26,1
1910,26,1
1911,26,1
1912,25,1
1913,25,1
1914,25,1
1915,25,1
1916,25,1
1917,25,1
1918,25,1
1919,25,1
1920,25,1
1921,25,1
1922,25,1
1923,25,1
1924,25,1
1925,25,1
1926,25,1
1927,25,1
1928,25,1
1929,25,1
1930,25,1
1931,25,1
1932,25,1
1933,25,1
1934,25,1
1935,25,1
1936,25,1
1937,25,1
1938,25,1
1939,25,1
1940,25,1
1941,25,1
1942,25,1
1943,25,1
1944,25,1
1945,25,1
1946,25,1
1947,25,1
1948,25,1
1949,25,1
1950,25,1
1951,25,1
1952,25,1
1953,25,1
1954,25,1
1955,25,1
1956,25,1
1957,25,1
1958,25,1
1959,25,1
1960,25,1
1961,25,1
1962,25,1
1963,25,1
1964,25,1
1965,25,1
1966,25,1
1967,25,1
1968,25,1
1969,25,1
1970,25,1
1971,25,1
1972,25,1
1973,25,1
1974,25,1
1975,25,1
1976,25,1
1977,25,1
1978,25,1
1979,25,1
1980,25,1
1981,25,1
1982,25,1
1983,25,1
1984,25,1
1985,25,1
1986,25,1
1987,25,1
1988,25,1
1989,25,1
1990,25,1
1991,25,1
1992,25,1
1993,25,1
1994,25,1
1995,25,1
1996,25,1
1997,25,1
1998,25,1
1999,26,1
2000,26,1
2001,26,1
2002,26,1
2003,26,1
2004,26,1
2005,26,1
2006,26,1
2007,26,1
2008,26,1
2009,26,1
2010,26,1
2011,26,1
2012,26,1
2013,26,1
2014,26,1
2015,26,1
2016,26,1
2017,26,1
2018,26,1
2019,26,1
2020,26,1
2021,26,1
2022,26,1
2023,26,1
2024,26,1
2025,26,1
2026,25,1
2027,25,1
2028,25,1
2029,25,1
2030,25,1
2031,25,1
2032,25,1
2033,25,1
2034,25,1
2035,25,1
2036,25,1
2037,25,1
2038,25,1
2039,25,1
2040,25,1
2041,25,1
2042,25,1
2043,25,1
2044,25,1
2045,25,1
2046,25,1
2047,25,1
2048,25,1
2049,25,1
2050,25,1
2051,25,1
2052,25,1
2053,25,1
2054,25,1
2055,25,1
2056,25,1
2057,25,1
2058,25,1
2059,25,1
2060,25,1
2061,25,1
2062,25,1
2063,25,1
2064,25,1
2065,25,1
2066,25,1
2067,25,1
2068,25,1
2069,25,1
2070,25,1
2071,25,1
2072,25,1
2073,25,1
2074,25,1
2075,25,1
2076,25,1
2077,25,1
2078,25,1
2079,25,1
2080,25,1
2081,25,1
2082,25,1
2083,25,1
2084,25,1
2085,25,1
2086,25,1
2087,25,1
2088,25,1
2089,25,1
2090,26,1
2091,26,1
2092,26,1
2093,26,1
2094,26,1
2095,26,1
2096,26,1
2097,26,1
2098,27,1
2099,27,1
2100,27,1
2101,27,1
2102,27,1
2103,27,1
2104,27,1
2105,27,1
2106,27,1
2107,27,1
2108,27,1
2109,27,1
2110,27,1
2111,27,1
2112,27,1
2113,27,1
2114,27,1
2115,27,1
2116,27,1
2117,27,1
2118,27,1
2119,27,1
2120,27,1
2121,27,1
2122,27,1
2123,27,1
2124,27,1
2125,27,1
2126,27,1
2127,27,1
2128,26,1
2129,26,1
2130,26,1
2131,27,1
2132,27,1
2133,27,1
2134,27,1
2135,27,1
2136,27,1
2137,27,1
2138,27,1
2139,27,1
2140,27,1
2141,27,1
2142,27,1
2143,27,1
2144,27,1
2145,27,1
2146,28,1
2147,28,1
2148,28,1
2149,28,1
2150,28,1
2151,29,1
2152,29,1
2153,29,1
2154,29,1
2155,29,1
2156,29,1
2157,29,1
2158,29,1
2159,29,1
2160,29,1
2161,29,1
2162,29,1
2163,29,1
2164,29,1
2165,29,1
2166,29,1
2167,29,1
2168,29,1
2169,29,1
2170,29,1
2171,29,1
2172,29,1
2173,29,1
2174,29,1
2175,29,1
2176,29,1
2177,29,1
2178,29,1
2179,29,1
2180,29,1
2181,29,1
2182,29,1
2183,29,1
2184,29,1
2185,29,1
2186,29,1
2187,29,1
2188,29,1
2189,29,1
2190,29,1
2191,29,1
2192,29,1
2193,29,1
2194,29,1
2195,29,1
2196,29,1
2197,29,1
2198,29,1
2199,29,1
2200,29,1
2201,29,1
2202,29,1
2203,29,1
2204,29,1
2205,29,1
2206,29,1
2207,29,1
2208,29,1
2209,29,1
2210,29,1
2211,29,1
2212,29,1
2213,29,1
2214,29,1
2215,29,1
2216,29,1
2217,29,1
2218,29,1
2219,29,1
2220,29,1
2221,29,1
2222,29,1
2223,29,1
2224,29,1
2225,29,1
2226,29,1
2227,29,1
2228,29,1
2229,29,1
2230,29,1
2231,29,1
2232,29,1
2233,29,1
2234,29,1
2235,30,1
2236,30,1
2237,30,1
2238,30,1
2239,30,1
2240,30,1
2241,30,1
2242,30,1
2243,30,1
2244,30,1
2245,30,1
2246,30,1
2247,30,1
2248,30,1
2249,30,1
2250,30,1
2251,30,1
2252,30,1
2253,30,1
2254,30,1
2255,30,1
2256,31,1
2257,31,1
2258,31,1
2259,31,1
2260,31,1
2261,31,1
2262,31,1
2263,31,1
2264,31,1
2265,31,1
2266,31,1
2267,31,1
2268,31,1
2269,31,1
2270,31,1
2271,31,1
2272,31,1
2273,31,1
2274,31,1
2275,31,1
2276,31,1
2277,31,1
2278,31,1
2279,31,1
2280,31,1
2281,31,1
2282,31,1
2283,30,1
2284,30,1
2285,30,1
2286,30,1
2287,30,1
2288,30,1
2289,30,1
2290,30,1
2291,30,1
2292,30,1
2293,30,1
2294,30,1
2295,30,1
2296,29,1
2297,29,1
2298,29,1
2299,29,1
2300,29,1
2301,29,1
2302,29,1
2303,29,1
2304,29,1
2305,29,1
2306,29,1
2307,29,1
2308,29,1
2309,29,1
2310,29,1
2311,29,1
2312,29,1
2313,29,1
2314,29,1
2315,29,1
2316,28,1
2317,28,1
2318,28,1
2319,28,1
2320,28,1
2321,28,1
2322,28,1
2323,28,1
2324,28,1
2325,28,1
2326,28,1
2327,28,1
2328,28,1
2329,27,1
2330,27,1
2331,27,1
2332,27,1
2333,27,1
2334,27,1
2335,27,1
2336,27,1
2337,27,1
2338,27,1
2339,27,1
2340,27,1
2341,27,1
2342,27,1
2343,27,1
2344,27,1
2345,27,1
2346,27,1
2347,27,1
2348,27,1
2349,27,1
2350,27,1
2351,27,1
2352,27,1
2353,27,1
2354,27,1
2355,27,1
2356,27,1
2357,27,1
2358,27,1
2359,27,1
2360,27,1
2361,27,1
2362,27,1
2363,27,1
2364,27,1
2365,27,1
2366,27,1
2367,27,1
2368,27,1
2369,27,1
2370,27,1
2371,27,1
2372,27,1
2373,27,1
2374,28,1
2375,28,1
2376,28,1
2377,28,1
2378,28,1
2379,28,1
2380,28,1
2381,28,1
2382,28,1
2383,28,1
2384,28,1
2385,28,1
2386,28,1
2387,28,1
2388,28,1
2389,28,1
2390,28,1
2391,28,1
2392,28,1
2393,28,1
2394,28,1
2395,28,1
2396,28,1
2397,28,1
2398,28,1
2399,28,1
2400,28,1
2401,28,1
2402,28,1
2403,28,1
2404,28,1
2405,28,1
2406,28,1
2407,28,1
2408,28,1
2409,28,1
2410,28,1
2411,28,1
2412,28,1
2413,28,1
2414,28,1
2415,27,1
2416,27,1
2417,27,1
2418,27,1
2419,27,1
2420,27,1
2421,27,1
2422,27,1
2423,27,1
2424,27,1
2425,27,1
2426,27,1
2427,27,1
2428,27,1
2429,27,1
2430,27,1
2431,27,1
2432,27,1
2433,27,1
2434,27,1
2435,27,1
2436,27,1
2437,27,1
2438,27,1
2439,27,1
2440,27,1
2441,27,1
2442,27,1
2443,27,1
2444,27,1
2445,27,1
2446,27,1
2447,27,1
2448,26,1
2449,26,1
2450,26,1
2451,26,1
2452,26,1
2453,26,1
2454,26,1
2455,26,1
2456,26,1
2457,26,1
2458,26,1
2459,26,1
2460,26,1
2461,26,1
2462,26,1
2463,26,1
2464,26,1
2465,26,1
2466,26,1
2467,26,1
2468,26,1
2469,26,1
2470,26,1
2471,26,1
2472,26,1
2473,26,1
2474,26,1
2475,26,1
2476,26,1
2477,26,1
2478,26,1
2479,26,1
2480,26,1
2481,25,1
2482,25,1
2483,25,1
2484,25,1
2485,25,1
2486,25,1
2487,25,1
2488,25,1
2489,25,1
2490,25,1
2491,25,1
2492,25,1
2493,25,1
2494,25,1
2495,25,1
2496,25,1
2497,25,1
2498,25,1
2499,25,1
2500,25,1
2501,25,1
2502,25,1
2503,25,1
2504,25,1
2505,25,1
2506,25,1
2507,25,1
2508,25,1
2509,25,1
2510,25,1
2511,25,1
2512,25,1
2513,25,1
2514,25,1
2515,25,1
2516,25,1
2517,25,1
2518,25,1
2519,25,1
2520,25,1
2521,25,1
2522,25,1
2523,25,1
2524,25,1
2525,25,1
2526,25,1
2527,25,1
2528,25,1
2529,24,1
2530,24,1
2531,24,1
2532,24,1
2533,24,1
2534,24,1
2535,24,1
2536,24,1
2537,24,1
2538,24,1
2539,24,1
2540,23,1
2541,23,1
2542,23,1
2543,23,1
2544,23,1
2545,23,1
2546,23,1
2547,23,1
2548,23,1
2549,22,1
2550,22,1
2551,22,1
2552,22,1
2553,22,1
2554,22,1
2555,22,1
2556,22,1
2557,22,1
2558,22,1
2559,22,1
2560,22,1
2561,22,1
2562,22,1
2563,22,1
2564,22,1
2565,22,1
2566,22,1
2567,22,1
2568,22,1
2569,22,1
2570,22,1
2571,22,1
2572,22,1
2573,22,1
2574,22,1
2575,22,1
2576,22,1
2577,22,1
2578,22,1
2579,22,1
2580,22,1
2581,22,1
2582,21,1
2583,21,1
2584,21,1
2585,21,1
2586,21,1
2587,21,1
2588,21,1
2589,21,1
2590,21,1
2591,21,1
2592,21,1
2593,21,1
2594,21,1
2595,21,1
2596,21,1
2597,21,1
2598,21,1
2599,21,1
2600,21,1
2601,21,1
2602,21,1
2603,21,1
2604,21,1
2605,21,1
2606,21,1
2607,21,1
2608,21,1
2609,21,1
2610,21,1
2611,21,1
2612,21,1
2613,21,1
2614,21,1
2615,21,1
2616,21,1
2617,21,1
2618,21,1
2619,21,1
2620,21,1
2621,21,1
2622,21,1
2623,21,1
2624,21,1
2625,21,1
2626,21,1
2627,21,1
2628,21,1
2629,21,1
2630,20,1
2631,20,1
2632,20,1
2633,20,1
2634,20,1
2635,20,1
2636,20,1
2637,20,1
2638,20,1
2639,20,1
2640,20,1
2641,20,1
2642,20,1
2643,20,1
2644,20,1
2645,20,1
2646,20,1
2647,20,1
2648,20,1
2649,20,1
2650,20,1
2651,20,1
2652,20,1
2653,20,1
2654,20,1
2655,20,1
2656,20,1
2657,20,1
2658,20,1
2659,20,1
2660,20,1
2661,20,1
2662,20,1
2663,20,1
2664,20,1
2665,20,1
2666,20,1
2667,20,1
2668,20,1
2669,20,1
2670,20,1
2671,20,1
2672,19,1
2673,19,1
2674,19,1
2675,19,1
2676,19,1
2677,19,1
2678,19,1
2679,19,1
2680,19,1
2681,19,1
2682,19,1
2683,19,1
2684,19,1
2685,19,1
2686,19,1
2687,19,1
2688,19,1
2689,19,1
2690,19,1
2691,19,1
2692,19,1
2693,19,1
2694,19,1
2695,19,1
2696,19,1
2697,19,1
2698,19,1
2699,19,1
2700,19,1
2701,19,1
2702,19,1
2703,19,1
2704,19,1
2705,19,1
2706,19,1
2707,19,1
2708,19,1
2709,19,1
2710,20,1
2711,20,1
2712,20,1
2713,20,1
2714,20,1
2715,20,1
2716,20,1
2717,20,1
2718,20,1
2719,20,1
2720,20,1
2721,20,1
2722,20,1
2723,20,1
2724,20,1
2725,20,1
2726,20,1
2727,20,1
2728,20,1
2729,20,1
2730,20,1
2731,20,1
2732,20,1
2733,20,1
2734,20,1
2735,20,1
2736,20,1
2737,20,1
2738,20,1
2739,20,1
2740,20,1
2741,20,1
2742,20,1
2743,20,1
2744,20,1
2745,20,1
2746,20,1
2747,20,1
2748,20,1
2749,20,1
2750,20,1
2751,20,1
2752,20,1
2753,20,1
2754,20,1
2755,20,1
2756,20,1
2757,20,1
2758,20,1
2759,20,1
2760,21,1
2761,21,1
2762,21,1
2763,21,1
2764,21,1
2765,21,1
2766,21,1
2767,21,1
2768,21,1
2769,21,1
2770,21,1
2771,21,1
2772,21,1
2773,21,1
2774,21,1
2775,21,1
2776,21,1
2777,21,1
2778,21,1
2779,21,1
2780,21,1
2781,21,1
2782,21,1
2783,21,1
2784,21,1
2785,21,1
2786,21,1
2787,21,1
2788,21,1
2789,21,1
2790,21,1
2791,21,1
2792,21,1
2793,21,1
2794,21,1
2795,21,1
2796,21,1
2797,21,1
2798,21,1
2799,21,1
2800,21,1
2801,21,1
2802,21,1
2803,21,1
2804,21,1
2805,21,1
2806,21,1
2807,21,1
2808,21,1
2809,21,1
2810,21,1
2811,21,1
2812,21,1
2813,21,1
2814,21,1
2815,21,1
2816,20,1
2817,20,1
2818,20,1
2819,20,1
2820,20,1
2821,20,1
2822,20,1
2823,20,1
2824,20,1
2825,20,1
2826,20,1
2827,20,1
2828,20,1
2829,20,1
2830,20,1
2831,20,1
2832,20,1
2833,20,1
2834,20,1
2835,20,1
2836,20,1
2837,20,1
2838,20,1
2839,20,1
2840,20,1
2841,20,1
2842,20,1
2843,20,1
2844,20,1
2845,20,1
2846,20,1
2847,20,1
2848,20,1
2849,20,1
2850,20,1
2851,20,1
2852,19,1
2853,19,1
2854,19,1
2855,19,1
2856,19,1
2857,19,1
2858,19,1
2859,19,1
2860,19,1
2861,19,1
2862,19,1
2863,19,1
2864,19,1
2865,19,1
2866,19,1
2867,19,1
2868,19,1
2869,19,1
2870,19,1
2871,19,1
2872,19,1
2873,19,1
2874,19,1
2875,19,1
2876,19,1
2877,19,1
2878,19,1
2879,19,1
2880,19,1
2881,19,1
2882,19,1
2883,19,1
2884,19,1
2885,19,1
2886,19,1
2887,19,1
2888,19,1
2889,19,1
2890,19,1
2891,19,1
2892,19,1
2893,19,1
2894,19,1
2895,19,1
2896,19,1
2897,19,1
2898,19,1
2899,19,1
2900,19,1
2901,19,1
2902,19,1
2903,19,1
2904,19,1
2905,20,1
2906,20,1
2907,20,1
2908,20,1
2909,20,1
2910,20,1
2911,20,1
2912,20,1
2913,20,1
2914,20,1
2915,20,1
2916,20,1
2917,20,1
2918,20,1
2919,20,1
2920,20,1
2921,20,1
2922,20,1
2923,20,1
2924,20,1
2925,20,1
2926,20,1
2927,21,1
2928,21,1
2929,21,1
2930,21,1
2931,21,1
2932,21,1
2933,21,1
2934,21,1
2935,21,1
2936,21,1
2937,21,1
2938,21,1
2939,21,1
2940,21,1
2941,21,1
2942,21,1
2943,21,1
2944,21,1
2945,21,1
2946,21,1
2947,21,1
2948,21,1
2949,21,1
2950,22,1
2951,22,1
2952,22,1
2953,22,1
2954,22,1
2955,22,1
2956,22,1
2957,22,1
2958,22,1
2959,22,1
2960,22,1
2961,22,1
2962,22,1
2963,22,1
2964,22,1
2965,22,1
2966,22,1
2967,22,1
2968,22,1
2969,22,1
2970,22,1
2971,22,1
2972,22,1
2973,22,1
2974,22,1
2975,22,1
2976,22,1
2977,22,1
2978,22,1
2979,22,1
2980,22,1
2981,22,1
2982,22,1
2983,22,1
2984,22,1
2985,22,1
2986,22,1
2987,22,1
2988,22,1
2989,22,1
2990,22,1
2991,22,1
2992,22,1
2993,22,1
2994,22,1
2995,22,1
2996,22,1
2997,22,1
2998,22,1
2999,22,1
3000,22,1
3001,22,1
3002,22,1
3003,22,1
3004,22,1
3005,22,1
3006,22,1
3007,22,1
3008,22,1
3009,22,1
3010,22,1
3011,22,1
3012,22,1
3013,22,1
3014,22,1
3015,22,1
3016,22,1
3017,22,1
3018,22,1
3019,22,1
3020,22,1
3021,22,1
3022,22,1
3023,22,1
3024,22,1
3025,22,1
3026,22,1
3027,22,1
3028,22,1
3029,22,1
3030,22,1
3031,22,1
3032,22,1
3033,22,1
3034,22,1
3035,22,1
3036,22,1
3037,22,1
3038,22,1
3039,22,1
3040,22,1
3041,23,1
3042,23,1
3043,23,1
3044,23,1
3045,23,1
3046,23,1
3047,23,1
3048,23,1
3049,22,0
3050,22,0
3051,22,0
3052,22,0
3053,22,0
3054,22,0
3055,22,0
3056,22,0
3057,22,0
3058,22,0
3059,22,0
3060,22,0
3061,22,0
3062,22,0
3063,23,0
3064,23,0
3065,23,0
3066,23,0
3067,23,0
3068,23,0
3069,23,0
3070,23,0
3071,23,0
3072,23,0
3073,23,0
3074,23,0
3075,23,0
3076,23,0
3077,23,0
3078,23,0
3079,23,0
3080,23,0
3081,23,0
3082,23,0
3083,23,0
3084,23,0
3085,23,0
3086,23,0
3087,23,0
3088,23,0
3089,23,0
3090,23,0
3091,23,0
3092,23,0
3093,24,0
3094,24,0
3095,24,0
3096,24,0
3097,24,0
3098,24,0
3099,24,0
3100,24,0
3101,24,0
3102,24,0
3103,24,0
3104,24,0
3105,24,0
3106,24,0
3107,24,0
3108,24,0
3109,24,0
3110,24,0
3111,24,0
3112,24,0
3113,24,0
3114,24,0
3115,24,0
3116,24,0
3117,24,0
3118,24,0
3119,24,0
3120,24,0
3121,24,0
3122,24,0
3123,24,0
3124,24,0
3125,24,0
3126,24,0
3127,24,0
3128,24,0
3129,24,0
3130,24,0
3131,24,0
3132,24,0
3133,24,0
3134,24,0
3135,24,0
3136,24,0
3137,24,0
3138,24,0
3139,24,0
3140,24,0
3141,24,0
3142,25,0
3143,25,0
3144,25,0
3145,25,0
3146,25,0
3147,25,0
3148,25,0
3149,25,0
3150,25,0
3151,25,0
3152,25,0
3153,25,0
3154,25,0
3155,25,0
3156,25,0
3157,25,0
3158,25,0
3159,25,0
3160,25,0
3161,25,0
3162,25,0
3163,24,0
3164,24,0
3165,24,0
3166,24,0
3167,24,0
3168,24,0
3169,25,0
3170,25,0
3171,25,0
3172,25,0
3173,25,0
3174,25,0
3175,25,0
3176,25,0
3177,25,0
3178,25,0
3179,25,0
3180,25,0
3181,25,0
3182,25,0
3183,25,0
3184,25,0
3185,26,0
3186,26,0
3187,26,0
3188,26,0
3189,26,0
3190,26,0
3191,26,0
3192,26,0
3193,26,0
3194,26,0
3195,26,0
3196,26,0
3197,26,0
3198,26,0
3199,26,0
3200,26,0
3201,26,0
3202,26,0
3203,26,0
3204,26,0
3205,26,0
3206,26,0
3207,26,0
3208,26,0
3209,26,0
3210,26,0
3211,26,0
3212,26,0
3213,26,0
3214,26,0
3215,26,0
3216,26,0
3217,26,0
3218,26,0
3219,26,0
3220,26,0
3221,27,0
3222,27,0
3223,27,0
3224,27,0
3225,27,0
3226,27,0
3227,27,0
3228,27,0
3229,27,0
3230,27,0
3231,27,0
3232,27,0
3233,27,0
3234,27,0
3235,27,0
3236,27,0
3237,27,0
3238,27,0
3239,27,0
3240,27,0
3241,27,0
3242,27,0
3243,27,0
3244,27,0
3245,27,0
3246,27,0
3247,27,0
3248,27,0
3249,27,0
3250,27,0
3251,27,0
3252,27,0
3253,27,0
3254,27,0
3255,27,0
3256,27,0
3257,27,0
3258,27,0
3259,27,0
3260,27,0
3261,27,0
3262,27,0
3263,27,0
3264,27,0
3265,27,0
3266,27,0
3267,27,0
3268,27,0
3269,27,0
3270,27,0
3271,27,0
3272,27,0
3273,27,0
3274,27,0
3275,27,0
3276,27,0
3277,27,0
3278,27,0
3279,27,0
3280,27,0
3281,27,0
3282,27,0
3283,27,0
3284,27,0
3285,27,0
3286,27,0
3287,27,0
3288,27,0
3289,27,0
3290,27,0
3291,27,0
3292,27,0
3293,27,0
3294,27,0
3295,27,0
3296,27,0
3297,26,0
3298,26,0
3299,26,0
3300,26,0
3301,26,0
3302,26,0
3303,26,0
3304,26,0
3305,26,0
3306,26,0
3307,26,0
3308,26,0
3309,26,0
3310,26,0
3311,26,0
3312,26,0
3313,26,0
3314,26,0
3315,26,0
3316,26,0
3317,26,0
3318,26,0
3319,26,0
3320,26,0
3321,26,0
3322,26,0
3323,26,0
3324,27,0
3325,27,0
3326,27,0
3327,27,0
3328,27,0
3329,27,0
3330,26,0
3331,26,0
3332,26,0
3333,26,0
3334,26,0
3335,26,0
3336,26,0
3337,26,0
3338,26,0
3339,26,0
3340,26,0
3341,26,0
3342,26,0
3343,26,0
3344,26,0
3345,26,0
3346,26,0
3347,26,0
3348,26,0
3349,26,0
3350,26,0
3351,26,0
3352,26,0
3353,26,0
3354,26,0
3355,26,0
3356,26,0
3357,26,0
3358,26,0
3359,26,0
3360,26,0
3361,26,0
3362,26,0
3363,26,0
3364,26,0
3365,26,0
3366,26,0
3367,26,0
3368,26,0
3369,26,0
3370,26,0
3371,26,0
3372,26,0
3373,26,0
3374,26,0
3375,26,0
3376,26,0
3377,26,0
3378,26,0
3379,26,0
3380,26,0
3381,26,0
3382,26,0
3383,26,0
3384,26,0
3385,26,0
3386,26,0
3387,26,0
3388,26,0
3389,26,0
3390,26,0
3391,26,0
3392,26,0
3393,26,0
3394,26,0
3395,26,0
3396,26,0
3397,26,0
3398,26,0
3399,26,0
3400,26,0
3401,26,0
3402,26,0
3403,26,0
3404,26,0
3405,26,0
3406,26,0
3407,26,0
3408,26,0
3409,26,0
3410,26,0
3411,26,0
3412,26,0
3413,26,0
3414,26,0
3415,26,0
3416,25,0
3417,25,0
3418,25,0
3419,25,0
3420,25,0
3421,25,0
3422,25,0
3423,25,0
3424,25,0
3425,25,0
3426,25,0
3427,25,0
3428,25,0
3429,25,0
3430,25,0
3431,25,0
3432,25,0
3433,25,0
3434,25,0
3435,25,0
3436,25,0
3437,25,0
3438,25,0
3439,25,0
3440,25,0
3441,25,0
3442,25,0
3443,25,0
3444,25,0
3445,25,0
3446,25,0
3447,25,0
3448,25,0
3449,25,0
3450,25,0
3451,25,0
3452,25,0
3453,25,0
3454,25,0
3455,25,0
3456,25,0
3457,25,0
3458,25,0
3459,25,0
3460,25,0
3461,25,0
3462,25,0
3463,25,0
3464,25,0
3465,25,0
3466,25,0
3467,26,0
3468,26,0
3469,26,0
3470,26,0
3471,26,0
3472,26,0
3473,26,0
3474,26,0
3475,26,0
3476,26,0
3477,26,0
3478,26,0
3479,26,0
3480,26,0
3481,26,0
3482,26,0
3483,26,0
3484,26,0
3485,26,0
3486,26,0
3487,26,0
3488,26,0
3489,26,0
3490,26,0
3491,26,0
3492,26,0
3493,26,0
3494,26,0
3495,26,0
3496,26,0
3497,26,0
3498,26,0
3499,26,0
3500,26,0
3501,26,0
3502,26,0
3503,26,0
3504,26,0
3505,26,0
3506,26,0
3507,26,0
3508,26,0
3509,26,0
3510,26,0
3511,26,0
3512,26,0
3513,26,0
3514,26,0
3515,26,0
3516,26,0
3517,26,0
3518,26,0
3519,26,0
3520,26,0
3521,27,0
3522,27,0
3523,27,0
3524,27,0
3525,27,0
3526,27,0
3527,27,0
3528,27,0
3529,27,0
3530,26,0
3531,26,0
3532,26,0
3533,26,0
3534,26,0
3535,26,0
3536,26,0
3537,27,0
3538,27,0
3539,27,0
3540,27,0
3541,27,0
3542,27,0
3543,27,0
3544,27,0
3545,27,0
3546,27,0
3547,27,0
3548,27,0
3549,27,0
3550,27,0
3551,27,0
3552,27,0
3553,27,0
3554,27,0
3555,27,0
3556,27,0
3557,27,0
3558,27,0
3559,27,0
3560,27,0
3561,27,0
3562,27,0
3563,27,0
3564,27,0
3565,27,0
3566,27,0
3567,27,0
3568,27,0
3569,27,0
3570,27,0
3571,28,0
3572,28,0
3573,28,0
3574,28,0
3575,28,0
3576,28,0
3577,28,0
3578,28,0
3579,28,0
3580,28,0
3581,28,0
3582,28,0
3583,28,0
3584,28,0
3585,28,0
3586,28,0
3587,28,0
3588,28,0
3589,28,0
3590,28,0
3591,28,0
3592,28,0
3593,28,0
3594,28,0
3595,28,0
3596,28,0
3597,28,0
3598,28,0
3599,28,0
3600,28,0
3601,28,0
3602,28,0
3603,28,0
3604,28,0
3605,28,0
3606,28,0
3607,28,0
3608,28,0
3609,28,0
3610,28,0
3611,28,0
3612,28,0
3613,28,0
3614,28,0
3615,28,0
3616,28,0
3617,29,0
3618,29,0
3619,29,0
3620,29,0
3621,29,0
3622,29,0
3623,29,0
3624,29,0
3625,29,0
3626,29,0
3627,29,0
3628,29,0
3629,29,0
3630,29,0
3631,29,0
3632,29,0
3633,29,0
3634,29,0
3635,29,0
3636,29,0
3637,29,0
3638,30,0
3639,30,0
3640,30,0
3641,30,0
3642,30,0
3643,30,0
3644,30,0
3645,30,0
3646,30,0
3647,30,0
3648,30,0
3649,30,0
3650,30,0
3651,30,0
3652,30,0
3653,30,0
3654,30,0
3655,30,0
3656,30,0
3657,30,0
3658,30,0
3659,30,0
3660,30,0
3661,30,0
3662,30,0
3663,30,0
3664,30,0
3665,30,0
3666,30,0
3667,30,0
3668,30,0
3669,30,0
3670,31,0
3671,31,0
3672,31,0
3673,31,0
3674,31,0
3675,31,0
3676,31,0
3677,31,0
3678,31,0
3679,31,0
3680,31,0
3681,31,0
3682,31,0
3683,31,0
3684,31,0
3685,31,0
3686,31,0
3687,31,0
3688,31,0
3689,31,0
3690,31,0
3691,31,0
3692,31,0
3693,31,0
3694,31,0
3695,30,0
3696,30,0
3697,30,0
3698,30,0
3699,30,0
3700,30,0
3701,30,0
3702,30,0
3703,30,0
3704,30,0
3705,30,0
3706,30,0
3707,30,0
3708,30,0
3709,30,0
3710,30,0
3711,30,0
3712,30,0
3713,30,0
3714,30,0
3715,30,0
3716,30,0
3717,30,0
3718,30,0
3719,30,0
3720,30,0
3721,30,0
3722,30,0
3723,30,0
3724,30,0
3725,30,0
3726,30,0
3727,30,0
3728,30,0
3729,30,0
3730,30,0
3731,30,0
3732,30,0
3733,30,0
3734,30,0
3735,30,0
3736,30,0
3737,30,0
3738,30,0
3739,30,0
3740,30,0
3741,30,0
3742,30,0
3743,30,0
3744,29,0
3745,29,0
3746,29,0
3747,29,0
3748,29,0
3749,29,0
3750,29,0
3751,29,0
3752,29,0
3753,29,0
3754,29,0
3755,29,0
3756,29,0
3757,29,0
3758,29,0
3759,29,0
3760,29,0
3761,29,0
3762,29,0
3763,29,0
3764,29,0
3765,29,0
3766,29,0
3767,29,0
3768,29,0
3769,29,0
3770,29,0
3771,29,0
3772,29,0
3773,29,0
3774,29,0
3775,29,0
3776,29,0
3777,29,0
3778,29,0
3779,29,0
3780,29,0
3781,29,0
3782,29,0
3783,29,0
3784,29,0
3785,29,0
3786,29,0
3787,29,0
3788,29,0
3789,29,0
3790,29,0
3791,29,0
3792,29,0
3793,29,0
3794,28,0
3795,28,0
3796,28,0
3797,28,0
3798,28,0
3799,28,0
3800,28,0
3801,28,0
3802,28,0
3803,28,0
3804,28,0
3805,28,0
3806,28,0
3807,28,0
3808,28,0
3809,28,0
3810,28,0
3811,28,0
3812,28,0
3813,28,0
3814,28,0
3815,28,0
3816,28,0
3817,28,0
3818,28,0
3819,28,0
3820,28,0
3821,28,0
3822,28,0
3823,28,0
3824,28,0
3825,28,0
3826,28,0
3827,27,0
3828,27,0
3829,27,0
3830,27,0
3831,27,0
3832,27,0
3833,27,0
3834,27,0
3835,27,0
3836,27,0
3837,27,0
3838,27,0
3839,27,0
3840,27,0
3841,27,0
3842,27,0
3843,27,0
3844,27,0
3845,27,0
3846,27,0
3847,27,0
3848,27,0
3849,27,0
3850,27,0
3851,27,0
3852,27,0
3853,27,0
3854,28,0
3855,28,0
3856,28,0
3857,28,0
3858,28,0
3859,28,0
3860,28,0
3861,28,0
3862,28,0
3863,28,0
3864,28,0
3865,28,0
3866,28,0
3867,28,0
3868,28,0
3869,28,0
3870,28,0
3871,28,0
3872,28,0
3873,28,0
3874,28,0
3875,28,0
3876,28,0
3877,28,0
3878,28,0
3879,28,0
3880,28,0
3881,28,0
3882,28,0
3883,28,0
3884,28,0
3885,28,0
3886,28,0
3887,28,0
3888,28,0
3889,28,0
3890,28,0
3891,28,0
3892,28,0
3893,27,0
3894,27,0
3895,27,0
3896,27,0
3897,27,0
3898,27,0
3899,27,0
3900,27,0
3901,27,0
3902,27,0
3903,27,0
3904,27,0
3905,27,0
3906,27,0
3907,27,0
3908,27,0
3909,27,0
3910,27,0
3911,27,0
3912,27,0
3913,27,0
3914,27,0
3915,27,0
3916,27,0
3917,27,0
3918,27,0
3919,27,0
3920,27,0
3921,27,0
3922,27,0
3923,27,0
3924,27,0
3925,27,0
3926,27,0
3927,27,0
3928,27,0
3929,27,0
3930,27,0
3931,27,0
3932,27,0
3933,27,0
3934,27,0
3935,27,0
3936,27,0
3937,27,0
3938,27,0
3939,27,0
3940,27,0
3941,27,0
3942,27,0
3943,27,0
3944,27,0
3945,27,0
3946,27,0
3947,27,0
3948,27,0
3949,27,0
3950,27,0
3951,27,0
3952,27,0
3953,27,0
3954,27,0
3955,27,0
3956,27,0
3957,27,0
3958,27,0
3959,27,0
3960,27,0
3961,27,0
3962,27,0
3963,27,0
3964,27,0
3965,27,0
3966,27,0
3967,27,0
3968,27,0
3969,27,0
3970,27,0
3971,27,0
3972,27,0
3973,27,0
3974,27,0
3975,27,0
3976,27,0
3977,27,0
3978,27,0
3979,27,0
3980,27,0
3981,27,0
3982,27,0
3983,27,0
3984,27,0
3985,27,0
3986,27,0
3987,27,0
3988,27,0
3989,27,0
3990,27,0
3991,27,0
3992,27,0
3993,27,0
3994,27,0
3995,27,0
3996,27,0
3997,27,0
3998,27,0
3999,28,0
4000,28,0
4001,28,0
4002,28,0
4003,28,0
4004,28,0
4005,28,0
4006,28,0
4007,28,0
4008,28,0
4009,28,0
4010,28,0
4011,28,0
4012,28,0
4013,28,0
4014,28,0
4015,28,0
4016,28,0
4017,28,0
4018,28,0
4019,28,0
4020,28,0
4021,28,0
4022,28,0
4023,28,0
4024,28,0
4025,28,0
4026,29,1
4027,29,1
4028,29,1
4029,29,1
4030,29,1
4031,29,1
4032,29,1
4033,29,1
4034,29,1
4035,29,1
4036,29,1
4037,29,1
4038,29,1
4039,29,1
4040,29,1
4041,29,1
4042,29,1
4043,29,1
4044,29,1
4045,29,1
4046,29,1
4047,29,1
4048,30,1
4049,30,1
4050,30,1
4051,30,1
4052,30,1
4053,30,1
4054,30,1
4055,30,1
4056,30,1
4057,30,1
4058,30,1
4059,30,1
4060,30,1
4061,30,1
4062,30,1
4063,30,1
4064,30,1
4065,30,1
4066,30,1
4067,30,1
4068,30,1
4069,30,1
4070,30,1
4071,30,1
4072,30,1
4073,30,1
4074,30,1
4075,30,1
4076,30,1
4077,30,1
4078,30,1
4079,30,1
4080,31,1
4081,31,1
4082,31,1
4083,31,1
4084,31,1
4085,31,1
4086,31,1
4087,31,1
4088,31,1
4089,31,1
4090,31,1
4091,30,1
4092,30,1
4093,30,1
4094,30,1
4095,30,1
4096,30,1
4097,30,1
4098,30,1
4099,30,1
4100,30,1
4101,30,1
4102,30,1
4103,30,1
4104,30,1
4105,30,1
4106,30,1
4107,30,1
4108,30,1
4109,30,1
4110,30,1
4111,30,1
4112,30,1
4113,30,1
4114,30,1
4115,30,1
4116,30,1
4117,30,1
4118,30,1
4119,30,1
4120,30,1
4121,30,1
4122,30,1
4123,30,1
4124,30,1
4125,30,1
4126,30,1
4127,30,1
4128,30,1
4129,30,1
4130,30,1
4131,29,1
4132,29,1
4133,29,1
4134,29,1
4135,29,1
4136,29,1
4137,29,1
4138,29,1
4139,29,1
4140,29,1
4141,29,1
4142,29,1
4143,29,1
4144,29,1
4145,29,1
4146,28,1
4147,28,1
4148,28,1
4149,28,1
4150,28,1
4151,28,1
4152,28,1
4153,28,1
4154,28,1
4155,28,1
4156,28,1
4157,28,1
4158,29,1
4159,29,1
4160,29,1
4161,29,1
4162,29,1
4163,29,1
4164,29,1
4165,29,1
4166,29,1
4167,30,1
4168,30,1
4169,30,1
4170,30,1
4171,30,1
4172,30,1
4173,30,1
4174,30,1
4175,30,1
4176,30,1
4177,30,1
4178,30,1
4179,29,1
4180,29,1
4181,29,1
4182,29,1
4183,29,1
4184,29,1
4185,29,1
4186,29,1
4187,29,1
4188,29,1
4189,29,1
4190,28,1
4191,28,1
4192,28,1
4193,28,1
4194,28,1
4195,28,1
4196,28,1
4197,28,1
4198,28,1
4199,28,1
4200,28,1
4201,28,1
4202,28,1
4203,28,1
4204,28,1
4205,28,1
4206,28,1
4207,28,1
4208,28,1
4209,28,1
4210,28,1
4211,27,1
4212,27,1
4213,27,1
4214,27,1
4215,27,1
4216,27,1
4217,27,1
4218,27,1
4219,27,1
4220,27,1
4221,27,1
4222,27,1
4223,26,1
4224,26,1
4225,26,1
4226,26,1
4227,26,1
4228,27,1
4229,27,1
4230,27,1
4231,27,1
4232,27,1
4233,27,1
4234,27,1
4235,27,1
4236,27,1
4237,27,1
4238,27,1
4239,27,1
4240,27,1
4241,27,1
4242,27,1
4243,27,1
4244,27,1
4245,27,1
4246,27,1
4247,27,1
4248,27,1
4249,27,1
4250,27,1
4251,27,1
4252,27,1
4253,27,1
4254,27,1
4255,27,1
4256,27,1
4257,27,1
4258,27,1
4259,26,1
4260,26,1
4261,26,1
4262,26,1
4263,26,1
4264,26,1
4265,26,1
4266,26,1
4267,26,1
4268,26,1
4269,26,1
4270,26,1
4271,26,1
4272,26,1
4273,26,1
4274,26,1
4275,26,1
4276,26,1
4277,26,1
4278,26,1
4279,26,1
4280,26,1
4281,26,1
4282,26,1
4283,26,1
4284,26,1
4285,26,1
4286,26,1
4287,26,1
4288,26,1
4289,26,1
4290,26,1
4291,26,1
4292,26,1
4293,26,1
4294,26,1
4295,26,1
4296,26,1
4297,26,1
4298,26,1
4299,26,1
4300,26,1
4301,26,1
4302,26,1
4303,26,1
4304,26,1
4305,26,1
4306,26,1
4307,26,1
4308,26,1
4309,26,1
4310,26,1
4311,26,1
4312,26,1
4313,26,1
4314,27,1
4315,27,1
4316,28,1
4317,28,1
4318,28,1
4319,28,1
4320,28,1
4321,28,1
4322,27,1
4323,27,1
4324,27,1
4325,27,1
4326,27,1
4327,27,1
4328,27,1
4329,27,1
4330,27,1
4331,27,1
4332,27,1
4333,27,1
4334,27,1
4335,27,1
4336,27,1
4337,27,1
4338,27,1
4339,27,1
4340,27,1
4341,27,1
4342,27,1
4343,27,1
4344,27,1
4345,27,1
4346,27,1
4347,27,1
4348,27,1
4349,27,1
4350,27,1
4351,27,1
4352,27,1
4353,27,1
4354,27,1
4355,27,1
4356,27,1
4357,27,1
4358,27,1
4359,27,1
4360,27,1
4361,27,1
4362,27,1
4363,27,1
4364,27,1
4365,27,1
4366,27,1
4367,27,1
4368,27,1
4369,27,1
4370,27,1
4371,27,1
4372,27,1
4373,27,1
4374,27,1
4375,28,1
4376,28,1
4377,28,1
4378,27,1
4379,27,1
4380,27,1
4381,27,1
4382,27,1
4383,27,1
4384,27,1
4385,27,1
4386,27,1
4387,27,1
4388,27,1
4389,27,1
4390,27,1
4391,27,1
4392,27,1
4393,27,1
4394,27,1
4395,27,1
4396,27,1
4397,27,1
4398,27,1
4399,27,1
4400,27,1
4401,27,1
4402,27,1
4403,28,1
4404,28,1
4405,28,1
4406,28,1
4407,28,1
4408,28,1
4409,28,1
4410,28,1
4411,28,1
4412,28,1
4413,28,1
4414,28,1
4415,28,1
4416,28,1
4417,28,1
4418,28,1
4419,28,1
4420,28,1
4421,28,1
4422,28,1
4423,28,1
4424,28,1
4425,28,1
4426,27,1
4427,27,1
4428,27,1
4429,27,1
4430,27,1
4431,27,1
4432,27,1
4433,27,1
4434,27,1
4435,27,1
4436,27,1
4437,27,1
4438,27,1
4439,27,1
4440,27,1
4441,27,1
4442,27,1
4443,27,1
4444,27,1
4445,27,1
4446,27,1
4447,27,1
4448,27,1
4449,27,1
4450,27,1
4451,27,1
4452,27,1
4453,27,1
4454,26,1
4455,26,1
4456,27,1
4457,27,1
4458,27,1
4459,27,1
4460,27,1
4461,27,1
4462,27,1
4463,27,1
4464,27,1
4465,27,1
4466,27,1
4467,27,1
4468,27,1
4469,27,1
4470,27,1
4471,27,1
4472,27,1
4473,27,1
4474,27,1
4475,27,1
4476,27,1
4477,27,1
4478,27,1
4479,27,1
4480,27,1
4481,27,1
4482,27,1
4483,27,1
4484,27,1
4485,27,1
4486,27,1
4487,26,1
4488,26,1
4489,26,1
4490,26,1
4491,26,1
4492,25,1
4493,25,1
4494,25,1
4495,25,1
4496,25,1
4497,25,1
4498,25,1
4499,25,1
4500,25,1
4501,25,1
4502,25,1
4503,26,1
4504,26,1
4505,26,1
4506,26,1
4507,26,1
4508,26,1
4509,26,1
4510,26,1
4511,26,1
4512,26,1
4513,26,1
4514,26,1
4515,26,1
4516,26,1
4517,26,1
4518,26,1
4519,27,1
4520,26,1
4521,26,1
4522,26,1
4523,26,1
4524,26,1
4525,26,1
4526,26,1
4527,26,1
4528,26,1
4529,26,1
4530,26,1
4531,26,1
4532,26,1
4533,26,1
4534,26,1
4535,26,1
4536,26,1
4537,26,1
4538,26,1
4539,26,1
4540,26,1
4541,26,1
4542,26,1
4543,26,1
4544,26,1
4545,26,1
4546,26,1
4547,26,1
4548,26,1
4549,26,1
4550,26,1
4551,26,1
4552,26,1
4553,26,1
4554,26,1
4555,26,1
4556,26,1
4557,26,1
4558,26,1
4559,26,1
4560,26,1
4561,26,1
4562,26,1
4563,26,1
4564,26,1
4565,26,1
4566,26,1
4567,26,1
4568,26,1
4569,26,1
4570,26,1
4571,26,1
4572,26,1
4573,26,1
4574,26,1
4575,26,1
4576,27,1
4577,27,1
4578,27,1
4579,27,1
4580,27,1
4581,27,1
4582,27,1
4583,27,1
4584,27,1
4585,27,1
4586,27,1
4587,27,1
4588,28,1
4589,28,1
4590,28,1
4591,28,1
4592,28,1
4593,28,1
4594,28,1
4595,28,1
4596,28,1
4597,28,1
4598,28,1
4599,28,1
4600,28,1
4601,28,1
4602,28,1
4603,28,1
4604,28,1
4605,28,1
4606,28,1
4607,28,1
4608,28,1
4609,28,1
4610,28,1
4611,28,1
4612,28,1
4613,28,1
4614,28,1
4615,28,1
4616,28,1
4617,28,1
4618,28,1
4619,28,1
4620,28,1
4621,28,1
4622,28,1
4623,28,1
4624,28,1
4625,28,1
4626,28,1
4627,28,1
4628,28,1
4629,28,1
4630,28,1
4631,28,1
4632,28,1
4633,28,1
4634,28,1
4635,28,1
4636,28,1
4637,28,1
4638,28,1
4639,28,1
4640,28,1
4641,28,1
4642,28,1
4643,28,1
4644,28,1
4645,28,1
4646,28,1
4647,28,1
4648,28,1
4649,28,1
4650,28,1
4651,28,1
4652,28,1
4653,28,1
4654,28,1
4655,28,1
4656,28,1
4657,28,1
4658,28,1
4659,28,1
4660,28,1
4661,28,1
4662,28,1
4663,28,1
4664,28,1
4665,28,1
4666,28,1
4667,28,1
4668,28,1
4669,28,1
4670,28,1
4671,28,1
4672,28,1
4673,28,1
4674,28,1
4675,28,1
4676,28,1
4677,28,1
4678,28,1
4679,27,1
4680,27,1
4681,27,1
4682,27,1
4683,27,1
4684,27,1
4685,26,1
4686,26,1
4687,26,1
4688,26,1
4689,26,1
4690,26,1
4691,26,1
4692,26,1
4693,26,1
4694,26,1
4695,26,1
4696,26,1
4697,26,1
4698,26,1
4699,26,1
4700,26,1
4701,26,1
4702,26,1
4703,26,1
4704,26,1
4705,26,1
4706,26,1
4707,26,1
4708,26,1
4709,26,1
4710,26,1
4711,26,1
4712,26,1
4713,26,1
4714,26,1
4715,26,1
4716,26,1
4717,26,1
4718,26,1
4719,26,1
4720,26,1
4721,26,1
4722,26,1
4723,26,1
4724,26,1
4725,26,1
4726,26,1
4727,26,1
4728,26,1
4729,27,1
4730,27,1
4731,27,1
4732,27,1
4733,27,1
4734,27,1
4735,27,1
4736,27,1
4737,27,1
4738,27,1
4739,27,1
4740,27,1
4741,27,1
4742,27,1
4743,27,1
4744,27,1
4745,27,1
4746,27,1
4747,27,1
4748,27,1
4749,27,1
4750,28,1
4751,28,1
4752,28,1
4753,28,1
4754,28,1
4755,28,1
4756,28,1
4757,28,1
4758,28,1
4759,28,1
4760,27,1
4761,27,1
4762,27,1
4763,27,1
4764,27,1
4765,27,1
4766,27,1
4767,27,1
4768,27,1
4769,27,1
4770,27,1
4771,27,1
4772,27,1
4773,27,1
4774,27,1
4775,27,1
4776,27,1
4777,27,1
4778,27,1
4779,27,1
4780,27,1
4781,27,1
4782,27,1
4783,27,1
4784,27,1
4785,27,1
4786,27,1
4787,27,1
4788,27,1
4789,27,1
4790,27,1
4791,27,1
4792,27,1
4793,26,1
4794,26,1
4795,26,1
4796,26,1
4797,26,1
4798,26,1
4799,26,1
4800,26,1
4801,26,1
4802,26,1
4803,26,1
4804,26,1
4805,26,1
4806,26,1
4807,26,1
4808,26,1
4809,26,1
4810,26,1
4811,26,1
4812,26,1
4813,26,1
4814,26,1
4815,26,1
4816,26,1
4817,26,1
4818,26,1
4819,26,1
4820,26,1
4821,26,1
4822,26,1
4823,26,1
4824,26,1
4825,26,1
4826,26,1
4827,26,1
4828,26,1
4829,26,1
4830,26,1
4831,26,1
4832,26,1
4833,26,1
4834,25,1
4835,25,1
4836,25,1
4837,25,1
4838,25,1
4839,25,1
4840,25,1
4841,25,1
4842,25,1
4843,25,1
4844,25,1
4845,25,1
4846,25,1
4847,25,1
4848,25,1
4849,25,1
4850,25,1
4851,25,1
4852,25,1
4853,25,1
4854,25,1
4855,25,1
4856,25,1
4857,25,1
4858,25,1
4859,25,1
4860,25,1
4861,25,1
4862,25,1
4863,25,1
4864,25,1
4865,25,1
4866,25,1
4867,25,1
4868,25,1
4869,25,1
4870,25,1
4871,25,1
4872,25,1
4873,25,1
4874,25,1
4875,25,1
4876,25,1
4877,25,1
4878,25,1
4879,25,1
4880,25,1
4881,25,1
4882,25,1
4883,25,1
4884,25,1
4885,25,1
4886,25,1
4887,25,1
4888,25,1
4889,26,1
4890,26,1
4891,26,1
4892,26,1
4893,26,1
4894,26,1
4895,26,1
4896,26,1
4897,26,1
4898,26,1
4899,26,1
4900,26,1
4901,26,1
4902,26,1
4903,26,1
4904,26,1
4905,26,1
4906,26,1
4907,26,1
4908,26,1
4909,26,1
4910,26,1
4911,26,1
4912,26,1
4913,26,1
4914,26,1
4915,26,1
4916,26,1
4917,26,1
4918,26,1
4919,26,1
4920,26,1
4921,26,1
4922,26,1
4923,26,1
4924,26,1
4925,26,1
4926,26,1
4927,26,1
4928,26,1
4929,26,1
4930,26,1
4931,26,1
4932,26,1
4933,26,1
4934,26,1
4935,26,1
4936,26,1
4937,26,1
4938,26,1
4939,26,1
4940,26,1
4941,26,1
4942,26,1
4943,26,1
4944,26,1
4945,26,1
4946,26,1
4947,26,1
4948,26,1
4949,26,1
4950,26,1
4951,26,1
4952,26,1
4953,26,1
4954,26,1
4955,26,1
4956,26,1
4957,26,1
4958,26,1
4959,26,1
4960,26,1
4961,26,1
4962,27,1
4963,27,1
4964,27,1
4965,27,1
4966,27,1
4967,27,1
4968,27,1
4969,27,1
4970,27,1
4971,28,1
4972,28,1
4973,28,1
4974,28,1
4975,28,1
4976,28,1
4977,28,1
4978,28,1
4979,28,1
4980,28,1
4981,28,1
4982,28,1
4983,28,1
4984,28,1
4985,28,1
4986,28,1
4987,28,1
4988,28,1
4989,28,1
4990,28,1
4991,28,1
4992,28,1
4993,28,1
4994,28,1
4995,28,1
4996,28,1
4997,28,1
4998,28,1
4999,28,1
5000,28,1
5001,28,1
5002,28,1
5003,28,1
5004,28,1
5005,28,1
5006,28,1
5007,28,1
5008,28,1
5009,28,1
5010,28,1
5011,28,1
5012,28,1
5013,28,1
5014,28,1
5015,28,1
5016,28,1
5017,28,1
5018,28,1
5019,29,1
5020,29,1
5021,29,1
5022,29,1
5023,29,1
5024,29,1
5025,29,1
5026,29,1
5027,29,1
5028,29,1
5029,29,1
5030,29,1
5031,29,1
5032,29,1
5033,29,1
5034,29,1
5035,29,1
5036,29,1
5037,29,1
5038,29,1
5039,29,1
5040,29,1
5041,29,1
5042,29,1
5043,29,1
5044,29,1
5045,29,1
5046,29,1
5047,29,1
5048,29,1
5049,28,1
5050,28,1
5051,28,1
5052,28,1
5053,28,1
5054,28,1
5055,28,1
5056,28,1
5057,28,1
5058,28,1
5059,28,1
5060,28,1
5061,28,1
5062,28,1
5063,28,1
5064,28,1
5065,28,1
5066,28,1
5067,28,1
5068,28,1
5069,29,2
5070,29,2
5071,29,2
5072,29,2
5073,29,2
5074,29,2
5075,29,2
5076,29,2
5077,29,2
5078,29,2
5079,29,2
5080,29,2
5081,29,2
5082,29,2
5083,29,2
5084,29,2
5085,29,2
5086,29,2
5087,29,2
5088,29,2
5089,29,2
5090,29,2
5091,29,2
5092,29,2
5093,29,2
5094,29,2
5095,29,2
5096,29,2
5097,29,2
5098,29,2
5099,29,2
5100,29,2
5101,29,2
5102,29,2
5103,29,2
5104,29,2
5105,29,2
5106,29,2
5107,29,2
5108,29,2
5109,29,2
5110,29,2
5111,29,2
5112,29,2
5113,29,2
5114,29,2
5115,29,2
5116,29,2
5117,29,2
5118,29,2
5119,29,2
5120,29,2
5121,29,2
5122,29,2
5123,29,2
5124,29,2
5125,29,2
5126,29,2
5127,29,2
5128,29,2
5129,29,2
5130,29,2
5131,29,2
5132,29,2
5133,29,2
5134,29,2
5135,29,2
5136,29,2
5137,29,2
5138,29,2
5139,29,2
5140,29,2
5141,29,2
5142,29,2
5143,29,2
5144,29,2
5145,29,2
5146,29,2
5147,29,2
5148,29,2
5149,29,2
5150,29,2
5151,29,2
5152,29,2
5153,30,2
5154,30,2
5155,30,2
5156,30,2
5157,30,2
5158,30,2
5159,30,2
5160,30,2
5161,30,2
5162,30,2
5163,30,2
5164,30,2
5165,30,2
5166,30,2
5167,30,2
5168,30,2
5169,30,2
5170,30,2
5171,30,2
5172,30,2
5173,30,2
5174,30,2
5175,30,2
5176,30,2
5177,30,2
5178,30,2
5179,30,2
5180,30,2
5181,30,2
5182,30,2
5183,30,2
5184,30,2
5185,30,2
5186,30,2
5187,30,2
5188,30,2
5189,30,2
5190,30,2
5191,30,2
5192,30,2
5193,30,2
5194,31,2
5195,31,2
5196,31,2
5197,31,2
5198,31,2
5199,31,2
5200,31,2
5201,31,2
5202,30,2
5203,30,2
5204,30,2
5205,30,2
5206,30,2
5207,30,2
5208,30,2
5209,30,2
5210,30,2
5211,30,2
5212,30,2
5213,30,2
5214,30,2
5215,30,2
5216,30,2
5217,30,2
5218,30,2
5219,30,2
5220,30,2
5221,30,2
5222,30,2
5223,30,2
5224,30,2
5225,30,2
5226,30,2
5227,30,2
5228,30,2
5229,30,2
5230,30,2
5231,30,2
5232,30,2
5233,30,2
5234,30,2
5235,30,2
5236,30,2
5237,30,2
5238,30,2
5239,30,2
5240,30,2
5241,31,2
5242,31,2
5243,31,2
5244,31,2
5245,31,2
5246,31,2
5247,31,2
5248,31,2
5249,31,2
5250,31,2
5251,31,2
5252,31,2
5253,31,2
5254,31,2
5255,31,2
5256,31,2
5257,32,2
5258,32,2
5259,32,2
5260,32,2
5261,32,2
5262,32,2
5263,32,2
5264,32,2
5265,32,2
5266,32,2
5267,33,2
5268,33,2
5269,33,2
5270,33,2
5271,33,2
5272,34,2
5273,34,2
5274,34,2
5275,34,2
5276,34,2
5277,34,2
5278,34,2
5279,34,2
5280,34,2
5281,34,2
5282,34,2
5283,34,2
5284,34,2
5285,34,2
5286,34,2
5287,34,2
5288,34,2
5289,34,2
5290,34,2
5291,35,2
5292,35,2
5293,35,2
5294,35,2
5295,35,2
5296,35,2
5297,35,2
5298,35,2
5299,35,2
5300,35,2
5301,35,2
5302,35,2
5303,35,2
5304,35,2
5305,35,2
5306,35,2
5307,35,2
5308,35,2
5309,35,2
5310,35,2
5311,35,2
5312,35,2
5313,35,2
5314,35,2
5315,35,2
5316,35,2
5317,35,2
5318,35,2
5319,35,2
5320,35,2
5321,35,2
5322,35,2
5323,35,2
5324,35,2
5325,35,2
5326,35,2
5327,35,2
5328,35,2
5329,35,2
5330,35,2
5331,35,2
5332,35,2
5333,36,2
5334,36,2
5335,36,2
5336,36,2
5337,36,2
5338,36,2
5339,36,2
5340,36,2
5341,36,2
5342,36,2
5343,36,2
5344,36,2
5345,36,2
5346,36,2
5347,36,2
5348,36,2
5349,36,2
5350,36,2
5351,36,2
5352,36,2
5353,36,2
5354,36,2
5355,36,2
5356,36,2
5357,36,2
5358,36,2
5359,36,2
5360,36,2
5361,36,2
5362,36,2
5363,36,2
5364,36,2
5365,36,2
5366,36,2
5367,36,2
5368,36,2
5369,36,2
5370,36,2
5371,36,2
5372,36,2
5373,36,2
5374,36,2
5375,36,2
5376,36,2
5377,36,2
5378,36,2
5379,36,2
5380,36,2
5381,36,2
5382,36,2
5383,36,2
5384,36,2
5385,36,2
5386,36,2
5387,36,2
5388,36,2
5389,36,2
5390,36,2
5391,36,2
5392,36,2
5393,36,2
5394,36,2
5395,36,2
5396,36,2
5397,36,2
5398,36,2
5399,36,2
5400,36,2
5401,36,2
5402,36,2
5403,36,2
5404,36,2
5405,36,2
5406,36,2
5407,36,2
5408,36,2
5409,36,2
5410,36,2
5411,36,2
5412,36,2
5413,36,2
5414,36,2
5415,36,2
5416,36,2
5417,36,2
5418,36,2
5419,36,2
5420,36,2
5421,36,2
5422,36,2
5423,36,2
5424,36,2
5425,36,2
5426,36,2
5427,36,2
5428,36,2
5429,36,2
5430,36,2
5431,37,3
5432,37,3
5433,37,3
5434,37,3
5435,38,3
5436,38,3
5437,38,3
5438,38,3
5439,38,3
5440,38,3
5441,38,3
5442,38,3
5443,38,3
5444,38,3
5445,38,3
5446,38,3
5447,38,3
5448,38,3
5449,38,3
5450,38,3
5451,38,3
5452,38,3
5453,38,3
5454,38,3
5455,38,3
5456,38,3
5457,38,3
5458,38,3
5459,38,3
5460,38,3
5461,38,3
5462,38,3
5463,38,3
5464,38,3
5465,38,3
5466,38,3
5467,38,3
5468,38,3
5469,38,3
5470,38,3
5471,37,3
5472,37,3
5473,37,3
5474,37,3
5475,37,3
5476,37,3
5477,37,3
5478,37,3
5479,37,3
5480,37,3
5481,37,3
5482,37,3
5483,37,3
5484,37,3
5485,37,3
5486,37,3
5487,37,3
5488,37,3
5489,36,3
5490,36,3
5491,36,3
5492,36,3
5493,36,3
5494,36,3
5495,36,3
5496,36,3
5497,36,3
5498,36,3
5499,36,3
5500,36,3
5501,36,3
5502,36,3
5503,36,3
5504,36,3
5505,36,3
5506,36,3
5507,36,3
5508,36,3
5509,36,3
5510,36,3
5511,36,3
5512,36,3
5513,36,3
5514,36,3
5515,36,3
5516,36,3
5517,36,3
5518,36,3
5519,36,3
5520,36,3
5521,36,3
5522,37,3
5523,37,3
5524,37,3
5525,37,3
5526,37,3
5527,37,3
5528,37,3
5529,37,3
5530,37,3
5531,37,3
5532,37,3
5533,37,3
5534,37,3
5535,37,3
5536,37,3
5537,36,3
5538,36,3
5539,36,3
5540,36,3
5541,36,3
5542,36,3
5543,36,3
5544,36,3
5545,36,3
5546,36,3
5547,36,3
5548,36,3
5549,36,3
5550,36,3
5551,36,3
5552,36,3
5553,36,3
5554,36,3
5555,36,3
5556,36,3
5557,36,3
5558,36,3
5559,36,3
5560,36,3
5561,36,3
5562,36,3
5563,36,3
5564,36,3
5565,36,3
5566,36,3
5567,36,3
5568,36,3
5569,36,3
5570,36,3
5571,36,3
5572,36,3
5573,36,3
5574,36,3
5575,36,3
5576,36,3
5577,36,3
5578,36,3
5579,36,3
5580,36,3
5581,36,3
5582,36,3
5583,35,3
5584,35,3
5585,35,3
5586,35,3
5587,35,3
5588,35,3
5589,35,3
5590,34,3
5591,34,3
5592,34,3
5593,34,3
5594,34,3
5595,34,3
5596,34,3
5597,34,3
5598,34,3
5599,34,3
5600,34,3
5601,34,3
5602,34,3
5603,34,3
5604,34,3
5605,34,3
5606,34,3
5607,34,3
5608,35,4
5609,35,4
5610,35,4
5611,35,4
5612,35,4
5613,35,4
5614,35,4
5615,35,4
5616,35,4
5617,35,4
5618,35,4
5619,35,4
5620,35,4
5621,35,4
5622,35,4
5623,35,4
5624,35,4
5625,35,4
5626,35,4
5627,35,4
5628,35,4
5629,35,4
5630,35,4
5631,35,4
5632,35,4
5633,35,4
5634,35,4
5635,35,4
5636,35,4
5637,35,4
5638,35,4
5639,35,4
5640,35,4
5641,35,4
5642,35,4
5643,35,4
5644,35,4
5645,36,4
5646,36,4
5647,36,4
5648,36,4
5649,36,4
5650,36,4
5651,36,4
5652,36,4
5653,36,4
5654,36,4
5655,36,4
5656,36,4
5657,36,4
5658,36,4
5659,36,4
5660,36,4
5661,36,4
5662,36,4
5663,36,4
5664,36,4
5665,36,4
5666,36,4
5667,36,4
5668,36,4
5669,36,4
5670,36,4
5671,36,4
5672,36,4
5673,36,4
5674,36,4
5675,36,4
5676,36,4
5677,36,4
5678,36,4
5679,36,4
5680,36,4
5681,36,4
5682,36,4
5683,36,4
5684,36,4
5685,36,4
5686,36,4
5687,36,4
5688,36,4
5689,36,4
5690,36,4
5691,36,4
5692,36,4
5693,36,4
5694,36,4
5695,36,4
5696,36,4
5697,36,4
5698,36,4
5699,36,4
5700,36,4
5701,36,4
5702,36,4
5703,36,4
5704,36,4
5705,36,4
5706,36,4
5707,36,4
5708,36,4
5709,36,4
5710,36,4
5711,36,4
5712,37,4
5713,37,4
5714,37,4
5715,37,4
5716,37,4
5717,37,4
5718,37,4
5719,37,4
5720,37,4
5721,37,4
5722,37,4
5723,37,4
5724,37,4
5725,37,4
5726,37,4
5727,37,4
5728,37,4
5729,37,4
5730,37,4
5731,37,4
5732,37,4
5733,37,4
5734,37,4
5735,37,4
5736,37,4
5737,37,4
5738,37,4
5739,37,4
5740,37,4
5741,37,4
5742,37,4
5743,37,4
5744,37,4
5745,37,4
5746,37,4
5747,37,4
5748,37,4
5749,37,4
5750,37,4
5751,37,4
5752,37,4
5753,37,4
5754,37,4
5755,37,4
5756,37,4
5757,37,4
5758,37,4
5759,37,4
5760,37,4
5761,37,4
5762,37,4
5763,37,4
5764,37,4
5765,37,4
5766,37,4
5767,37,4
5768,37,4
5769,37,4
5770,37,4
5771,37,4
5772,37,4
5773,37,4
5774,37,4
5775,37,4
5776,37,4
5777,37,4
5778,37,4
5779,37,4
5780,37,4
5781,37,4
5782,37,4
5783,37,4
5784,36,4
5785,36,4
5786,36,4
5787,36,4
5788,36,4
5789,36,4
5790,36,4
5791,35,4
5792,35,4
5793,35,4
5794,35,4
5795,35,4
5796,36,4
5797,36,4
5798,36,4
5799,36,4
5800,36,4
5801,36,4
5802,36,4
5803,36,4
5804,36,4
5805,36,4
5806,36,4
5807,36,4
5808,36,4
5809,36,4
5810,36,4
5811,36,4
5812,36,4
5813,36,4
5814,36,4
5815,36,4
5816,36,4
5817,36,4
5818,36,4
5819,36,4
5820,36,4
5821,36,4
5822,36,4
5823,36,4
5824,35,4
5825,35,4
5826,35,4
5827,35,4
5828,35,4
5829,35,4
5830,35,4
5831,35,4
5832,35,4
5833,35,4
5834,35,4
5835,35,4
5836,35,4
5837,35,4
5838,35,4
5839,35,4
5840,35,4
5841,35,4
5842,35,4
5843,35,4
5844,35,4
5845,36,4
5846,36,4
5847,36,4
5848,37,4
5849,37,4
5850,37,4
5851,37,4
5852,37,4
5853,37,4
5854,37,4
5855,37,4
5856,37,4
5857,37,4
5858,37,4
5859,37,4
5860,37,4
5861,37,4
5862,37,4
5863,37,4
5864,37,4
5865,37,4
5866,37,4
5867,37,4
5868,37,4
5869,37,4
5870,37,4
5871,37,4
5872,36,4
5873,36,4
5874,36,4
5875,36,4
5876,37,4
5877,37,4
5878,37,4
5879,37,4
5880,37,4
5881,37,4
5882,37,4
5883,37,4
5884,37,4
5885,37,4
5886,37,4
5887,38,4
5888,38,4
5889,38,4
5890,38,4
5891,38,4
5892,38,4
5893,37,4
5894,37,4
5895,37,4
5896,37,4
5897,37,4
5898,37,4
5899,37,4
5900,37,4
5901,37,4
5902,37,4
5903,37,4
5904,37,4
5905,37,4
5906,37,4
5907,37,4
5908,37,4
5909,37,4
5910,37,4
5911,37,4
5912,37,4
5913,37,4
5914,37,4
5915,37,4
5916,37,4
5917,37,4
5918,37,4
5919,37,4
5920,37,4
5921,37,4
5922,37,4
5923,37,4
5924,37,4
5925,37,4
5926,37,4
5927,37,4
5928,37,4
5929,37,4
5930,37,4
5931,37,4
5932,37,4
5933,37,4
5934,37,4
5935,37,4
5936,38,4
5937,38,4
5938,38,4
5939,38,4
5940,38,4
5941,38,4
5942,38,4
5943,38,4
5944,38,4
5945,38,4
5946,38,4
5947,38,4
5948,38,4
5949,38,4
5950,38,4
5951,38,4
5952,38,4
5953,38,4
5954,38,4
5955,38,4
5956,38,4
5957,38,4
5958,38,4
5959,38,4
5960,38,4
5961,38,4
5962,38,4
5963,38,4
5964,38,4
5965,38,4
5966,38,4
5967,38,4
5968,38,4
5969,39,4
5970,39,4
5971,39,4
5972,39,4
5973,39,4
5974,39,4
5975,39,4
5976,39,4
5977,39,4
5978,39,4
5979,39,4
5980,39,4
5981,39,4
5982,39,4
5983,39,4
5984,39,4
5985,39,4
5986,39,4
5987,39,4
5988,39,4
5989,39,4
5990,39,4
5991,39,4
5992,39,4
5993,39,4
5994,39,4
5995,39,4
5996,39,4
5997,39,4
5998,39,4
5999,39,4
6000,39,4
6001,39,4
6002,39,4
6003,39,4
6004,39,4
6005,39,4
6006,39,4
6007,39,4
6008,39,4
6009,39,4
6010,39,4
6011,39,4
6012,39,4
6013,39,4
6014,39,4
6015,39,4
6016,39,4
6017,39,4
6018,39,4
6019,39,4
6020,39,4
6021,39,4
6022,39,4
6023,39,4
6024,39,4
6025,39,4
6026,39,4
6027,39,4
6028,39,4
6029,39,4
6030,39,4
6031,39,4
6032,39,4
6033,39,4
6034,39,4
6035,39,4
6036,39,4
6037,39,4
6038,39,4
6039,39,4
6040,39,4
6041,39,4
6042,39,4
6043,39,4
6044,39,4
6045,39,4
6046,39,4
6047,40,4
6048,40,4
6049,40,4
6050,40,4
6051,40,4
6052,40,4
6053,40,4
6054,40,4
6055,40,4
6056,40,4
6057,40,4
6058,40,4
6059,40,4
6060,40,4
6061,40,4
6062,40,4
6063,40,4
6064,40,4
6065,40,4
6066,40,4
6067,40,4
6068,40,4
6069,40,4
6070,40,4
6071,40,4
6072,40,4
6073,40,4
6074,40,4
6075,40,4
6076,40,4
6077,40,4
6078,40,4
6079,40,4
6080,40,4
6081,40,4
6082,40,4
6083,40,4
6084,40,4
6085,40,4
6086,40,4
6087,40,4
6088,40,4
6089,40,4
6090,40,4
6091,40,4
6092,40,4
6093,40,4
6094,40,4
6095,40,4
6096,40,4
6097,40,4
6098,40,4
6099,40,4
6100,40,4
6101,40,4
6102,40,4
6103,40,4
6104,40,4
6105,40,4
6106,40,4
6107,40,4
6108,40,4
6109,40,4
6110,40,4
6111,40,4
6112,40,4
6113,40,4
6114,40,4
6115,40,4
6116,40,4
6117,40,4
6118,40,4
6119,40,4
6120,40,4
6121,40,4
6122,40,4
6123,40,4
6124,40,4
6125,40,4
6126,40,4
6127,40,4
6128,40,4
6129,40,4
6130,40,4
6131,40,4
6132,40,4
6133,40,4
6134,40,4
6135,40,4
6136,40,4
6137,40,4
6138,40,4
6139,40,4
6140,40,4
6141,40,4
6142,40,4
6143,40,4
6144,40,4
6145,40,4
6146,40,4
6147,41,4
6148,41,4
6149,41,4
6150,41,4
6151,41,4
6152,41,4
6153,41,4
6154,41,4
6155,41,4
6156,41,4
6157,41,4
6158,41,4
6159,41,4
6160,41,4
6161,41,4
6162,41,4
6163,41,4
6164,41,4
6165,41,4
6166,41,4
6167,41,4
6168,41,4
6169,41,4
6170,41,4
6171,41,4
6172,41,4
6173,41,4
6174,41,4
6175,41,4
6176,41,4
6177,41,4
6178,41,4
6179,41,4
6180,41,4
6181,41,4
6182,41,4
6183,41,4
6184,41,4
6185,41,4
6186,41,4
6187,41,4
6188,41,4
6189,41,4
6190,41,4
6191,41,4
6192,41,4
6193,41,4
6194,41,4
6195,41,4
6196,41,4
6197,41,4
6198,41,4
6199,41,4
6200,41,4
6201,41,4
6202,41,4
6203,41,4
6204,41,4
6205,40,4
6206,40,4
6207,40,4
6208,40,4
6209,40,4
6210,40,4
6211,40,4
6212,39,4
6213,39,4
6214,39,4
6215,39,4
6216,39,4
6217,39,4
6218,39,4
6219,39,4
6220,39,4
6221,39,4
6222,39,4
6223,39,4
6224,39,4
6225,39,4
6226,39,4
6227,39,4
6228,39,4
6229,39,4
6230,39,4
6231,39,4
6232,40,4
6233,40,4
6234,39,4
6235,39,4
6236,39,4
6237,39,4
6238,38,4
6239,38,4
6240,38,4
6241,38,4
6242,38,4
6243,38,4
6244,38,4
6245,38,4
6246,38,4
6247,38,4
6248,38,4
6249,38,4
6250,38,4
6251,38,4
6252,38,4
6253,38,4
6254,38,4
6255,38,4
6256,38,4
6257,38,4
6258,38,4
6259,38,4
6260,38,4
6261,38,4
6262,38,4
6263,38,4
6264,38,4
6265,38,4
6266,38,4
6267,38,4
6268,38,4
6269,38,4
6270,38,4
6271,38,4
6272,38,4
6273,38,4
6274,38,4
6275,38,4
6276,38,4
6277,38,4
6278,39,4
6279,39,4
6280,39,4
6281,39,4
6282,39,4
6283,39,4
6284,39,4
6285,39,4
6286,39,4
6287,39,4
6288,39,4
6289,39,4
6290,39,4
6291,39,4
6292,39,4
6293,39,4
6294,39,4
6295,39,4
6296,39,4
6297,39,4
6298,39,4
6299,39,4
6300,38,3
6301,38,3
6302,38,3
6303,39,3
6304,39,3
6305,39,3
6306,39,3
6307,39,3
6308,39,3
6309,39,3
6310,39,3
6311,39,3
6312,39,3
6313,39,3
6314,39,3
6315,39,3
6316,39,3
6317,39,3
6318,39,3
6319,40,3
6320,40,3
6321,40,3
6322,40,3
6323,40,3
6324,40,3
6325,40,3
6326,40,3
6327,40,3
6328,40,3
6329,40,3
6330,40,3
6331,40,3
6332,40,3
6333,40,3
6334,40,3
6335,40,3
6336,40,3
6337,39,3
6338,39,3
6339,39,3
6340,39,3
6341,39,3
6342,39,3
6343,39,3
6344,39,3
6345,39,3
6346,39,3
6347,39,3
6348,39,3
6349,39,3
6350,39,3
6351,39,3
6352,39,3
6353,39,3
6354,39,3
6355,39,3
6356,40,3
6357,40,3
6358,40,3
6359,40,3
6360,40,3
6361,40,3
6362,40,3
6363,40,3
6364,40,3
6365,40,3
6366,40,3
6367,40,3
6368,40,3
6369,40,3
6370,40,3
6371,40,3
6372,40,3
6373,39,3
6374,40,3
6375,40,3
6376,40,3
6377,40,3
6378,40,3
6379,40,3
6380,39,3
6381,39,3
6382,40,3
6383,40,3
6384,40,3
6385,40,3
6386,40,3
6387,40,3
6388,40,3
6389,41,3
6390,41,3
6391,41,3
6392,41,3
6393,41,3
6394,41,3
6395,41,3
6396,41,3
6397,41,3
6398,41,3
6399,41,3
6400,41,3
6401,41,3
6402,41,3
6403,41,3
6404,41,3
6405,41,3
6406,40,3
6407,40,3
6408,40,3
6409,40,3
6410,40,3
6411,40,3
6412,40,3
6413,40,3
6414,41,3
6415,41,3
6416,41,3
6417,41,3
6418,41,3
6419,41,3
6420,41,3
6421,41,3
6422,41,3
6423,41,3
6424,41,3
6425,41,3
6426,41,3
6427,41,3
6428,41,3
6429,41,3
6430,41,3
6431,41,3
6432,41,3
6433,41,3
6434,41,3
6435,41,3
6436,41,3
6437,41,3
6438,41,3
6439,41,3
6440,41,3
6441,41,3
6442,41,3
6443,41,3
6444,41,3
6445,41,3
6446,41,3
6447,41,3
6448,41,3
6449,41,3
6450,41,3
6451,41,3
6452,41,3
6453,41,3
6454,41,3
6455,41,3
6456,41,3
6457,41,3
6458,41,3
6459,41,3
6460,41,3
6461,41,3
6462,41,3
6463,41,3
6464,41,3
6465,41,3
6466,41,3
6467,41,3
6468,41,3
6469,41,3
6470,42,3
6471,42,3
6472,43,3
6473,43,3
6474,43,3
6475,43,3
6476,43,3
6477,43,3
6478,43,3
6479,43,3
6480,43,3
6481,43,3
6482,42,3
6483,42,3
6484,42,3
6485,42,3
6486,42,3
6487,42,3
6488,42,3
6489,42,3
6490,42,3
6491,42,3
6492,42,3
6493,42,3
6494,42,3
6495,42,3
6496,42,3
6497,42,3
6498,42,3
6499,42,3
6500,42,3
6501,42,3
6502,43,3
6503,43,3
6504,43,3
6505,42,3
6506,42,3
6507,42,3
6508,42,3
6509,42,3
6510,42,3
6511,42,3
6512,42,3
6513,42,3
6514,42,3
6515,42,3
6516,42,3
6517,42,3
6518,42,3
6519,42,3
6520,42,3
6521,42,3
6522,42,3
6523,42,3
6524,42,3
6525,42,3
6526,42,3
6527,42,3
6528,42,3
6529,42,3
6530,42,3
6531,42,3
6532,42,3
6533,42,3
6534,42,3
6535,41,3
6536,41,3
6537,41,3
6538,41,3
6539,41,3
6540,41,3
6541,41,3
6542,41,3
6543,41,3
6544,41,3
6545,41,3
6546,41,3
6547,41,3
6548,41,3
6549,41,3
6550,41,3
6551,41,3
6552,41,3
6553,41,3
6554,41,3
6555,41,3
6556,41,3
6557,41,3
6558,41,3
6559,41,3
6560,41,3
6561,41,3
6562,41,3
6563,41,3
6564,41,3
6565,40,3
6566,40,3
6567,40,3
6568,40,3
6569,40,3
6570,40,3
6571,40,3
6572,40,3
6573,40,3
6574,40,3
6575,40,3
6576,40,3
6577,40,3
6578,40,3
6579,41,3
6580,41,3
6581,41,3
6582,41,3
6583,41,3
6584,41,3
6585,41,3
6586,41,3
6587,41,3
6588,41,3
6589,41,3
6590,41,3
6591,41,3
6592,41,3
6593,41,3
6594,41,3
6595,41,3
6596,41,3
6597,41,3
6598,41,3
6599,41,3
6600,41,3
6601,40,3
6602,40,3
6603,40,3
6604,40,3
6605,40,3
6606,40,3
6607,40,3
6608,40,3
6609,40,3
6610,40,3
6611,40,3
6612,40,3
6613,40,3
6614,40,3
6615,40,3
6616,40,3
6617,40,3
6618,40,3
6619,40,3
6620,40,3
6621,40,3
6622,40,3
6623,40,3
6624,40,3
6625,40,3
6626,40,3
6627,41,3
6628,41,3
6629,41,3
6630,41,3
6631,41,3
6632,41,3
6633,41,3
6634,41,3
6635,41,3
6636,41,3
6637,41,3
6638,41,3
6639,41,3
6640,41,3
6641,41,3
6642,41,3
6643,41,3
6644,41,3
6645,41,3
6646,41,3
6647,41,3
6648,41,3
6649,41,3
6650,41,3
6651,41,3
6652,41,3
6653,41,3
6654,41,3
6655,41,3
6656,41,3
6657,41,3
6658,41,3
6659,41,3
6660,41,3
6661,41,3
6662,41,3
6663,41,3
6664,41,3
6665,41,3
6666,41,3
6667,41,3
6668,41,3
6669,41,3
6670,41,3
6671,41,3
6672,41,3
6673,41,3
6674,41,3
6675,41,3
6676,41,3
6677,41,3
6678,41,3
6679,41,3
6680,41,3
6681,41,3
6682,41,3
6683,41,3
6684,41,3
6685,42,3
6686,42,3
6687,43,3
6688,43,3
6689,43,3
6690,43,3
6691,43,3
6692,43,3
6693,43,3
6694,43,3
6695,43,3
6696,43,3
6697,43,3
6698,43,3
6699,42,3
6700,42,3
6701,42,3
6702,42,3
6703,42,3
6704,42,3
6705,42,3
6706,42,3
6707,42,3
6708,42,3
6709,42,3
6710,42,3
6711,42,3
6712,42,3
6713,42,3
6714,42,3
6715,42,3
6716,42,3
6717,42,3
6718,42,3
6719,42,3
6720,42,3
6721,42,3
6722,42,3
6723,42,3
6724,42,3
6725,42,3
6726,42,3
6727,42,3
6728,42,3
6729,42,3
6730,42,3
6731,42,3
6732,42,3
6733,42,3
6734,42,3
6735,42,3
6736,42,3
6737,42,3
6738,42,3
6739,42,3
6740,42,3
6741,42,3
6742,42,3
6743,42,3
6744,42,3
6745,42,3
6746,42,3
6747,42,3
6748,42,3
6749,42,3
6750,42,3
6751,43,3
6752,43,3
6753,43,3
6754,43,3
6755,43,3
6756,43,3
6757,43,3
6758,43,3
6759,43,3
6760,43,3
6761,43,3
6762,43,3
6763,43,3
6764,43,3
6765,43,3
6766,43,3
6767,43,3
6768,43,3
6769,43,3
6770,43,3
6771,43,3
6772,43,3
6773,43,3
6774,43,3
6775,43,3
6776,43,3
6777,43,3
6778,43,3
6779,43,3
6780,43,3
6781,43,3
6782,43,3
6783,43,3
6784,43,3
6785,43,3
6786,43,3
6787,43,3
6788,43,3
6789,43,3
6790,43,3
6791,43,3
6792,43,3
6793,43,3
6794,43,3
6795,43,3
6796,43,3
6797,44,3
6798,44,3
6799,44,3
6800,44,3
6801,44,3
6802,44,3
6803,44,3
6804,44,3
6805,44,3
6806,44,3
6807,44,3
6808,44,3
6809,44,3
6810,44,3
6811,45,3
6812,45,3
6813,45,3
6814,45,3
6815,45,3
6816,45,3
6817,45,3
6818,45,3
6819,45,3
6820,45,3
6821,45,3
6822,45,3
6823,45,3
6824,45,3
6825,46,3
6826,46,3
6827,46,3
6828,46,3
6829,46,3
6830,46,3
6831,46,3
6832,46,3
6833,46,3
6834,46,3
6835,46,3
6836,46,3
6837,46,3
6838,46,3
6839,46,3
6840,46,3
6841,46,3
6842,46,3
6843,46,3
6844,46,3
6845,46,3
6846,46,3
6847,46,3
6848,46,3
6849,46,3
6850,46,3
6851,46,3
6852,46,3
6853,46,3
6854,46,3
6855,46,3
6856,46,3
6857,46,3
6858,46,3
6859,46,3
6860,46,3
6861,46,3
6862,46,3
6863,46,3
6864,46,3
6865,46,3
6866,45,3
6867,45,3
6868,45,3
6869,45,3
6870,45,3
6871,45,3
6872,45,3
6873,45,3
6874,45,3
6875,45,3
6876,45,3
6877,45,3
6878,45,3
6879,45,3
6880,45,3
6881,45,3
6882,45,3
6883,45,3
6884,45,3
6885,45,3
6886,44,3
6887,44,3
6888,44,3
6889,44,3
6890,44,3
6891,45,3
6892,45,3
6893,45,3
6894,45,3
6895,45,3
6896,45,3
6897,45,3
6898,45,3
6899,45,3
6900,45,3
6901,45,3
6902,45,3
6903,45,3
6904,46,3
6905,46,3
6906,46,3
6907,46,3
6908,46,3
6909,46,3
6910,46,3
6911,46,3
6912,46,3
6913,46,3
6914,46,3
6915,46,3
6916,46,3
6917,46,3
6918,46,3
6919,46,3
6920,46,3
6921,46,3
6922,46,3
6923,46,3
6924,46,3
6925,46,3
6926,46,3
6927,46,3
6928,46,3
6929,46,3
6930,46,3
6931,46,3
6932,46,3
6933,46,3
6934,46,3
6935,46,3
6936,46,3
6937,46,3
6938,46,3
6939,46,3
6940,46,3
6941,46,3
6942,46,3
6943,46,3
6944,46,3
6945,46,3
6946,46,3
6947,46,3
6948,46,3
6949,46,3
6950,46,3
6951,46,3
6952,46,3
6953,46,3
6954,46,3
6955,46,3
6956,46,3
6957,46,3
6958,46,3
6959,46,3
6960,46,3
6961,46,3
6962,46,3
6963,46,3
6964,46,3
6965,46,3
6966,46,3
6967,46,3
6968,46,3
6969,46,3
6970,46,3
6971,46,3
6972,46,3
6973,46,3
6974,46,3
6975,46,3
6976,46,3
6977,46,3
6978,46,3
6979,46,3
6980,46,3
6981,46,3
6982,46,3
6983,46,3
6984,46,3
6985,46,3
6986,46,3
6987,46,3
6988,46,3
6989,46,3
6990,46,3
6991,46,3
6992,46,3
6993,46,3
6994,46,3
6995,46,3
6996,46,3
6997,46,3
6998,46,3
6999,46,3
7000,46,3
7001,46,3
7002,46,3
7003,46,3
7004,46,3
7005,46,3
7006,46,3
7007,46,3
7008,45,3
7009,45,3
7010,45,3
7011,45,3
7012,45,3
7013,45,3
7014,45,3
7015,45,3
7016,45,3
7017,45,3
7018,45,3
7019,45,3
7020,45,3
7021,45,3
7022,45,3
7023,45,3
7024,45,3
7025,45,3
7026,45,3
7027,45,3
7028,45,3
7029,45,3
7030,45,3
7031,45,3
7032,45,3
7033,46,3
7034,46,3
7035,46,3
7036,46,3
7037,46,3
7038,46,3
7039,46,3
7040,46,3
7041,46,3
7042,46,3
7043,46,3
7044,46,3
7045,46,3
7046,46,3
7047,46,3
7048,46,3
7049,46,3
7050,46,3
7051,46,3
7052,46,3
7053,46,3
7054,46,3
7055,46,3
7056,46,3
7057,47,4
7058,47,4
7059,47,4
7060,47,4
7061,47,4
7062,47,4
7063,47,4
7064,47,4
7065,47,4
7066,47,4
7067,47,4
7068,47,4
7069,47,4
7070,47,4
7071,47,4
7072,47,4
7073,47,4
7074,47,4
7075,47,4
7076,47,4
7077,47,4
7078,47,4
7079,47,4
7080,47,4
7081,47,4
7082,47,4
7083,47,4
7084,47,4
7085,47,4
7086,47,4
7087,47,4
7088,47,4
7089,47,4
7090,47,4
7091,47,4
7092,47,4
7093,47,4
7094,47,4
7095,47,4
7096,47,4
7097,47,4
7098,47,4
7099,47,4
7100,47,4
7101,47,4
7102,47,4
7103,47,4
7104,47,4
7105,47,4
7106,47,4
7107,47,4
7108,47,4
7109,47,4
7110,47,4
7111,47,4
7112,47,4
7113,47,4
7114,47,4
7115,47,4
7116,47,4
7117,47,4
7118,47,4
7119,47,4
7120,47,4
7121,47,4
7122,47,4
7123,47,4
7124,47,4
7125,47,4
7126,47,4
7127,47,4
7128,47,4
7129,47,4
7130,47,4
7131,47,4
7132,47,4
7133,47,4
7134,47,4
7135,47,4
7136,47,4
7137,47,4
7138,47,4
7139,47,4
7140,47,4
7141,47,4
7142,47,4
7143,47,4
7144,47,4
7145,47,4
7146,47,4
7147,47,4
7148,47,4
7149,47,4
7150,47,4
7151,47,4
7152,47,4
7153,47,4
7154,47,4
7155,47,4
7156,47,4
7157,48,4
7158,48,4
7159,48,4
7160,48,4
7161,48,4
7162,48,4
7163,48,4
7164,48,4
7165,48,4
7166,48,4
7167,48,4
7168,48,4
7169,48,4
7170,48,4
7171,48,4
7172,48,4
7173,47,4
7174,47,4
7175,47,4
7176,47,4
7177,47,4
7178,47,4
7179,47,4
7180,47,4
7181,47,4
7182,47,4
7183,47,4
7184,47,4
7185,48,5
7186,48,5
7187,48,5
7188,48,5
7189,48,5
7190,48,5
7191,48,5
7192,48,5
7193,48,5
7194,49,5
7195,49,5
7196,49,5
7197,49,5
7198,49,5
7199,49,5
7200,49,5
7201,49,5
7202,49,5
7203,49,5
7204,49,5
7205,49,5
7206,49,5
7207,49,5
7208,49,5
7209,49,5
7210,49,5
7211,49,5
7212,49,5
7213,49,5
7214,49,5
7215,49,5
7216,50,5
7217,50,5
7218,50,5
7219,50,5
7220,50,5
7221,50,5
7222,50,5
7223,50,5
7224,50,5
7225,50,5
7226,50,5
7227,50,5
7228,50,5
7229,50,5
7230,50,5
7231,50,5
7232,50,5
7233,50,5
7234,50,5
7235,50,5
7236,50,5
7237,50,5
7238,50,5
7239,50,5
7240,50,5
7241,50,5
7242,50,5
7243,50,5
7244,50,5
7245,50,5
7246,50,5
7247,50,5
7248,50,5
7249,50,5
7250,50,5
7251,50,5
7252,50,5
7253,50,5
7254,50,5
7255,50,5
7256,50,5
7257,50,5
7258,50,5
7259,50,5
7260,50,5
7261,50,5
7262,51,5
7263,51,5
7264,52,5
7265,52,5
7266,52,5
7267,52,5
7268,52,5
7269,52,5
7270,52,5
7271,52,5
7272,52,5
7273,53,5
7274,53,5
7275,53,5
7276,53,5
7277,53,5
7278,53,5
7279,53,5
7280,53,5
7281,53,5
7282,53,5
7283,53,5
7284,53,5
7285,53,5
7286,53,5
7287,53,5
7288,53,5
7289,53,5
7290,53,5
7291,53,5
7292,53,5
7293,53,5
7294,53,5
7295,53,5
7296,53,5
7297,53,5
7298,53,5
7299,53,5
7300,53,5
7301,53,5
7302,53,5
7303,53,5
7304,53,5
7305,53,5
7306,53,5
7307,53,5
7308,53,5
7309,53,5
7310,53,5
7311,53,5
7312,53,5
7313,53,5
7314,53,5
7315,53,5
7316,54,5
7317,54,5
7318,54,5
7319,54,5
7320,54,5
7321,54,5
7322,54,5
7323,54,5
7324,54,5
7325,54,5
7326,54,5
7327,54,5
7328,54,5
7329,54,5
7330,54,5
7331,54,5
7332,54,5
7333,54,5
7334,54,5
7335,54,5
7336,54,5
7337,54,5
7338,54,5
7339,54,5
7340,54,5
7341,54,5
7342,54,5
7343,54,5
7344,54,5
7345,54,5
7346,54,5
7347,54,5
7348,54,5
7349,54,5
7350,54,5
7351,54,5
7352,54,5
7353,54,5
7354,54,5
7355,54,5
7356,54,5
7357,54,5
7358,54,5
7359,54,5
7360,54,5
7361,54,5
7362,54,5
7363,54,5
7364,54,5
7365,54,5
7366,53,5
7367,53,5
7368,53,5
7369,53,5
7370,53,5
7371,53,5
7372,53,5
7373,53,5
7374,53,5
7375,53,5
7376,53,5
7377,53,5
7378,53,5
7379,53,5
7380,53,5
7381,53,5
7382,53,5
7383,53,5
7384,53,5
7385,53,5
7386,53,5
7387,53,5
7388,53,5
7389,53,5
7390,53,5
7391,53,5
7392,53,5
7393,53,5
7394,53,5
7395,53,5
7396,54,5
7397,54,5
7398,54,5
7399,54,5
7400,54,5
7401,54,5
7402,54,5
7403,54,5
7404,54,5
7405,54,5
7406,54,5
7407,54,5
7408,54,5
7409,54,5
7410,54,5
7411,54,5
7412,54,5
7413,54,5
7414,54,5
7415,54,5
7416,54,5
7417,54,5
7418,54,5
7419,54,5
7420,54,5
7421,54,5
7422,54,5
7423,54,5
7424,54,5
7425,54,5
7426,54,5
7427,54,5
7428,54,5
7429,54,5
7430,54,5
7431,54,5
7432,54,5
7433,54,5
7434,54,5
7435,54,5
7436,54,5
7437,54,5
7438,54,5
7439,54,5
7440,54,5
7441,54,5
7442,54,5
7443,54,5
7444,54,5
7445,54,5
7446,54,5
7447,54,5
7448,54,5
7449,54,5
7450,54,5
7451,54,5
7452,54,5
7453,54,5
7454,54,5
7455,54,5
7456,54,5
7457,54,5
7458,54,5
7459,54,5
7460,54,5
7461,54,5
7462,54,5
7463,54,5
7464,54,5
7465,54,5
7466,54,5
7467,54,5
7468,54,5
7469,54,5
7470,54,5
7471,54,5
7472,54,5
7473,54,5
7474,54,5
7475,54,5
7476,54,5
7477,54,5
7478,54,5
7479,54,5
7480,54,5
7481,54,5
7482,54,5
7483,54,5
7484,54,5
7485,54,5
7486,54,5
7487,54,5
7488,54,5
7489,54,5
7490,54,5
7491,54,5
7492,54,5
7493,54,5
7494,55,5
7495,55,5
7496,55,5
7497,55,5
7498,55,5
7499,55,5
7500,55,5
7501,55,5
7502,55,5
7503,55,5
7504,55,5
7505,55,5
7506,55,5
7507,55,5
7508,55,5
7509,55,5
7510,55,5
7511,55,5
7512,55,5
7513,55,5
7514,55,5
7515,55,5
7516,55,5
7517,55,5
7518,55,5
7519,55,5
7520,55,5
7521,55,5
7522,55,5
7523,54,4
7524,54,4
7525,54,4
7526,54,4
7527,54,4
7528,54,4
7529,54,4
7530,54,4
7531,54,4
7532,54,4
7533,54,4
7534,54,4
7535,54,4
7536,53,4
7537,53,4
7538,53,4
7539,53,4
7540,53,4
7541,53,4
7542,54,4
7543,54,4
7544,54,4
7545,54,4
7546,54,4
7547,54,4
7548,54,4
7549,54,4
7550,54,4
7551,54,4
7552,54,4
7553,54,4
7554,54,4
7555,54,4
7556,54,4
7557,54,4
7558,54,4
7559,54,4
7560,54,4
7561,54,4
7562,54,4
7563,54,4
7564,54,4
7565,54,4
7566,54,4
7567,54,4
7568,54,4
7569,54,4
7570,55,4
7571,55,4
7572,55,4
7573,55,4
7574,55,4
7575,55,4
7576,55,4
7577,55,4
7578,55,4
7579,55,4
7580,55,4
7581,55,4
7582,55,4
7583,55,4
7584,55,4
7585,55,4
7586,55,4
7587,55,4
7588,55,4
7589,55,4
7590,55,4
7591,55,4
7592,55,4
7593,55,4
7594,55,4
7595,55,4
7596,55,4
7597,55,4
7598,55,4
7599,55,4
7600,55,4
7601,55,4
7602,55,4
7603,55,4
7604,55,4
7605,55,4
7606,55,4
7607,55,4
7608,55,4
7609,55,4
7610,55,4
7611,55,4
7612,55,4
7613,55,4
7614,55,4
7615,55,4
7616,55,4
7617,55,4
7618,55,4
7619,55,4
7620,55,4
7621,55,4
7622,54,4
7623,54,4
7624,54,4
7625,54,4
7626,54,4
7627,54,4
7628,54,4
7629,54,4
7630,54,4
7631,54,4
7632,54,4
7633,54,4
7634,54,4
7635,53,4
7636,53,4
7637,53,4
7638,53,4
7639,53,4
7640,53,4
7641,53,4
7642,53,4
7643,53,4
7644,53,4
7645,53,4
7646,53,4
7647,53,4
7648,53,4
7649,53,4
7650,53,4
7651,53,4
7652,53,4
7653,53,4
7654,53,4
7655,53,4
7656,54,4
7657,54,4
7658,54,4
7659,54,4
7660,55,4
7661,55,4
7662,55,4
7663,55,4
7664,55,4
7665,55,4
7666,55,4
7667,55,4
7668,55,4
7669,55,4
7670,55,4
7671,55,4
7672,55,4
7673,55,4
7674,55,4
7675,55,4
7676,55,4
7677,55,4
7678,55,4
7679,55,4
7680,55,4
7681,55,4
7682,55,4
7683,55,4
7684,55,4
7685,55,4
7686,55,4
7687,55,4
7688,55,4
7689,55,4
7690,55,4
7691,55,4
7692,55,4
7693,55,4
7694,55,4
7695,55,4
7696,55,4
7697,55,4
7698,55,4
7699,55,4
7700,55,4
7701,55,4
7702,56,4
7703,56,4
7704,56,4
7705,56,4
7706,56,4
7707,56,4
7708,56,4
7709,56,4
7710,56,4
7711,56,4
7712,56,4
7713,56,4
7714,56,4
7715,56,4
7716,56,4
7717,56,4
7718,56,4
7719,56,4
7720,56,4
7721,56,4
7722,56,4
7723,56,4
7724,56,4
7725,56,4
7726,56,4
7727,56,4
7728,56,4
7729,56,4
7730,56,4
7731,56,4
7732,56,4
7733,56,4
7734,55,4
7735,54,4
7736,54,4
7737,54,4
7738,54,4
7739,54,4
7740,54,4
7741,54,4
7742,54,4
7743,54,4
7744,54,4
7745,54,4
7746,54,4
7747,54,4
7748,54,4
7749,54,4
7750,54,4
7751,54,4
7752,54,4
7753,54,4
7754,54,4
7755,54,4
7756,53,4
7757,53,4
7758,53,4
7759,53,4
7760,53,4
7761,53,4
7762,53,4
7763,53,4
7764,53,4
7765,53,4
7766,53,4
7767,52,4
7768,52,4
7769,52,4
7770,52,4
7771,52,4
7772,52,4
7773,52,4
7774,52,4
7775,52,4
7776,52,4
7777,52,4
7778,52,4
7779,52,4
7780,52,4
7781,52,4
7782,52,4
7783,52,4
7784,52,4
7785,52,4
7786,52,4
7787,52,4
7788,52,4
7789,51,4
7790,51,4
7791,51,4
7792,51,4
7793,51,4
7794,51,4
7795,51,4
7796,51,4
7797,51,4
7798,51,4
7799,51,4
7800,51,4
7801,51,4
7802,51,4
7803,51,4
7804,51,4
7805,51,4
7806,51,4
7807,52,4
7808,52,4
7809,52,4
7810,52,4
7811,52,4
7812,52,4
7813,52,4
7814,52,4
7815,52,4
7816,52,4
7817,52,4
7818,52,4
7819,52,4
7820,52,4
7821,52,4
7822,52,4
7823,52,4
7824,52,4
7825,52,4
7826,52,4
7827,52,4
7828,52,4
7829,52,4
7830,52,4
7831,52,4
7832,52,4
7833,52,4
7834,52,4
7835,52,4
7836,52,4
7837,52,4
7838,52,4
7839,52,4
7840,52,4
7841,52,4
7842,52,4
7843,52,4
7844,52,4
7845,52,4
7846,52,4
7847,53,4
7848,53,4
7849,53,4
7850,53,4
7851,53,4
7852,53,4
7853,53,4
7854,53,4
7855,53,4
7856,53,4
7857,53,4
7858,53,4
7859,53,4
7860,53,4
7861,53,4
7862,53,4
7863,53,4
7864,53,4
7865,54,4
7866,54,4
7867,54,4
7868,54,4
7869,54,4
7870,54,4
7871,54,4
7872,54,4
7873,54,4
7874,54,4
7875,54,4
7876,54,4
7877,54,4
7878,54,4
7879,54,4
7880,54,4
7881,54,4
7882,54,4
7883,54,4
7884,54,4
7885,54,4
7886,54,4
7887,54,4
7888,54,4
7889,54,4
7890,54,4
7891,54,4
7892,54,4
7893,54,4
7894,54,4
7895,53,4
7896,53,4
7897,53,4
7898,53,4
7899,53,4
7900,53,4
7901,53,4
7902,52,4
7903,52,4
7904,52,4
7905,52,4
7906,52,4
7907,52,4
7908,52,4
7909,52,4
7910,52,4
7911,52,4
7912,52,4
7913,52,4
7914,52,4
7915,52,4
7916,52,4
7917,52,4
7918,52,4
7919,52,4
7920,52,4
7921,52,4
7922,52,4
7923,52,4
7924,52,4
7925,52,4
7926,52,4
7927,52,4
7928,51,4
7929,51,4
7930,51,4
7931,51,4
7932,51,4
7933,51,4
7934,51,4
7935,50,4
7936,50,4
7937,50,4
7938,50,4
7939,50,4
7940,50,4
7941,50,4
7942,50,4
7943,50,4
7944,50,4
7945,50,4
7946,50,4
7947,50,4
7948,50,4
7949,50,4
7950,50,4
7951,50,4
7952,50,4
7953,50,4
7954,50,4
7955,50,4
7956,50,4
7957,50,4
7958,50,4
7959,50,4
7960,50,4
7961,50,4
7962,50,4
7963,50,4
7964,50,4
7965,50,4
7966,50,4
7967,50,4
7968,50,4
7969,50,4
7970,49,4
7971,49,4
7972,49,4
7973,49,4
7974,49,4
7975,49,4
7976,49,4
7977,49,4
7978,49,4
7979,49,4
7980,49,4
7981,49,4
7982,49,4
7983,49,4
7984,49,4
7985,49,4
7986,49,4
7987,49,4
7988,49,4
7989,49,4
7990,50,4
7991,50,4
7992,50,4
7993,50,4
7994,50,4
7995,50,4
7996,49,4
7997,49,4
7998,49,4
7999,49,4
8000,49,4
8001,49,4
8002,49,4
8003,49,4
8004,49,4
8005,49,4
8006,49,4
8007,49,4
8008,49,4
8009,49,4
8010,49,4
8011,49,4
8012,50,4
8013,50,4
8014,50,4
8015,50,4
8016,50,4
8017,50,4
8018,50,4
8019,50,4
8020,50,4
8021,50,4
8022,50,4
8023,50,4
8024,50,4
8025,50,4
8026,51,4
8027,51,4
8028,51,4
8029,51,4
8030,51,4
8031,51,4
8032,51,4
8033,51,4
8034,51,4
8035,51,4
8036,50,4
8037,50,4
8038,50,4
8039,50,4
8040,50,4
8041,50,4
8042,50,4
8043,50,4
8044,50,4
8045,50,4
8046,50,4
8047,50,4
8048,50,4
8049,50,4
8050,50,4
8051,50,4
8052,50,4
8053,50,4
8054,50,4
8055,50,4
8056,50,4
8057,50,4
8058,50,4
8059,51,4
8060,51,4
8061,52,4
8062,52,4
8063,52,4
8064,52,4
8065,52,4
8066,52,4
8067,52,4
8068,52,4
8069,52,4
8070,52,4
8071,52,4
8072,52,4
8073,52,4
8074,52,4
8075,52,4
8076,52,4
8077,52,4
8078,52,4
8079,52,4
8080,52,4
8081,52,4
8082,52,4
8083,52,4
8084,52,4
8085,52,4
8086,52,4
8087,52,4
8088,52,4
8089,52,4
8090,52,4
8091,52,4
8092,52,4
8093,52,4
8094,52,4
8095,51,3
8096,51,3
8097,51,3
8098,51,3
8099,51,3
8100,51,3
8101,51,3
8102,51,3
8103,51,3
8104,51,3
8105,51,3
8106,51,3
8107,51,3
8108,51,3
8109,51,3
8110,51,3
8111,51,3
8112,51,3
8113,51,3
8114,51,3
8115,51,3
8116,51,3
8117,51,3
8118,51,3
8119,51,3
8120,51,3
8121,51,3
8122,51,3
8123,51,3
8124,51,3
8125,51,3
8126,51,3
8127,51,3
8128,51,3
8129,51,3
8130,51,3
8131,51,3
8132,51,3
8133,52,3
8134,52,3
8135,53,3
8136,53,3
8137,53,3
8138,53,3
8139,53,3
8140,53,3
8141,53,3
8142,53,3
8143,54,3
8144,54,3
8145,54,3
8146,54,3
8147,54,3
8148,54,3
8149,54,3
8150,54,3
8151,54,3
8152,54,3
8153,54,3
8154,54,3
8155,54,3
8156,54,3
8157,54,3
8158,54,3
8159,54,3
8160,54,3
8161,54,3
8162,54,3
8163,53,3
8164,53,3
8165,53,3
8166,53,3
8167,53,3
8168,53,3
8169,53,3
8170,53,3
8171,53,3
8172,53,3
8173,53,3
8174,53,3
8175,54,3
8176,54,3
8177,54,3
8178,54,3
8179,54,3
8180,54,3
8181,54,3
8182,54,3
8183,54,3
8184,54,3
8185,55,3
8186,55,3
8187,55,3
8188,55,3
8189,55,3
8190,55,3
8191,55,3
8192,55,3
8193,55,3
8194,55,3
8195,55,3
8196,55,3
8197,55,3
8198,55,3
8199,55,3
8200,55,3
8201,55,3
8202,55,3
8203,54,3
8204,54,3
8205,54,3
8206,54,3
8207,54,3
8208,54,3
8209,54,3
8210,54,3
8211,54,3
8212,54,3
8213,54,3
8214,54,3
8215,54,3
8216,54,3
8217,54,3
8218,54,3
8219,54,3
8220,54,3
8221,54,3
8222,54,3
8223,54,3
8224,54,3
8225,54,3
8226,54,3
8227,54,3
8228,54,3
8229,54,3
8230,54,3
8231,54,3
8232,54,3
8233,54,3
8234,54,3
8235,54,3
8236,54,3
8237,54,3
8238,54,3
8239,54,3
8240,54,3
8241,54,3
8242,54,3
8243,54,3
8244,54,3
8245,54,3
8246,54,3
8247,54,3
8248,54,3
8249,54,3
8250,54,3
8251,54,3
8252,54,3
8253,54,3
8254,55,3
8255,55,3
8256,56,3
8257,56,3
8258,56,3
8259,56,3
8260,56,3
8261,56,3
8262,55,3
8263,55,3
8264,55,3
8265,55,3
8266,55,3
8267,55,3
8268,55,3
8269,55,3
8270,55,3
8271,54,3
8272,54,3
8273,54,3
8274,54,3
8275,54,3
8276,54,3
8277,54,3
8278,54,3
8279,54,3
8280,54,3
8281,54,3
8282,54,3
8283,54,3
8284,54,3
8285,54,3
8286,54,3
8287,54,3
8288,54,3
8289,54,3
8290,54,3
8291,54,3
8292,54,3
8293,54,3
8294,54,3
8295,54,3
8296,54,3
8297,54,3
8298,54,3
8299,54,3
8300,54,3
8301,54,3
8302,54,3
8303,54,3
8304,54,3
8305,54,3
8306,54,3
8307,54,3
8308,54,3
8309,54,3
8310,54,3
8311,55,3
8312,55,3
8313,55,3
8314,55,3
8315,55,3
8316,55,3
8317,55,3
8318,55,3
8319,55,3
8320,55,3
8321,55,3
8322,55,3
8323,55,3
8324,55,3
8325,55,3
8326,55,3
8327,55,3
8328,55,3
8329,55,3
8330,55,3
8331,55,3
8332,55,3
8333,55,3
8334,55,3
8335,55,3
8336,55,3
8337,55,3
8338,55,3
8339,55,3
8340,55,3
8341,55,3
8342,55,3
8343,55,3
8344,55,3
8345,55,3
8346,55,3
8347,55,3
8348,55,3
8349,55,3
8350,55,3
8351,55,3
8352,55,3
8353,55,3
8354,55,3
8355,55,3
8356,55,3
8357,55,3
8358,55,3
8359,55,3
8360,55,3
8361,55,3
8362,55,3
8363,55,3
8364,55,3
8365,55,3
8366,55,3
8367,55,3
8368,55,3
8369,55,3
8370,54,3
8371,54,3
8372,54,3
8373,54,3
8374,54,3
8375,54,3
8376,54,3
8377,54,3
8378,54,3
8379,54,3
8380,54,3
8381,54,3
8382,54,3
8383,54,3
8384,54,3
8385,54,3
8386,54,3
8387,54,3
8388,54,3
8389,55,3
8390,55,3
8391,55,3
8392,55,3
8393,55,3
8394,54,3
8395,54,3
8396,54,3
8397,54,3
8398,54,3
8399,54,3
8400,54,3
8401,54,3
8402,54,3
8403,54,3
8404,54,3
8405,54,3
8406,54,3
8407,54,3
8408,54,3
8409,54,3
8410,54,3
8411,54,3
8412,54,3
8413,54,3
8414,54,3
8415,55,3
8416,55,3
8417,55,3
8418,55,3
8419,55,3
8420,55,3
8421,55,3
8422,55,3
8423,55,3
8424,55,3
8425,55,3
8426,55,3
8427,55,3
8428,55,3
8429,55,3
8430,55,3
8431,55,3
8432,55,3
8433,55,3
8434,55,3
8435,55,3
8436,55,3
8437,55,3
8438,55,3
8439,55,3
8440,55,3
8441,55,3
8442,55,3
8443,55,3
8444,55,3
8445,55,3
8446,55,3
8447,55,3
8448,55,3
8449,55,3
8450,55,3
8451,55,3
8452,55,3
8453,55,3
8454,55,3
8455,55,3
8456,55,3
8457,55,3
8458,55,3
8459,55,3
8460,54,3
8461,54,3
8462,54,3
8463,54,3
8464,54,3
8465,54,3
8466,54,3
8467,54,3
8468,54,3
8469,54,3
8470,54,3
8471,54,3
8472,54,3
8473,54,3
8474,54,3
8475,55,3
8476,55,3
8477,55,3
8478,55,3
8479,55,3
8480,55,3
8481,55,3
8482,55,3
8483,55,3
8484,55,3
8485,55,3
8486,55,3
8487,55,3
8488,55,3
8489,55,3
8490,55,3
8491,55,3
8492,55,3
8493,54,3
8494,54,3
8495,54,3
8496,54,3
8497,54,3
8498,54,3
8499,54,3
8500,54,3
8501,54,3
8502,54,3
8503,54,3
8504,54,3
8505,54,3
8506,54,3
8507,54,3
8508,54,3
8509,54,3
8510,54,3
8511,55,3
8512,54,3
8513,54,3
8514,54,3
8515,54,3
8516,54,3
8517,54,3
8518,54,3
8519,54,3
8520,54,3
8521,54,3
8522,54,3
8523,54,3
8524,54,3
8525,54,3
8526,53,3
8527,53,3
8528,53,3
8529,53,3
8530,53,3
8531,53,3
8532,53,3
8533,53,3
8534,53,3
8535,53,3
8536,53,3
8537,53,3
8538,53,3
8539,53,3
8540,53,3
8541,55,4
8542,55,4
8543,55,4
8544,55,4
8545,55,4
8546,55,4
8547,55,4
8548,55,4
8549,55,4
8550,55,4
8551,55,4
8552,55,4
8553,55,4
8554,55,4
8555,55,4
8556,55,4
8557,55,4
8558,55,4
8559,54,4
8560,54,4
8561,54,4
8562,54,4
8563,54,4
8564,54,4
8565,54,4
8566,54,4
8567,54,4
8568,54,4
8569,54,4
8570,54,4
8571,54,4
8572,54,4
8573,54,4
8574,54,4
8575,54,4
8576,54,4
8577,54,4
8578,54,4
8579,54,4
8580,54,4
8581,54,4
8582,54,4
8583,54,4
8584,54,4
8585,54,4
8586,54,4
8587,54,4
8588,54,4
8589,54,4
8590,54,4
8591,54,4
8592,53,4
8593,53,4
8594,53,4
8595,53,4
8596,53,4
8597,53,4
8598,52,4
8599,52,4
8600,52,4
8601,52,4
8602,52,4
8603,52,4
8604,52,4
8605,52,4
8606,52,4
8607,52,4
8608,52,4
8609,52,4
8610,52,4
8611,52,4
8612,52,4
8613,52,4
8614,52,4
8615,52,4
8616,52,4
8617,52,4
8618,52,4
8619,53,4
8620,53,4
8621,53,4
8622,53,4
8623,53,4
8624,53,4
8625,53,4
8626,53,4
8627,53,4
8628,53,4
8629,53,4
8630,53,4
8631,52,4
8632,52,4
8633,52,4
8634,52,4
8635,52,4
8636,52,4
8637,52,4
8638,52,4
8639,52,4
8640,52,4
8641,52,4
8642,52,4
8643,52,4
8644,52,4
8645,52,4
8646,51,4
8647,51,4
8648,51,4
8649,51,4
8650,51,4
8651,51,4
8652,51,4
8653,51,4
8654,51,4
8655,51,4
8656,51,4
8657,51,4
8658,51,4
8659,51,4
8660,51,4
8661,51,4
8662,51,4
8663,51,4
8664,50,4
8665,50,4
8666,50,4
8667,50,4
8668,50,4
8669,50,4
8670,50,4
8671,50,4
8672,50,4
8673,50,4
8674,50,4
8675,50,4
8676,50,4
8677,50,4
8678,50,4
8679,50,4
8680,50,4
8681,50,4
8682,50,4
8683,50,4
8684,50,4
8685,50,4
8686,50,4
8687,50,4
8688,50,4
8689,50,4
8690,50,4
8691,49,4
8692,49,4
8693,49,4
8694,49,4
8695,49,4
8696,49,4
8697,49,4
8698,49,4
8699,49,4
8700,49,4
8701,49,4
8702,49,4
8703,49,4
8704,49,4
8705,49,4
8706,49,4
8707,49,4
8708,49,4
8709,49,4
8710,49,4
8711,49,4
8712,49,4
8713,49,4
8714,49,4
8715,49,4
8716,49,4
8717,49,4
8718,49,4
8719,49,4
8720,49,4
8721,49,4
8722,50,4
8723,50,4
8724,49,3
8725,49,3
8726,49,3
8727,49,3
8728,50,3
8729,50,3
8730,50,3
8731,50,3
8732,50,3
8733,50,3
8734,50,3
8735,50,3
8736,50,3
8737,50,3
8738,50,3
8739,50,3
8740,50,3
8741,50,3
8742,50,3
8743,50,3
8744,50,3
8745,50,3
8746,50,3
8747,50,3
8748,50,3
8749,50,3
8750,50,3
8751,50,3
8752,50,3
8753,50,3
8754,50,3
8755,50,3
8756,50,3
8757,49,3
8758,49,3
8759,49,3
8760,49,3
8761,49,3
8762,49,3
8763,49,3
8764,49,3
8765,49,3
8766,49,3
8767,49,3
8768,49,3
8769,49,3
8770,49,3
8771,49,3
8772,49,3
8773,49,3
8774,49,3
8775,49,3
8776,49,3
8777,49,3
8778,49,3
8779,49,3
8780,49,3
8781,49,3
8782,49,3
8783,49,3
8784,49,3
8785,49,3
8786,49,3
8787,49,3
8788,49,3
8789,49,3
8790,49,3
8791,49,3
8792,49,3
8793,49,3
8794,49,3
8795,49,3
8796,49,3
8797,49,3
8798,49,3
8799,49,3
8800,49,3
8801,49,3
8802,49,3
8803,49,3
8804,49,3
8805,49,3
8806,49,3
8807,49,3
8808,49,3
8809,49,3
8810,49,3
8811,49,3
8812,49,3
8813,49,3
8814,49,3
8815,49,3
8816,49,3
8817,49,3
8818,49,3
8819,49,3
8820,49,3
8821,49,3
8822,49,3
8823,49,3
8824,49,3
8825,49,3
8826,49,3
8827,49,3
8828,49,3
8829,49,3
8830,49,3
8831,50,3
8832,49,3
8833,49,3
8834,49,3
8835,49,3
8836,49,3
8837,49,3
8838,49,3
8839,49,3
8840,49,3
8841,49,3
8842,49,3
8843,49,3
8844,49,3
8845,49,3
8846,49,3
8847,49,3
8848,49,3
8849,49,3
8850,49,3
8851,49,3
8852,49,3
8853,49,3
8854,49,3
8855,49,3
8856,49,3
8857,49,3
8858,49,3
8859,49,3
8860,49,3
8861,49,3
8862,49,3
8863,49,3
8864,49,3
8865,49,3
8866,49,3
8867,49,3
8868,49,3
8869,49,3
8870,49,3
8871,49,3
8872,49,3
8873,49,3
8874,49,3
8875,49,3
8876,49,3
8877,49,3
8878,49,3
8879,49,3
8880,48,3
8881,48,3
8882,48,3
8883,48,3
8884,48,3
8885,48,3
8886,48,3
8887,48,3
8888,48,3
8889,48,3
8890,48,3
8891,48,3
8892,48,3
8893,48,3
8894,48,3
8895,48,3
8896,48,3
8897,48,3
8898,48,3
8899,48,3
8900,48,3
8901,48,3
8902,48,3
8903,48,3
8904,48,3
8905,48,3
8906,48,3
8907,48,3
8908,48,3
8909,48,3
8910,48,3
8911,48,3
8912,48,3
8913,48,3
8914,48,3
8915,48,3
8916,48,3
8917,48,3
8918,48,3
8919,48,3
8920,48,3
8921,48,3
8922,48,3
8923,48,3
8924,48,3
8925,48,3
8926,48,3
8927,48,3
8928,48,3
8929,48,3
8930,48,3
8931,48,3
8932,48,3
8933,48,3
8934,48,3
8935,48,3
8936,48,3
8937,48,3
8938,48,3
8939,48,3
8940,48,3
8941,48,3
8942,48,3
8943,48,3
8944,48,3
8945,48,3
8946,48,3
8947,48,3
8948,48,3
8949,47,3
8950,47,3
8951,47,3
8952,47,3
8953,47,3
8954,47,3
8955,46,3
8956,46,3
8957,46,3
8958,46,3
8959,46,3
8960,46,3
8961,46,3
8962,46,3
8963,46,3
8964,46,3
8965,46,3
8966,46,3
8967,45,2
8968,45,2
8969,45,2
8970,45,2
8971,45,2
8972,45,2
8973,45,2
8974,45,2
8975,45,2
8976,45,2
8977,45,2
8978,45,2
8979,45,2
8980,45,2
8981,45,2
8982,45,2
8983,45,2
8984,45,2
8985,45,2
8986,45,2
8987,45,2
8988,44,2
8989,44,2
8990,44,2
8991,44,2
8992,44,2
8993,45,2
8994,45,2
8995,45,2
8996,45,2
8997,45,2
8998,45,2
8999,45,2
9000,45,2
9001,45,2
9002,45,2
9003,45,2
9004,45,2
9005,45,2
9006,45,2
9007,45,2
9008,45,2
9009,45,2
9010,45,2
9011,45,2
9012,45,2
9013,45,2
9014,45,2
9015,45,2
9016,45,2
9017,45,2
9018,45,2
9019,45,2
9020,45,2
9021,45,2
9022,45,2
9023,45,2
9024,45,2
9025,45,2
9026,45,2
9027,45,2
9028,45,2
9029,45,2
9030,45,2
9031,45,2
9032,45,2
9033,45,2
9034,45,2
9035,45,2
9036,45,2
9037,45,2
9038,46,2
9039,46,2
9040,46,2
9041,46,2
9042,46,2
9043,46,2
9044,46,2
9045,46,2
9046,46,2
9047,46,2
9048,46,2
9049,46,2
9050,46,2
9051,46,2
9052,46,2
9053,46,2
9054,46,2
9055,46,2
9056,46,2
9057,46,2
9058,46,2
9059,46,2
9060,46,2
9061,46,2
9062,46,2
9063,46,2
9064,46,2
9065,46,2
9066,46,2
9067,46,2
9068,46,2
9069,46,2
9070,46,2
9071,46,2
9072,46,2
9073,46,2
9074,46,2
9075,46,2
9076,46,2
9077,46,2
9078,46,2
9079,46,2
9080,46,2
9081,46,2
9082,46,2
9083,46,2
9084,46,2
9085,46,2
9086,46,2
9087,46,2
9088,46,2
9089,46,2
9090,46,2
9091,46,2
9092,46,2
9093,46,2
9094,46,2
9095,46,2
9096,46,2
9097,46,2
9098,46,2
9099,46,2
9100,46,2
9101,46,2
9102,46,2
9103,46,2
9104,46,2
9105,46,2
9106,46,2
9107,46,2
9108,46,2
9109,46,2
9110,46,2
9111,46,2
9112,46,2
9113,46,2
9114,46,2
9115,46,2
9116,46,2
9117,46,2
9118,46,2
9119,46,2
9120,45,2
9121,45,2
9122,45,2
9123,45,2
9124,45,2
9125,45,2
9126,45,2
9127,45,2
9128,45,2
9129,45,2
9130,45,2
9131,45,2
9132,45,2
9133,45,2
9134,45,2
9135,45,2
9136,45,2
9137,45,2
9138,45,2
9139,45,2
9140,45,2
9141,45,2
9142,45,2
9143,45,2
9144,45,2
9145,45,2
9146,45,2
9147,44,2
9148,44,2
9149,44,2
9150,44,2
9151,44,2
9152,44,2
9153,44,2
9154,44,2
9155,44,2
9156,44,2
9157,45,2
9158,45,2
9159,45,2
9160,45,2
9161,45,2
9162,45,2
9163,45,2
9164,46,2
9165,46,2
9166,46,2
9167,46,2
9168,46,2
9169,46,2
9170,46,2
9171,46,2
9172,46,2
9173,46,2
9174,46,2
9175,46,2
9176,46,2
9177,46,2
9178,46,2
9179,46,2
9180,46,2
9181,46,2
9182,46,2
9183,46,2
9184,46,2
9185,46,2
9186,46,2
9187,46,2
9188,46,2
9189,46,2
9190,46,2
9191,46,2
9192,46,2
9193,47,2
9194,47,2
9195,47,2
9196,47,2
9197,47,2
9198,47,2
9199,47,2
9200,47,2
9201,47,2
9202,47,2
9203,47,2
9204,47,2
9205,47,2
9206,47,2
9207,47,2
9208,47,2
9209,47,2
9210,47,2
9211,47,2
9212,47,2
9213,47,2
9214,47,2
9215,47,2
9216,48,2
9217,49,2
9218,49,2
9219,49,2
9220,49,2
9221,49,2
9222,49,2
9223,49,2
9224,49,2
9225,49,2
9226,49,2
9227,49,2
9228,49,2
9229,49,2
9230,49,2
9231,49,2
9232,49,2
9233,49,2
9234,49,2
9235,49,2
9236,49,2
9237,49,2
9238,49,2
9239,49,2
9240,49,2
9241,49,2
9242,49,2
9243,49,2
9244,49,2
9245,49,2
9246,49,2
9247,49,2
9248,48,2
9249,48,2
9250,48,2
9251,48,2
9252,47,2
9253,47,2
9254,47,2
9255,47,2
9256,47,2
9257,47,2
9258,47,2
9259,47,2
9260,47,2
9261,47,2
9262,47,2
9263,47,2
9264,47,2
9265,47,2
9266,47,2
9267,47,2
9268,47,2
9269,47,2
9270,47,2
9271,47,2
9272,47,2
9273,47,2
9274,47,2
9275,47,2
9276,47,2
9277,47,2
9278,47,2
9279,47,2
9280,47,2
9281,46,2
9282,46,2
9283,46,2
9284,46,2
9285,46,2
9286,46,2
9287,46,2
9288,46,2
9289,46,2
9290,46,2
9291,46,2
9292,46,2
9293,46,2
9294,46,2
9295,46,2
9296,45,2
9297,45,2
9298,45,2
9299,45,2
9300,45,2
9301,45,2
9302,45,2
9303,45,2
9304,45,2
9305,45,2
9306,45,2
9307,45,2
9308,45,2
9309,45,2
9310,45,2
9311,45,2
9312,45,2
9313,45,2
9314,45,2
9315,45,2
9316,45,2
9317,44,2
9318,44,2
9319,44,2
9320,44,2
9321,44,2
9322,44,2
9323,44,2
9324,44,2
9325,44,2
9326,44,2
9327,44,2
9328,44,2
9329,43,2
9330,43,2
9331,43,2
9332,43,2
9333,43,2
9334,43,2
9335,43,2
9336,43,2
9337,43,2
9338,43,2
9339,43,2
9340,43,2
9341,43,2
9342,43,2
9343,43,2
9344,43,2
9345,43,2
9346,43,2
9347,43,2
9348,43,2
9349,43,2
9350,43,2
9351,43,2
9352,43,2
9353,43,2
9354,43,2
9355,43,2
9356,43,2
9357,43,2
9358,43,2
9359,43,2
9360,43,2
9361,43,2
9362,43,2
9363,43,2
9364,43,2
9365,43,2
9366,43,2
9367,43,2
9368,43,2
9369,43,2
9370,43,2
9371,43,2
9372,43,2
9373,43,2
9374,43,2
9375,43,2
9376,43,2
9377,44,2
9378,44,2
9379,44,2
9380,44,2
9381,44,2
9382,44,2
9383,44,2
9384,44,2
9385,44,2
9386,44,2
9387,44,2
9388,44,2
9389,44,2
9390,44,2
9391,44,2
9392,44,2
9393,44,2
9394,44,2
9395,44,2
9396,44,2
9397,44,2
9398,45,2
9399,45,2
9400,45,2
9401,45,2
9402,45,2
9403,45,2
9404,45,2
9405,45,2
9406,45,2
9407,45,2
9408,45,2
9409,45,2
9410,45,2
9411,45,2
9412,45,2
9413,45,2
9414,45,2
9415,45,2
9416,44,2
9417,44,2
9418,44,2
9419,44,2
9420,44,2
9421,44,2
9422,44,2
9423,44,2
9424,44,2
9425,43,2
9426,43,2
9427,43,2
9428,43,2
9429,43,2
9430,43,2
9431,42,2
9432,42,2
9433,42,2
9434,43,2
9435,43,2
9436,43,2
9437,43,2
9438,43,2
9439,43,2
9440,43,2
9441,43,2
9442,43,2
9443,43,2
9444,43,2
9445,43,2
9446,43,2
9447,44,2
9448,44,2
9449,44,2
9450,44,2
9451,44,2
9452,44,2
9453,44,2
9454,44,2
9455,44,2
9456,44,2
9457,44,2
9458,43,2
9459,44,2
9460,44,2
9461,44,2
9462,44,2
9463,44,2
9464,44,2
9465,44,2
9466,44,2
9467,44,2
9468,44,2
9469,44,2
9470,44,2
9471,44,2
9472,44,2
9473,44,2
9474,44,2
9475,44,2
9476,44,2
9477,44,2
9478,44,2
9479,44,2
9480,44,2
9481,44,2
9482,44,2
9483,44,2
9484,44,2
9485,44,2
9486,44,2
9487,44,2
9488,44,2
9489,44,2
9490,44,2
9491,44,2
9492,44,2
9493,44,2
9494,44,2
9495,44,2
9496,44,2
9497,44,2
9498,44,2
9499,44,2
9500,44,2
9501,44,2
9502,44,2
9503,44,2
9504,44,2
9505,44,2
9506,44,2
9507,44,2
9508,44,2
9509,44,2
9510,44,2
9511,44,2
9512,44,2
9513,44,2
9514,44,2
9515,44,2
9516,44,2
9517,44,2
9518,44,2
9519,44,2
9520,44,2
9521,44,2
9522,44,2
9523,44,2
9524,44,2
9525,44,2
9526,44,2
9527,44,2
9528,44,2
9529,44,2
9530,44,2
9531,44,2
9532,44,2
9533,44,2
9534,45,2
9535,45,2
9536,46,2
9537,46,2
9538,46,2
9539,46,2
9540,46,2
9541,46,2
9542,46,2
9543,46,2
9544,46,2
9545,46,2
9546,46,2
9547,46,2
9548,46,2
9549,46,2
9550,46,2
9551,46,2
9552,46,2
9553,46,2
9554,46,2
9555,46,2
9556,46,2
9557,47,2
9558,47,2
9559,47,2
9560,47,2
9561,47,2
9562,47,2
9563,47,2
9564,47,2
9565,47,2
9566,46,2
9567,46,2
9568,46,2
9569,46,2
9570,47,2
9571,47,2
9572,47,2
9573,47,2
9574,47,2
9575,47,2
9576,47,2
9577,47,2
9578,47,2
9579,47,2
9580,47,2
9581,47,2
9582,47,2
9583,47,2
9584,47,2
9585,47,2
9586,47,2
9587,47,2
9588,47,2
9589,47,2
9590,47,2
9591,47,2
9592,48,2
9593,48,2
9594,48,2
9595,48,2
9596,48,2
9597,48,2
9598,48,2
9599,48,2
9600,48,2
9601,48,2
9602,48,2
9603,48,2
9604,48,2
9605,48,2
9606,48,2
9607,48,2
9608,48,2
9609,48,2
9610,48,2
9611,48,2
9612,48,2
9613,48,2
9614,48,2
9615,48,2
9616,48,2
9617,48,2
9618,48,2
9619,48,2
9620,48,2
9621,48,2
9622,48,2
9623,48,2
9624,48,2
9625,48,2
9626,48,2
9627,48,2
9628,48,2
9629,48,2
9630,48,2
9631,48,2
9632,48,2
9633,48,2
9634,48,2
9635,48,2
9636,48,2
9637,48,2
9638,48,2
9639,48,2
9640,48,2
9641,48,2
9642,48,2
9643,48,2
9644,48,2
9645,48,2
9646,48,2
9647,48,2
9648,48,2
9649,48,2
9650,48,2
9651,48,2
9652,48,2
9653,48,2
9654,48,2
9655,48,2
9656,48,2
9657,48,2
9658,48,2
9659,48,2
9660,48,2
9661,47,2
9662,47,2
9663,47,2
9664,47,2
9665,47,2
9666,47,2
9667,47,2
9668,47,2
9669,47,2
9670,48,2
9671,48,2
9672,48,2
9673,48,2
9674,48,2
9675,48,2
9676,48,2
9677,48,2
9678,48,2
9679,48,2
9680,48,2
9681,48,2
9682,48,2
9683,48,2
9684,48,2
9685,48,2
9686,48,2
9687,48,2
9688,48,2
9689,48,2
9690,48,2
9691,48,2
9692,48,2
9693,48,2
9694,48,2
9695,48,2
9696,48,2
9697,48,2
9698,48,2
9699,48,2
9700,48,2
9701,48,2
9702,48,2
9703,47,2
9704,47,2
9705,47,2
9706,47,2
9707,47,2
9708,47,2
9709,47,2
9710,47,2
9711,47,2
9712,47,2
9713,47,2
9714,47,2
9715,47,2
9716,47,2
9717,47,2
9718,47,2
9719,47,2
9720,47,2
9721,47,2
9722,47,2
9723,47,2
9724,47,2
9725,47,2
9726,47,2
9727,47,2
9728,47,2
9729,47,2
9730,47,2
9731,48,2
9732,48,2
9733,48,2
9734,48,2
9735,48,2
9736,48,2
9737,48,2
9738,48,2
9739,48,2
9740,48,2
9741,48,2
9742,48,2
9743,48,2
9744,48,2
9745,48,2
9746,48,2
9747,48,2
9748,48,2
9749,48,2
9750,48,2
9751,48,2
9752,48,2
9753,48,2
9754,48,2
9755,48,2
9756,48,2
9757,48,2
9758,48,2
9759,48,2
9760,48,2
9761,48,2
9762,48,2
9763,48,2
9764,48,2
9765,48,2
9766,48,2
9767,48,2
9768,48,2
9769,48,2
9770,48,2
9771,48,2
9772,48,2
9773,48,2
9774,48,2
9775,48,2
9776,48,2
9777,48,2
9778,48,2
9779,48,2
9780,48,2
9781,48,2
9782,48,2
9783,48,2
9784,48,2
9785,48,2
9786,48,2
9787,48,2
9788,48,2
9789,48,2
9790,48,2
9791,47,2
9792,47,2
9793,46,2
9794,46,2
9795,46,2
9796,46,2
9797,46,2
9798,46,2
9799,46,2
9800,46,2
9801,46,2
9802,46,2
9803,46,2
9804,45,2
9805,45,2
9806,45,2
9807,45,2
9808,45,2
9809,45,2
9810,45,2
9811,45,2
9812,45,2
9813,45,2
9814,45,2
9815,45,2
9816,45,2
9817,45,2
9818,45,2
9819,45,2
9820,45,2
9821,46,2
9822,46,2
9823,46,2
9824,46,2
9825,46,2
9826,46,2
9827,46,2
9828,46,2
9829,45,2
9830,45,2
9831,45,2
9832,45,2
9833,45,2
9834,45,2
9835,45,2
9836,45,2
9837,45,2
9838,45,2
9839,45,2
9840,45,2
9841,45,2
9842,45,2
9843,45,2
9844,45,2
9845,45,2
9846,45,2
9847,45,2
9848,45,2
9849,46,2
9850,46,2
9851,46,2
9852,46,2
9853,46,2
9854,46,2
9855,46,2
9856,46,2
9857,46,2
9858,46,2
9859,46,2
9860,46,2
9861,46,2
9862,46,2
9863,46,2
9864,46,2
9865,46,2
9866,46,2
9867,46,2
9868,46,2
9869,46,2
9870,46,2
9871,46,2
9872,46,2
9873,46,2
9874,46,2
9875,46,2
9876,46,2
9877,46,2
9878,46,2
9879,46,2
9880,46,2
9881,46,2
9882,46,2
9883,46,2
9884,46,2
9885,46,2
9886,46,2
9887,46,2
9888,46,2
9889,46,2
9890,46,2
9891,46,2
9892,45,1
9893,45,1
9894,45,1
9895,45,1
9896,45,1
9897,46,1
9898,46,1
9899,46,1
9900,46,1
9901,46,1
9902,46,1
9903,45,1
9904,45,1
9905,45,1
9906,45,1
9907,45,1
9908,45,1
9909,45,1
9910,45,1
9911,45,1
9912,45,1
9913,45,1
9914,46,1
9915,46,1
9916,46,1
9917,46,1
9918,46,1
9919,46,1
9920,46,1
9921,46,1
9922,46,1
9923,46,1
9924,46,1
9925,46,1
9926,46,1
9927,46,1
9928,46,1
9929,46,1
9930,46,1
9931,46,1
9932,46,1
9933,46,1
9934,46,1
9935,46,1
9936,46,1
9937,46,1
9938,46,1
9939,46,1
9940,46,1
9941,46,1
9942,46,1
9943,46,1
9944,46,1
9945,46,1
9946,46,1
9947,46,1
9948,46,1
9949,46,1
9950,46,1
9951,46,1
9952,46,1
9953,46,1
9954,46,1
9955,46,1
9956,46,1
9957,46,1
9958,46,1
9959,46,1
9960,46,1
9961,45,1
9962,45,1
9963,45,1
9964,45,1
9965,45,1
9966,45,1
9967,45,1
9968,45,1
9969,45,1
9970,45,1
9971,45,1
9972,45,1
9973,45,1
9974,45,1
9975,45,1
9976,45,1
9977,45,1
9978,45,1
9979,45,1
9980,45,1
9981,45,1
9982,45,1
9983,45,1
9984,45,1
9985,45,1
9986,46,1
9987,46,1
9988,46,1
9989,46,1
9990,46,1
9991,46,1
9992,46,1
9993,46,1
9994,46,1
9995,46,1
9996,46,1
9997,46,1
9998,46,1
9999,46,1
10000,46,1
10001,46,1
10002,46,1
10003,46,1
10004,46,1
10005,45,1
10006,45,1
10007,45,1
10008,45,1
10009,45,1
10010,45,1
10011,45,1
10012,45,1
10013,45,1
10014,45,1
10015,45,1
10016,45,1
10017,45,1
10018,45,1
10019,45,1
10020,45,1
10021,45,1
10022,45,1
10023,45,1
10024,45,1
10025,45,1
10026,45,1
10027,45,1
10028,45,1
10029,45,1
10030,45,1
10031,45,1
10032,45,1
10033,45,1
10034,45,1
10035,45,1
10036,45,1
10037,45,1
10038,45,1
10039,45,1
10040,45,1
10041,45,1
10042,45,1
10043,45,1
10044,45,1
10045,45,1
10046,45,1
10047,45,1
10048,45,1
10049,45,1
10050,45,1
10051,45,1
10052,45,1
10053,45,1
10054,44,1
10055,44,1
10056,44,1
10057,44,1
10058,44,1
10059,44,1
10060,44,1
10061,44,1
10062,44,1
10063,44,1
10064,44,1
10065,44,1
10066,44,1
10067,44,1
10068,44,1
10069,44,1
10070,44,1
10071,44,1
10072,44,1
10073,44,1
10074,44,1
10075,44,1
10076,44,1
10077,44,1
10078,44,1
10079,44,1
10080,44,1
10081,44,1
10082,44,1
10083,44,1
10084,44,1
10085,44,1
10086,44,1
10087,44,1
10088,44,1
10089,44,1
10090,44,1
10091,44,1
10092,44,1
10093,44,1
10094,44,1
10095,44,1
10096,44,1
10097,44,1
10098,44,1
10099,44,1
10100,44,1
10101,44,1
10102,44,1
10103,44,1
10104,44,1
10105,44,1
10106,44,1
10107,43,1
10108,43,1
10109,43,1
10110,43,1
10111,43,1
10112,43,1
10113,43,1
10114,43,1
10115,43,1
10116,43,1
10117,43,1
10118,43,1
10119,43,1
10120,43,1
10121,43,1
10122,43,1
10123,43,1
10124,43,1
10125,43,1
10126,43,1
10127,43,1
10128,43,1
10129,43,1
10130,43,1
10131,43,1
10132,43,1
10133,43,1
10134,43,1
10135,43,1
10136,43,1
10137,43,1
10138,43,1
10139,43,1
10140,43,1
10141,43,1
10142,43,1
10143,43,1
10144,43,1
10145,43,1
10146,43,1
10147,43,1
10148,43,1
10149,43,1
10150,43,1
10151,43,1
10152,43,1
10153,43,1
10154,43,1
10155,43,1
10156,43,1
10157,43,1
10158,43,1
10159,43,1
10160,43,1
10161,43,1
10162,43,1
10163,43,1
10164,43,1
10165,43,1
10166,43,1
10167,43,1
10168,43,1
10169,43,1
10170,43,1
10171,43,1
10172,43,1
10173,42,1
10174,42,1
10175,42,1
10176,42,1
10177,42,1
10178,42,1
10179,42,1
10180,42,1
10181,42,1
10182,42,1
10183,42,1
10184,42,1
10185,42,1
10186,42,1
10187,42,1
10188,42,1
10189,42,1
10190,42,1
10191,42,1
10192,42,1
10193,42,1
10194,42,1
10195,42,1
10196,42,1
10197,42,1
10198,42,1
10199,42,1
10200,42,1
10201,42,1
10202,42,1
10203,42,1
10204,42,1
10205,42,1
10206,42,1
10207,42,1
10208,42,1
10209,42,1
10210,42,1
10211,42,1
10212,42,1
10213,42,1
10214,42,1
10215,42,1
10216,42,1
10217,42,1
10218,42,1
10219,42,1
10220,42,1
10221,43,1
10222,43,1
10223,43,1
10224,43,1
10225,43,1
10226,43,1
10227,43,1
10228,43,1
10229,43,1
10230,43,1
10231,43,1
10232,43,1
10233,43,1
10234,43,1
10235,43,1
10236,43,1
10237,43,1
10238,43,1
10239,43,1
10240,43,1
10241,43,1
10242,43,1
10243,43,1
10244,43,1
10245,43,1
10246,43,1
10247,43,1
10248,43,1
10249,43,1
10250,43,1
10251,43,1
10252,43,1
10253,43,1
10254,42,1
10255,42,1
10256,42,1
10257,42,1
10258,42,1
10259,42,1
10260,42,1
10261,42,1
10262,42,1
10263,42,1
10264,42,1
10265,42,1
10266,42,1
10267,42,1
10268,42,1
10269,42,1
10270,42,1
10271,42,1
10272,42,1
10273,42,1
10274,42,1
10275,42,1
10276,42,1
10277,42,1
10278,42,1
10279,42,1
10280,42,1
10281,42,1
10282,42,1
10283,42,1
10284,42,1
10285,42,1
10286,42,1
10287,42,1
10288,42,1
10289,42,1
10290,42,1
10291,42,1
10292,42,1
10293,42,1
10294,42,1
10295,42,1
10296,42,1
10297,42,1
10298,42,1
10299,41,1
10300,41,1
10301,41,1
10302,41,1
10303,41,1
10304,41,1
10305,41,1
10306,41,1
10307,41,1
10308,42,1
10309,42,1
10310,42,1
10311,42,1
10312,42,1
10313,42,1
10314,42,1
10315,42,1
10316,42,1
10317,42,1
10318,42,1
10319,43,1
10320,43,1
10321,43,1
10322,43,1
10323,43,1
10324,43,1
10325,43,1
10326,43,1
10327,43,1
10328,43,1
10329,43,1
10330,43,1
10331,43,1
10332,43,1
10333,43,1
10334,43,1
10335,43,1
10336,43,1
10337,43,1
10338,43,1
10339,43,1
10340,43,1
10341,43,1
10342,43,1
10343,43,1
10344,43,1
10345,43,1
10346,43,1
10347,43,1
10348,43,1
10349,43,1
10350,43,1
10351,43,1
10352,43,1
10353,43,1
10354,43,1
10355,43,1
10356,43,1
10357,43,1
10358,43,1
10359,43,1
10360,43,1
10361,43,1
10362,43,1
10363,43,1
10364,43,1
10365,43,1
10366,43,1
10367,43,1
10368,43,1
10369,43,1
10370,43,1
10371,43,1
10372,43,1
10373,43,1
10374,43,1
10375,43,1
10376,43,1
10377,43,1
10378,43,1
10379,43,1
10380,43,1
10381,43,1
10382,43,1
10383,43,1
10384,44,1
10385,44,1
10386,44,1
10387,44,1
10388,44,1
10389,44,1
10390,44,1
10391,44,1
10392,44,1
10393,44,1
10394,44,1
10395,44,1
10396,44,1
10397,44,1
10398,44,1
10399,44,1
10400,44,1
10401,44,1
10402,44,1
10403,44,1
10404,44,1
10405,44,1
10406,44,1
10407,44,1
10408,44,1
10409,44,1
10410,43,1
10411,43,1
10412,43,1
10413,43,1
10414,44,1
10415,44,1
10416,44,1
10417,44,1
10418,44,1
10419,44,1
10420,44,1
10421,44,1
10422,44,1
10423,44,1
10424,44,1
10425,44,1
10426,44,1
10427,44,1
10428,44,1
10429,44,1
10430,44,1
10431,44,1
10432,44,1
10433,43,1
10434,43,1
10435,43,1
10436,43,1
10437,43,1
10438,43,1
10439,43,1
10440,43,1
10441,43,1
10442,43,1
10443,43,1
10444,43,1
10445,43,1
10446,43,1
10447,43,1
10448,43,1
10449,43,1
10450,43,1
10451,43,1
10452,43,1
10453,43,1
10454,43,1
10455,43,1
10456,43,1
10457,43,1
10458,43,1
10459,43,1
10460,43,1
10461,43,1
10462,43,1
10463,43,1
10464,43,1
10465,43,1
10466,43,1
10467,43,1
10468,43,1
10469,43,1
10470,43,1
10471,43,1
10472,43,1
10473,43,1
10474,43,1
10475,43,1
10476,43,1
10477,43,1
10478,42,1
10479,42,1
10480,42,1
10481,42,1
10482,42,1
10483,42,1
10484,42,1
10485,42,1
10486,42,1
10487,42,1
10488,42,1
10489,42,1
10490,43,1
10491,43,1
10492,43,1
10493,43,1
10494,43,1
10495,43,1
10496,43,1
10497,43,1
10498,43,1
10499,43,2
10500,43,2
10501,43,2
10502,43,2
10503,43,2
10504,43,2
10505,43,2
10506,43,2
10507,43,2
10508,43,2
10509,43,2
10510,43,2
10511,44,2
10512,44,2
10513,44,2
10514,44,2
10515,44,2
10516,44,2
10517,44,2
10518,44,2
10519,44,2
10520,44,2
10521,44,2
10522,44,2
10523,44,2
10524,44,2
10525,44,2
10526,44,2
10527,44,2
10528,44,2
10529,44,2
10530,44,2
10531,44,2
10532,44,2
10533,44,2
10534,44,2
10535,44,2
10536,44,2
10537,44,2
10538,44,2
10539,44,2
10540,44,2
10541,44,2
10542,44,2
10543,44,2
10544,43,2
10545,43,2
10546,43,2
10547,43,2
10548,43,2
10549,43,2
10550,43,2
10551,43,2
10552,43,2
10553,43,2
10554,43,2
10555,43,2
10556,43,2
10557,43,2
10558,43,2
10559,43,2
10560,43,2
10561,43,2
10562,44,2
10563,44,2
10564,44,2
10565,44,2
10566,44,2
10567,44,2
10568,44,2
10569,44,2
10570,45,2
10571,45,2
10572,45,2
10573,45,2
10574,45,2
10575,45,2
10576,45,2
10577,45,2
10578,45,2
10579,45,2
10580,45,2
10581,45,2
10582,45,2
10583,45,2
10584,45,2
10585,45,2
10586,45,2
10587,45,2
10588,45,2
10589,45,2
10590,45,2
10591,45,2
10592,45,2
10593,45,2
10594,45,2
10595,45,2
10596,45,2
10597,45,2
10598,45,2
10599,45,2
10600,45,2
10601,45,2
10602,45,2
10603,45,2
10604,45,2
10605,45,2
10606,45,2
10607,45,2
10608,45,2
10609,45,2
10610,45,2
10611,45,2
10612,46,2
10613,46,2
10614,46,2
10615,46,2
10616,46,2
10617,46,2
10618,46,2
10619,46,2
10620,46,2
10621,46,2
10622,46,2
10623,46,2
10624,46,2
10625,46,2
10626,46,2
10627,46,2
10628,46,2
10629,46,2
10630,46,2
10631,46,2
10632,46,2
10633,46,2
10634,46,2
10635,46,2
10636,46,2
10637,46,2
10638,46,2
10639,46,2
10640,46,2
10641,46,2
10642,46,2
10643,46,2
10644,46,2
10645,46,2
10646,46,2
10647,46,2
10648,46,2
10649,46,2
10650,46,2
10651,46,2
10652,46,2
10653,46,2
10654,46,2
10655,46,2
10656,46,2
10657,46,2
10658,46,2
10659,46,2
10660,46,2
10661,46,2
10662,46,2
10663,46,2
10664,46,2
10665,46,2
10666,45,2
10667,45,2
10668,45,2
10669,45,2
10670,45,2
10671,45,2
10672,45,2
10673,45,2
10674,45,2
10675,45,2
10676,45,2
10677,45,2
10678,45,2
10679,45,2
10680,45,2
10681,45,2
10682,45,2
10683,45,2
10684,45,2
10685,45,2
10686,45,2
10687,45,2
10688,45,2
10689,45,2
10690,45,2
10691,45,2
10692,45,2
10693,45,2
10694,45,2
10695,45,2
10696,45,2
10697,45,2
10698,45,2
10699,45,2
10700,45,2
10701,45,2
10702,45,2
10703,45,2
10704,45,2
10705,45,2
10706,45,2
10707,45,2
10708,45,2
10709,45,2
10710,45,2
10711,45,2
10712,45,2
10713,45,2
10714,45,2
10715,45,2
10716,45,2
10717,45,2
10718,45,2
10719,45,2
10720,45,2
10721,45,2
10722,45,2
10723,45,2
10724,45,2
10725,45,2
10726,45,2
10727,45,2
10728,45,2
10729,46,2
10730,46,2
10731,46,2
10732,46,2
10733,46,2
10734,45,2
10735,46,2
10736,46,2
10737,46,2
10738,46,2
10739,46,2
10740,46,2
10741,45,2
10742,45,2
10743,45,2
10744,45,2
10745,46,2
10746,45,2
10747,45,2
10748,45,2
10749,45,2
10750,45,2
10751,45,2
10752,45,2
10753,45,2
10754,45,2
10755,45,2
10756,45,2
10757,45,2
10758,45,2
10759,45,2
10760,45,2
10761,45,2
10762,45,2
10763,45,2
10764,45,2
10765,45,2
10766,45,2
10767,45,2
10768,45,2
10769,45,2
10770,45,2
10771,45,2
10772,45,2
10773,45,2
10774,44,2
10775,44,2
10776,44,2
10777,44,2
10778,44,2
10779,44,2
10780,44,2
10781,44,2
10782,44,2
10783,44,2
10784,44,2
10785,44,2
10786,44,2
10787,44,2
10788,44,2
10789,44,2
10790,44,2
10791,44,2
10792,44,2
10793,44,2
10794,44,2
10795,44,2
10796,44,2
10797,44,2
10798,45,2
10799,45,2
10800,45,2
10801,45,2
10802,45,2
10803,45,2
10804,45,2
10805,45,2
10806,45,2
10807,45,2
10808,45,2
10809,45,2
10810,45,2
10811,45,2
10812,45,2
10813,45,2
10814,45,2
10815,45,2
10816,45,2
10817,45,2
10818,45,2
10819,45,2
10820,45,2
10821,45,2
10822,46,2
10823,46,2
10824,47,2
10825,47,2
10826,47,2
10827,47,2
10828,47,2
10829,47,2
10830,47,2
10831,47,2
10832,47,2
10833,47,2
10834,47,2
10835,47,2
10836,47,2
10837,47,2
10838,47,2
10839,47,2
10840,46,2
10841,46,2
10842,46,2
10843,46,2
10844,46,2
10845,46,2
10846,46,2
10847,46,2
10848,46,2
10849,46,2
10850,46,2
10851,46,2
10852,46,2
10853,46,2
10854,46,2
10855,46,2
10856,46,2
10857,46,2
10858,46,2
10859,46,2
10860,46,2
10861,46,2
10862,46,2
10863,46,2
10864,46,2
10865,46,2
10866,46,2
10867,46,2
10868,46,2
10869,46,2
10870,46,2
10871,46,2
10872,46,2
10873,46,2
10874,46,2
10875,46,2
10876,46,2
10877,46,2
10878,46,2
10879,46,2
10880,46,2
10881,46,2
10882,46,2
10883,46,2
10884,46,2
10885,45,2
10886,45,2
10887,45,2
10888,45,2
10889,45,2
10890,45,2
10891,45,2
10892,45,2
10893,45,2
10894,45,2
10895,45,2
10896,45,2
10897,45,2
10898,45,2
10899,45,2
10900,45,2
10901,45,2
10902,45,2
10903,45,2
10904,45,2
10905,45,2
10906,45,2
10907,45,2
10908,45,2
10909,45,2
10910,45,2
10911,45,2
10912,45,2
10913,45,2
10914,45,2
10915,45,2
10916,45,2
10917,45,2
10918,45,2
10919,45,2
10920,45,2
10921,45,2
10922,45,2
10923,45,2
10924,45,2
10925,45,2
10926,45,2
10927,45,2
10928,45,2
10929,45,2
10930,45,2
10931,45,2
10932,45,2
10933,45,2
10934,45,2
10935,45,2
10936,45,2
10937,45,2
10938,45,2
10939,45,2
10940,45,2
10941,45,2
10942,45,2
10943,45,2
10944,45,2
10945,45,2
10946,45,2
10947,45,2
10948,45,2
10949,45,2
10950,45,2
10951,44,2
10952,44,2
10953,44,2
10954,44,2
10955,44,2
10956,44,2
10957,44,2
10958,44,2
10959,44,2
10960,44,2
10961,44,2
10962,44,2
10963,44,2
10964,44,2
10965,44,2
10966,44,2
10967,44,2
10968,44,2
10969,44,2
10970,44,2
10971,44,2
10972,44,2
10973,44,2
10974,44,2
10975,44,2
10976,44,2
10977,44,2
10978,44,2
10979,44,2
10980,44,2
10981,44,2
10982,44,2
10983,44,2
10984,44,2
10985,44,2
10986,44,2
10987,44,2
10988,44,2
10989,44,2
10990,44,2
10991,44,2
10992,44,2
10993,44,2
10994,44,2
10995,44,2
10996,44,2
10997,44,2
10998,44,2
10999,44,2
11000,44,2
11001,44,2
11002,44,2
11003,45,2
11004,45,2
11005,45,2
11006,45,2
11007,45,2
11008,45,2
11009,44,2
11010,44,2
11011,44,2
11012,44,2
11013,44,2
11014,44,2
11015,44,2
11016,44,2
11017,44,2
11018,44,2
11019,44,2
11020,44,2
11021,44,2
11022,44,2
11023,44,2
11024,44,2
11025,44,2
11026,44,2
11027,44,2
11028,44,2
11029,44,2
11030,44,2
11031,43,2
11032,43,2
11033,43,2
11034,43,2
11035,43,2
11036,43,2
11037,43,2
11038,43,2
11039,43,2
11040,43,2
11041,43,2
11042,43,2
11043,43,2
11044,43,2
11045,43,2
11046,43,2
11047,43,2
11048,43,2
11049,43,2
11050,43,2
11051,43,2
11052,43,2
11053,43,2
11054,43,2
11055,43,2
11056,43,2
11057,43,2
11058,43,2
11059,43,2
11060,43,2
11061,43,2
11062,43,2
11063,43,2
11064,44,2
11065,44,2
11066,44,2
11067,44,2
11068,44,2
11069,44,2
11070,44,2
11071,44,2
11072,44,2
11073,44,2
11074,44,2
11075,44,2
11076,44,2
11077,44,2
11078,44,2
11079,44,2
11080,44,2
11081,44,2
11082,44,2
11083,44,2
11084,44,2
11085,44,2
11086,44,2
11087,44,2
11088,44,2
11089,44,2
11090,44,2
11091,44,2
11092,44,2
11093,44,2
11094,44,2
11095,44,2
11096,44,2
11097,44,2
11098,44,2
11099,44,2
11100,44,2
11101,44,2
11102,44,2
11103,44,2
11104,44,2
11105,44,2
11106,44,2
11107,44,2
11108,43,2
11109,43,2
11110,43,2
11111,43,2
11112,43,2
11113,43,2
11114,43,2
11115,43,2
11116,43,2
11117,43,2
11118,43,2
11119,43,2
11120,43,2
11121,43,2
11122,43,2
11123,43,2
11124,43,2
11125,43,2
11126,43,2
11127,43,2
11128,43,2
11129,43,2
11130,43,2
11131,43,2
11132,43,2
11133,43,2
11134,43,2
11135,43,2
11136,43,2
11137,43,2
11138,43,2
11139,43,2
11140,43,2
11141,44,2
11142,44,2
11143,44,2
11144,44,2
11145,44,2
11146,44,2
11147,44,2
11148,44,2
11149,44,2
11150,44,2
11151,44,2
11152,44,2
11153,44,2
11154,44,2
11155,44,2
11156,44,2
11157,44,2
11158,44,2
11159,44,2
11160,44,2
11161,44,2
11162,44,2
11163,44,2
11164,44,2
11165,44,2
11166,44,2
11167,44,2
11168,44,2
11169,44,2
11170,44,2
11171,44,2
11172,44,2
11173,44,2
11174,44,2
11175,44,2
11176,44,2
11177,44,2
11178,44,2
11179,45,2
11180,45,2
11181,45,2
11182,46,2
11183,46,2
11184,46,2
11185,46,2
11186,46,2
11187,46,2
11188,46,2
11189,46,2
11190,46,2
11191,46,2
11192,46,2
11193,46,2
11194,46,2
11195,46,2
11196,46,2
11197,46,2
11198,46,2
11199,46,2
11200,46,2
11201,46,2
11202,46,2
11203,46,2
11204,46,2
11205,46,2
11206,46,2
11207,46,2
11208,46,2
11209,46,2
11210,46,2
11211,46,2
11212,46,2
11213,46,2
11214,46,2
11215,46,2
11216,46,2
11217,46,2
11218,46,2
11219,46,2
11220,46,2
11221,46,2
11222,47,2
11223,47,2
11224,48,2
11225,48,2
11226,48,2
11227,48,2
11228,48,2
11229,48,2
11230,47,2
11231,47,2
11232,47,2
11233,47,2
11234,47,2
11235,47,2
11236,47,2
11237,47,2
11238,47,2
11239,47,2
11240,47,2
11241,47,2
11242,47,2
11243,47,2
11244,47,2
11245,47,2
11246,47,2
11247,47,2
11248,47,2
11249,47,2
11250,47,2
11251,47,2
11252,46,2
11253,46,2
11254,46,2
11255,46,2
11256,46,2
11257,46,2
11258,46,2
11259,46,2
11260,46,2
11261,46,2
11262,46,2
11263,46,2
11264,45,2
11265,45,2
11266,45,2
11267,45,2
11268,45,2
11269,45,2
11270,45,2
11271,45,2
11272,45,2
11273,45,2
11274,46,2
11275,46,2
11276,47,2
11277,47,2
11278,47,2
11279,47,2
11280,47,2
11281,47,2
11282,47,2
11283,47,2
11284,47,2
11285,47,2
11286,47,2
11287,46,2
11288,46,2
11289,46,2
11290,46,2
11291,46,2
11292,46,2
11293,46,2
11294,46,2
11295,46,2
11296,46,2
11297,46,2
11298,46,2
11299,45,2
11300,45,2
11301,45,2
11302,45,2
11303,45,2
11304,45,2
11305,45,2
11306,45,2
11307,45,2
11308,45,2
11309,45,2
11310,45,2
11311,45,2
11312,45,2
11313,45,2
11314,45,2
11315,45,2
11316,45,2
11317,45,2
11318,45,2
11319,45,2
11320,45,2
11321,45,2
11322,45,2
11323,45,2
11324,45,2
11325,45,2
11326,45,2
11327,45,2
11328,45,2
11329,45,2
11330,45,2
11331,44,2
11332,44,2
11333,44,2
11334,44,2
11335,44,2
11336,44,2
11337,44,2
11338,44,2
11339,44,2
11340,44,2
11341,44,2
11342,44,2
11343,44,2
11344,44,2
11345,44,2
11346,44,2
11347,44,2
11348,44,2
11349,45,2
11350,45,2
11351,45,2
11352,45,2
11353,45,2
11354,45,2
11355,45,2
11356,45,2
11357,45,2
11358,45,2
11359,45,2
11360,45,2
11361,45,2
11362,46,3
11363,46,3
11364,46,3
11365,46,3
11366,46,3
11367,46,3
11368,46,3
11369,46,3
11370,46,3
11371,46,3
11372,46,3
11373,46,3
11374,46,3
11375,46,3
11376,46,3
11377,46,3
11378,46,3
11379,46,3
11380,46,3
11381,46,3
11382,46,3
11383,46,3
11384,46,3
11385,46,3
11386,46,3
11387,46,3
11388,46,3
11389,46,3
11390,46,3
11391,46,3
11392,46,3
11393,46,3
11394,46,3
11395,46,3
11396,47,3
11397,47,3
11398,46,2
11399,46,2
11400,46,2
11401,46,2
11402,46,2
11403,46,2
11404,46,2
11405,46,2
11406,46,2
11407,46,2
11408,46,2
11409,46,2
11410,46,2
11411,46,2
11412,46,2
11413,46,2
11414,46,2
11415,46,2
11416,46,2
11417,46,2
11418,46,2
11419,45,2
11420,45,2
11421,45,2
11422,45,2
11423,45,2
11424,45,2
11425,45,2
11426,45,2
11427,45,2
11428,45,2
11429,45,2
11430,45,2
11431,44,2
11432,44,2
11433,44,2
11434,44,2
11435,44,2
11436,44,2
11437,44,2
11438,44,2
11439,44,2
11440,44,2
11441,44,2
11442,44,2
11443,44,2
11444,44,2
11445,44,2
11446,44,2
11447,44,2
11448,44,2
11449,44,2
11450,44,2
11451,44,2
11452,44,2
11453,44,2
11454,44,2
11455,44,2
11456,44,2
11457,44,2
11458,44,2
11459,44,2
11460,44,2
11461,44,2
11462,44,2
11463,44,2
11464,44,2
11465,44,2
11466,44,2
11467,44,2
11468,44,2
11469,44,2
11470,44,2
11471,44,2
11472,44,2
11473,44,2
11474,44,2
11475,44,2
11476,44,2
11477,45,2
11478,45,2
11479,45,2
11480,45,2
11481,45,2
11482,45,2
11483,45,2
11484,45,2
11485,45,2
11486,45,2
11487,44,1
11488,44,1
11489,44,1
11490,44,1
11491,44,1
11492,44,1
11493,44,1
11494,44,1
11495,44,1
11496,44,1
11497,44,1
11498,44,1
11499,44,1
11500,44,1
11501,44,1
11502,44,1
11503,44,1
11504,44,1
11505,44,1
11506,44,1
11507,44,1
11508,44,1
11509,44,1
11510,44,1
11511,44,1
11512,44,1
11513,44,1
11514,44,1
11515,45,1
11516,45,1
11517,45,1
11518,45,1
11519,45,1
11520,44,1
11521,44,1
11522,44,1
11523,44,1
11524,44,1
11525,44,1
11526,44,1
11527,44,1
11528,44,1
11529,44,1
11530,44,1
11531,44,1
11532,44,1
11533,44,1
11534,44,1
11535,44,1
11536,44,1
11537,45,1
11538,45,1
11539,45,1
11540,45,1
11541,45,1
11542,45,1
11543,45,1
11544,45,1
11545,45,1
11546,45,1
11547,45,1
11548,45,1
11549,45,1
11550,45,1
11551,45,1
11552,45,1
11553,45,1
11554,45,1
11555,45,1
11556,45,1
11557,45,1
11558,45,1
11559,45,1
11560,45,1
11561,45,1
11562,45,1
11563,45,1
11564,45,1
11565,44,1
11566,44,1
11567,44,1
11568,44,1
11569,44,1
11570,44,1
11571,44,1
11572,44,1
11573,44,1
11574,44,1
11575,44,1
11576,44,1
11577,44,1
11578,44,1
11579,44,1
11580,44,1
11581,44,1
11582,44,1
11583,44,1
11584,44,1
11585,44,1
11586,44,1
11587,44,1
11588,44,1
11589,44,1
11590,44,1
11591,44,1
11592,44,1
11593,44,1
11594,44,1
11595,44,1
11596,44,1
11597,44,1
11598,43,1
11599,43,1
11600,43,1
11601,43,1
11602,44,1
11603,44,1
11604,44,1
11605,44,1
11606,44,1
11607,44,1
11608,44,1
11609,44,1
11610,44,1
11611,44,1
11612,44,1
11613,44,1
11614,44,1
11615,44,1
11616,44,1
11617,44,1
11618,44,1
11619,44,1
11620,44,1
11621,44,1
11622,44,1
11623,44,1
11624,44,1
11625,44,1
11626,44,1
11627,44,1
11628,44,1
11629,44,1
11630,44,1
11631,44,1
11632,44,1
11633,44,1
11634,44,1
11635,44,1
11636,44,1
11637,44,1
11638,44,1
11639,44,1
11640,44,1
11641,44,1
11642,44,1
11643,44,1
11644,44,1
11645,44,1
11646,44,1
11647,44,1
11648,44,1
11649,44,1
11650,44,1
11651,44,1
11652,44,1
11653,44,1
11654,44,1
11655,44,1
11656,44,1
11657,44,1
11658,44,1
11659,44,1
11660,44,1
11661,44,1
11662,44,1
11663,44,1
11664,44,1
11665,44,1
11666,44,1
11667,44,1
11668,44,1
11669,44,1
11670,44,1
11671,44,1
11672,44,1
11673,44,1
11674,44,1
11675,44,1
11676,44,1
11677,44,1
11678,44,1
11679,44,1
11680,44,1
11681,44,1
11682,44,1
11683,44,1
11684,44,1
11685,44,1
11686,44,1
11687,44,1
11688,44,1
11689,44,1
11690,44,1
11691,44,1
11692,44,1
11693,44,1
11694,44,1
11695,44,1
11696,44,1
11697,44,1
11698,44,1
11699,44,1
11700,43,1
11701,43,1
11702,43,1
11703,43,1
11704,43,1
11705,43,1
11706,43,1
11707,43,1
11708,43,1
11709,43,1
11710,43,1
11711,43,1
11712,43,1
11713,43,1
11714,43,1
11715,43,1
11716,43,1
11717,43,1
11718,43,1
11719,43,1
11720,42,1
11721,42,1
11722,42,1
11723,42,1
11724,42,1
11725,42,1
11726,42,1
11727,43,1
11728,43,1
11729,43,1
11730,43,1
11731,43,1
11732,43,1
11733,43,1
11734,43,1
11735,43,1
11736,43,1
11737,43,1
11738,43,1
11739,43,1
11740,43,1
11741,43,1
11742,43,1
11743,43,1
11744,42,1
11745,42,1
11746,42,1
11747,42,1
11748,42,1
11749,42,1
11750,42,1
11751,42,1
11752,42,1
11753,42,1
11754,42,1
11755,42,1
11756,42,1
11757,42,1
11758,42,1
11759,42,1
11760,42,1
11761,42,1
11762,42,1
11763,42,1
11764,42,1
11765,42,1
11766,41,1
11767,41,1
11768,41,1
11769,41,1
11770,41,1
11771,41,1
11772,41,1
11773,41,1
11774,41,1
11775,41,1
11776,41,1
11777,40,1
11778,40,1
11779,40,1
11780,40,1
11781,40,1
11782,40,1
11783,40,1
11784,40,1
11785,40,1
11786,40,1
11787,40,1
11788,40,1
11789,40,1
11790,40,1
11791,40,1
11792,40,1
11793,40,1
11794,40,1
11795,40,1
11796,40,1
11797,40,1
11798,40,1
11799,40,1
11800,40,1
11801,40,1
11802,40,1
11803,40,1
11804,41,1
11805,41,1
11806,41,1
11807,41,1
11808,41,1
11809,41,1
11810,41,1
11811,41,1
11812,41,1
11813,41,1
11814,41,1
11815,41,1
11816,41,1
11817,41,1
11818,41,1
11819,41,1
11820,41,1
11821,41,1
11822,41,1
11823,41,1
11824,41,1
11825,41,1
11826,41,1
11827,41,1
11828,41,1
11829,41,1
11830,41,1
11831,41,1
11832,41,1
11833,41,1
11834,41,1
11835,41,1
11836,41,1
11837,41,1
11838,41,1
11839,41,1
11840,41,1
11841,42,1
11842,42,1
11843,42,1
11844,42,1
11845,42,1
11846,42,1
11847,42,1
11848,42,1
11849,42,1
11850,42,1
11851,42,1
11852,42,1
11853,42,1
11854,42,1
11855,42,1
11856,42,1
11857,42,1
11858,42,1
11859,42,1
11860,42,1
11861,42,1
11862,42,1
11863,42,1
11864,42,1
11865,42,1
11866,42,1
11867,42,1
11868,42,1
11869,42,1
11870,42,1
11871,42,1
11872,42,1
11873,42,1
11874,42,1
11875,42,1
11876,42,1
11877,42,1
11878,42,1
11879,42,1
11880,42,1
11881,42,1
11882,42,1
11883,42,1
11884,42,1
11885,42,1
11886,42,1
11887,42,1
11888,42,1
11889,42,1
11890,42,1
11891,42,1
11892,42,1
11893,42,1
11894,42,1
11895,42,1
11896,42,1
11897,42,1
11898,42,1
11899,42,1
11900,42,1
11901,42,1
11902,42,1
11903,42,1
11904,41,1
11905,41,1
11906,41,1
11907,41,1
11908,41,1
11909,41,1
11910,41,1
11911,41,1
11912,41,1
11913,41,1
11914,41,1
11915,41,1
11916,41,1
11917,41,1
11918,41,1
11919,41,1
11920,41,1
11921,41,1
11922,41,1
11923,41,1
11924,41,1
11925,41,1
11926,41,1
11927,42,1
11928,42,1
11929,42,1
11930,42,1
11931,42,1
11932,42,1
11933,42,1
11934,42,1
11935,42,1
11936,42,1
11937,42,1
11938,42,1
11939,42,1
11940,43,1
11941,43,1
11942,43,1
11943,43,1
11944,43,1
11945,43,1
11946,43,1
11947,43,1
11948,43,1
11949,43,1
11950,43,1
11951,43,1
11952,43,1
11953,43,1
11954,43,1
11955,43,1
11956,43,1
11957,42,1
11958,42,1
11959,42,1
11960,42,1
11961,42,1
11962,42,1
11963,42,1
11964,42,1
11965,42,1
11966,42,1
11967,42,1
11968,42,1
11969,42,1
11970,41,1
11971,41,1
11972,41,1
11973,41,1
11974,41,1
11975,41,1
11976,41,1
11977,41,1
11978,40,1
11979,40,1
11980,40,1
11981,40,1
11982,40,1
11983,40,1
11984,40,1
11985,40,1
11986,40,1
11987,40,1
11988,40,1
11989,40,1
11990,40,1
11991,40,1
11992,40,1
11993,40,1
11994,40,1
11995,40,1
11996,40,1
11997,40,1
11998,40,1
11999,40,1
12000,40,1
12001,40,1
12002,40,1
12003,39,1
12004,39,1
12005,39,1
12006,39,1
12007,39,1
12008,39,1
12009,39,1
12010,39,1
12011,40,1
12012,40,1
12013,40,1
12014,40,1
12015,40,1
12016,40,1
12017,40,1
12018,40,1
12019,40,1
12020,40,1
12021,40,1
12022,41,1
12023,41,1
12024,41,1
12025,41,1
12026,41,1
12027,41,1
12028,41,1
12029,41,1
12030,41,1
12031,41,1
12032,41,1
12033,41,1
12034,41,1
12035,41,1
12036,41,1
12037,41,1
12038,41,1
12039,41,1
12040,41,1
12041,41,1
12042,41,1
12043,41,1
12044,41,1
12045,41,1
12046,41,1
12047,41,1
12048,41,1
12049,41,1
12050,41,1
12051,41,1
12052,41,1
12053,41,1
12054,41,1
12055,41,1
12056,40,1
12057,40,1
12058,40,1
12059,40,1
12060,40,1
12061,40,1
12062,40,1
12063,40,1
12064,40,1
12065,40,1
12066,40,1
12067,40,1
12068,40,1
12069,40,1
12070,40,1
12071,40,1
12072,40,1
12073,40,1
12074,40,1
12075,40,1
12076,40,1
12077,40,1
12078,40,1
12079,40,1
12080,40,1
12081,40,1
12082,40,1
12083,40,1
12084,40,1
12085,40,1
12086,40,1
12087,40,1
12088,40,1
12089,40,1
12090,40,1
12091,40,1
12092,40,1
12093,40,1
12094,40,1
12095,40,1
12096,40,1
12097,40,1
12098,40,1
12099,40,1
12100,40,1
12101,40,1
12102,40,1
12103,40,1
12104,39,1
12105,39,1
12106,39,1
12107,39,1
12108,39,1
12109,39,1
12110,39,1
12111,39,1
12112,39,1
12113,39,1
12114,39,1
12115,39,1
12116,39,1
12117,39,1
12118,39,1
12119,39,1
12120,40,1
12121,40,1
12122,41,1
12123,41,1
12124,41,1
12125,41,1
12126,41,1
12127,42,1
12128,42,1
12129,42,1
12130,42,1
12131,42,1
12132,42,1
12133,42,1
12134,42,1
12135,41,1
12136,41,1
12137,40,1
12138,40,1
12139,40,1
12140,40,1
12141,40,1
12142,40,1
12143,40,1
12144,40,1
12145,40,1
12146,40,1
12147,40,1
12148,40,1
12149,40,1
12150,40,1
12151,40,1
12152,40,1
12153,40,1
12154,40,1
12155,40,1
12156,40,1
12157,40,1
12158,39,1
12159,39,1
12160,39,1
12161,39,1
12162,39,1
12163,39,1
12164,39,1
12165,39,1
12166,39,1
12167,39,1
12168,39,1
12169,39,1
12170,39,1
12171,39,1
12172,39,1
12173,39,1
12174,39,1
12175,39,1
12176,39,1
12177,39,1
12178,39,1
12179,39,1
12180,39,1
12181,39,1
12182,39,1
12183,39,1
12184,39,1
12185,39,1
12186,39,1
12187,39,1
12188,39,1
12189,39,1
12190,39,1
12191,38,1
12192,38,1
12193,38,1
12194,38,1
12195,38,1
12196,38,1
12197,38,1
12198,38,1
12199,38,1
12200,38,1
12201,38,1
12202,38,1
12203,38,1
12204,38,1
12205,38,1
12206,38,1
12207,38,1
12208,38,1
12209,38,1
12210,38,1
12211,38,1
12212,39,1
12213,39,1
12214,39,1
12215,39,1
12216,39,1
12217,39,1
12218,39,1
12219,39,1
12220,39,1
12221,39,1
12222,39,1
12223,39,1
12224,39,1
12225,39,1
12226,38,1
12227,38,1
12228,38,1
12229,38,1
12230,38,1
12231,38,1
12232,38,1
12233,38,1
12234,38,1
12235,38,1
12236,38,1
12237,38,1
12238,38,1
12239,38,1
12240,38,1
12241,38,1
12242,38,1
12243,38,1
12244,39,1
12245,39,1
12246,39,1
12247,39,1
12248,39,1
12249,39,1
12250,39,1
12251,39,1
12252,39,1
12253,39,1
12254,39,1
12255,39,1
12256,39,1
12257,39,1
12258,39,1
12259,39,1
12260,39,1
12261,39,1
12262,39,1
12263,39,1
12264,39,1
12265,39,1
12266,39,1
12267,38,1
12268,38,1
12269,38,1
12270,38,1
12271,37,1
12272,37,1
12273,37,1
12274,37,1
12275,37,1
12276,37,1
12277,37,1
12278,37,1
12279,37,1
12280,37,1
12281,37,1
12282,37,1
12283,37,1
12284,37,1
12285,37,1
12286,37,1
12287,37,1
12288,37,1
12289,37,1
12290,37,1
12291,37,1
12292,37,1
12293,37,1
12294,37,1
12295,37,1
12296,37,1
12297,37,1
12298,37,1
12299,37,1
12300,37,1
12301,37,1
12302,37,1
12303,37,1
12304,36,1
12305,36,1
12306,36,1
12307,36,1
12308,36,1
12309,36,1
12310,36,1
12311,36,1
12312,36,1
12313,36,1
12314,36,1
12315,36,1
12316,36,1
12317,36,1
12318,36,1
12319,36,1
12320,36,1
12321,36,1
12322,36,1
12323,36,1
12324,36,1
12325,37,2
12326,37,2
12327,37,2
12328,37,2
12329,37,2
12330,37,2
12331,37,2
12332,37,2
12333,36,2
12334,36,2
12335,36,2
12336,36,2
12337,35,2
12338,35,2
12339,35,2
12340,35,2
12341,35,2
12342,35,2
12343,35,2
12344,35,2
12345,35,2
12346,35,2
12347,35,2
12348,35,2
12349,35,2
12350,35,2
12351,35,2
12352,35,2
12353,35,2
12354,35,2
12355,35,2
12356,35,2
12357,35,2
12358,35,2
12359,35,2
12360,35,2
12361,35,2
12362,35,2
12363,35,2
12364,35,2
12365,35,2
12366,35,2
12367,35,2
12368,35,2
12369,35,2
12370,35,2
12371,35,2
12372,35,2
12373,35,2
12374,35,2
12375,35,2
12376,35,2
12377,35,2
12378,35,2
12379,35,2
12380,35,2
12381,35,2
12382,35,2
12383,35,2
12384,35,2
12385,35,2
12386,35,2
12387,35,2
12388,35,2
12389,35,2
12390,35,2
12391,35,2
12392,35,2
12393,35,2
12394,35,2
12395,35,2
12396,35,2
12397,35,2
12398,35,2
12399,35,2
12400,35,2
12401,36,2
12402,36,2
12403,36,2
12404,36,2
12405,36,2
12406,36,2
12407,36,2
12408,36,2
12409,36,2
12410,36,2
12411,36,2
12412,36,2
12413,36,2
12414,36,2
12415,36,2
12416,36,2
12417,36,2
12418,36,2
12419,36,2
12420,36,2
12421,36,2
12422,36,2
12423,36,2
12424,36,2
12425,36,2
12426,36,2
12427,36,2
12428,36,2
12429,36,2
12430,36,2
12431,36,2
12432,36,2
12433,36,2
12434,36,2
12435,36,2
12436,36,2
12437,36,2
12438,36,2
12439,36,2
12440,36,2
12441,36,2
12442,36,2
12443,36,2
12444,36,2
12445,36,2
12446,36,2
12447,36,2
12448,36,2
12449,36,2
12450,36,2
12451,36,2
12452,37,2
12453,37,2
12454,37,2
12455,37,2
12456,37,2
12457,37,2
12458,37,2
12459,37,2
12460,37,2
12461,37,2
12462,38,2
12463,38,2
12464,38,2
12465,37,2
12466,37,2
12467,37,2
12468,37,2
12469,37,2
12470,37,2
12471,37,2
12472,37,2
12473,37,2
12474,37,2
12475,37,2
12476,38,2
12477,38,2
12478,38,2
12479,38,2
12480,38,2
12481,38,2
12482,38,2
12483,38,2
12484,38,2
12485,38,2
12486,38,2
12487,38,2
12488,38,2
12489,38,2
12490,38,2
12491,38,2
12492,38,2
12493,38,2
12494,38,2
12495,38,2
12496,38,2
12497,38,2
12498,38,2
12499,38,2
12500,38,2
12501,38,2
12502,38,2
12503,38,2
12504,38,2
12505,38,2
12506,38,2
12507,38,2
12508,38,2
12509,38,2
12510,38,2
12511,38,2
12512,38,2
12513,38,2
12514,38,2
12515,38,2
12516,38,2
12517,38,2
12518,38,2
12519,38,2
12520,38,2
12521,38,2
12522,38,2
12523,38,2
12524,38,2
12525,38,2
12526,38,2
12527,38,2
12528,38,2
12529,38,2
12530,38,2
12531,38,2
12532,38,2
12533,38,2
12534,38,2
12535,38,2
12536,38,2
12537,38,2
12538,38,2
12539,38,2
12540,38,2
12541,38,2
12542,38,2
12543,38,2
12544,38,2
12545,38,2
12546,38,2
12547,38,2
12548,38,2
12549,38,2
12550,38,2
12551,38,2
12552,38,2
12553,38,2
12554,38,2
12555,38,2
12556,38,2
12557,38,2
12558,38,2
12559,38,2
12560,38,2
12561,38,2
12562,38,2
12563,38,2
12564,37,1
12565,37,1
12566,37,1
12567,37,1
12568,38,1
12569,38,1
12570,38,1
12571,38,1
12572,38,1
12573,38,1
12574,38,1
12575,38,1
12576,38,1
12577,38,1
12578,38,1
12579,38,1
12580,38,1
12581,38,1
12582,38,1
12583,38,1
12584,38,1
12585,38,1
12586,38,1
12587,38,1
12588,38,1
12589,38,1
12590,38,1
12591,38,1
12592,38,1
12593,38,1
12594,38,1
12595,38,1
12596,38,1
12597,37,1
12598,37,1
12599,37,1
12600,37,1
12601,37,1
12602,37,1
12603,37,1
12604,37,1
12605,37,1
12606,37,1
12607,37,1
12608,37,1
12609,37,1
12610,37,1
12611,37,1
12612,37,1
12613,37,1
12614,37,1
12615,37,1
12616,37,1
12617,37,1
12618,37,1
12619,37,1
12620,37,1
12621,37,1
12622,37,1
12623,37,1
12624,37,1
12625,37,1
12626,37,1
12627,37,1
12628,37,1
12629,37,1
12630,36,1
12631,36,1
12632,36,1
12633,36,1
12634,36,1
12635,36,1
12636,36,1
12637,36,1
12638,36,1
12639,36,1
12640,36,1
12641,36,1
12642,36,1
12643,36,1
12644,36,1
12645,36,1
12646,36,1
12647,36,1
12648,36,1
12649,36,1
12650,36,1
12651,36,1
12652,36,1
12653,36,1
12654,36,1
12655,36,1
12656,36,1
12657,36,1
12658,36,1
12659,36,1
12660,36,1
12661,36,1
12662,36,1
12663,36,1
12664,36,1
12665,36,1
12666,36,1
12667,36,1
12668,36,1
12669,36,1
12670,37,1
12671,37,1
12672,37,1
12673,37,1
12674,37,1
12675,37,1
12676,37,1
12677,37,1
12678,37,1
12679,37,1
12680,37,1
12681,37,1
12682,37,1
12683,37,1
12684,37,1
12685,37,1
12686,37,1
12687,37,1
12688,37,1
12689,38,1
12690,38,1
12691,38,1
12692,38,1
12693,38,1
12694,38,1
12695,38,1
12696,38,1
12697,38,1
12698,38,1
12699,38,1
12700,38,1
12701,38,1
12702,38,1
12703,38,1
12704,38,1
12705,38,1
12706,38,1
12707,38,1
12708,38,1
12709,38,1
12710,38,1
12711,38,1
12712,38,1
12713,38,1
12714,38,1
12715,38,1
12716,38,1
12717,38,1
12718,38,1
12719,38,1
12720,38,1
12721,38,1
12722,38,1
12723,38,1
12724,38,1
12725,38,1
12726,38,1
12727,38,1
12728,38,1
12729,38,1
12730,38,1
12731,38,1
12732,38,1
12733,38,1
12734,38,1
12735,38,1
12736,38,1
12737,38,1
12738,38,1
12739,38,1
12740,38,1
12741,38,1
12742,37,1
12743,37,1
12744,37,1
12745,37,1
12746,37,1
12747,37,1
12748,37,1
12749,37,1
12750,37,1
12751,37,1
12752,37,1
12753,37,1
12754,37,1
12755,37,1
12756,37,1
12757,37,1
12758,37,1
12759,37,1
12760,37,1
12761,37,1
12762,36,1
12763,36,1
12764,36,1
12765,36,1
12766,36,1
12767,36,1
12768,36,1
12769,36,1
12770,36,1
12771,36,1
12772,36,1
12773,36,1
12774,36,1
12775,35,1
12776,35,1
12777,35,1
12778,35,1
12779,35,1
12780,35,1
12781,35,1
12782,35,1
12783,35,1
12784,35,1
12785,35,1
12786,35,1
12787,35,1
12788,35,1
12789,35,1
12790,35,1
12791,35,1
12792,35,1
12793,35,1
12794,35,1
12795,34,1
12796,34,1
12797,34,1
12798,34,1
12799,34,1
12800,35,1
12801,35,1
12802,35,1
12803,35,1
12804,35,1
12805,35,1
12806,35,1
12807,35,1
12808,35,1
12809,35,1
12810,35,1
12811,35,1
12812,35,1
12813,35,1
12814,35,1
12815,35,1
12816,35,1
12817,36,1
12818,36,1
12819,36,1
12820,36,1
12821,36,1
12822,36,1
12823,36,1
12824,36,1
12825,36,1
12826,37,1
12827,37,1
12828,37,1
12829,37,1
12830,37,1
12831,37,1
12832,37,1
12833,37,1
12834,37,1
12835,37,1
12836,37,1
12837,38,1
12838,38,1
12839,38,1
12840,38,1
12841,38,1
12842,38,1
12843,38,1
12844,38,1
12845,38,1
12846,38,1
12847,38,1
12848,38,1
12849,38,1
12850,38,1
12851,38,1
12852,38,1
12853,38,1
12854,38,1
12855,37,1
12856,37,1
12857,37,1
12858,37,1
12859,37,1
12860,37,1
12861,37,1
12862,37,1
12863,37,1
12864,37,1
12865,37,1
12866,37,1
12867,37,1
12868,37,1
12869,37,1
12870,37,1
12871,37,1
12872,37,1
12873,37,1
12874,37,1
12875,37,1
12876,36,1
12877,36,1
12878,36,1
12879,36,1
12880,36,1
12881,36,1
12882,36,1
12883,36,1
12884,36,1
12885,36,1
12886,36,1
12887,36,1
12888,35,1
12889,35,1
12890,35,1
12891,35,1
12892,35,1
12893,35,1
12894,34,1
12895,34,1
12896,35,1
12897,35,1
12898,35,1
12899,35,1
12900,35,1
12901,35,1
12902,35,1
12903,35,1
12904,35,1
12905,35,1
12906,35,1
12907,35,1
12908,35,1
12909,35,1
12910,35,1
12911,35,1
12912,35,1
12913,35,1
12914,35,1
12915,35,1
12916,35,1
12917,35,1
12918,35,1
12919,35,1
12920,35,1
12921,35,1
12922,35,1
12923,35,1
12924,35,1
12925,35,1
12926,35,1
12927,35,1
12928,35,1
12929,35,1
12930,35,1
12931,35,1
12932,35,1
12933,35,1
12934,35,1
12935,35,1
12936,35,1
12937,35,1
12938,35,1
12939,35,1
12940,35,1
12941,35,1
12942,35,1
12943,35,1
12944,35,1
12945,35,1
12946,35,1
12947,35,1
12948,35,1
12949,35,1
12950,35,1
12951,35,1
12952,35,1
12953,35,1
12954,35,1
12955,35,1
12956,35,1
12957,35,1
12958,35,1
12959,35,1
12960,35,1
12961,35,1
12962,35,1
12963,35,1
12964,35,1
12965,35,1
12966,35,1
12967,35,1
12968,35,1
12969,35,1
12970,35,1
12971,35,1
12972,35,1
12973,35,1
12974,35,1
12975,35,1
12976,35,1
12977,35,1
12978,35,1
12979,35,1
12980,35,1
12981,35,1
12982,35,1
12983,35,1
12984,35,1
12985,35,1
12986,36,1
12987,36,1
12988,36,1
12989,36,1
12990,36,1
12991,36,1
12992,36,1
12993,36,1
12994,36,1
12995,36,1
12996,36,1
12997,36,1
12998,36,1
12999,36,1
13000,36,1
13001,36,1
13002,36,1
13003,36,1
13004,36,1
13005,36,1
13006,36,1
13007,36,1
13008,36,1
13009,36,1
13010,36,1
13011,36,1
13012,36,1
13013,36,1
13014,36,1
13015,36,1
13016,36,1
13017,36,1
13018,36,1
13019,36,1
13020,36,1
13021,36,1
13022,36,1
13023,36,1
13024,36,1
13025,36,1
13026,35,1
13027,35,1
13028,35,1
13029,35,1
13030,35,1
13031,36,1
13032,36,1
13033,36,1
13034,36,1
13035,36,1
13036,36,1
13037,36,1
13038,36,1
13039,36,1
13040,36,1
13041,36,1
13042,36,1
13043,36,1
13044,35,1
13045,35,1
13046,35,1
13047,35,1
13048,35,1
13049,35,1
13050,35,1
13051,35,1
13052,35,1
13053,35,1
13054,35,1
13055,35,1
13056,35,1
13057,35,1
13058,35,1
13059,35,1
13060,35,1
13061,35,1
13062,35,1
13063,35,1
13064,35,1
13065,35,1
13066,35,1
13067,35,1
13068,35,1
13069,35,1
13070,35,1
13071,35,1
13072,35,1
13073,35,1
13074,35,1
13075,35,1
13076,35,1
13077,35,1
13078,35,1
13079,35,1
13080,35,1
13081,35,1
13082,35,1
13083,35,1
13084,35,1
13085,35,1
13086,35,1
13087,35,1
13088,35,1
13089,35,1
13090,35,1
13091,35,1
13092,35,1
13093,35,1
13094,35,1
13095,35,1
13096,35,1
13097,35,1
13098,35,1
13099,35,1
13100,35,1
13101,35,1
13102,35,1
13103,35,1
13104,35,1
13105,35,1
13106,35,1
13107,35,1
13108,35,1
13109,35,1
13110,35,1
13111,35,1
13112,35,1
13113,35,1
13114,35,1
13115,35,1
13116,35,1
13117,35,1
13118,35,1
13119,35,1
13120,35,1
13121,35,1
13122,35,1
13123,35,1
13124,35,1
13125,35,1
13126,35,1
13127,36,1
13128,36,1
13129,36,1
13130,36,1
13131,36,1
13132,36,1
13133,36,1
13134,36,1
13135,36,1
13136,36,1
13137,36,1
13138,36,1
13139,36,1
13140,36,1
13141,36,1
13142,36,1
13143,36,1
13144,36,1
13145,36,1
13146,36,1
13147,36,1
13148,36,1
13149,36,1
13150,36,1
13151,36,1
13152,36,1
13153,36,1
13154,36,1
13155,36,1
13156,36,1
13157,36,1
13158,36,1
13159,36,1
13160,36,1
13161,36,1
13162,36,1
13163,36,1
13164,36,1
13165,36,1
13166,36,1
13167,36,1
13168,36,1
13169,36,1
13170,36,1
13171,36,1
13172,36,1
13173,36,1
13174,36,1
13175,36,1
13176,36,1
13177,36,1
13178,36,1
13179,36,1
13180,36,1
13181,36,1
13182,36,1
13183,36,1
13184,36,1
13185,36,1
13186,36,1
13187,36,1
13188,37,1
13189,37,1
13190,37,1
13191,36,1
13192,36,1
13193,36,1
13194,36,1
13195,36,1
13196,36,1
13197,36,1
13198,36,1
13199,36,1
13200,36,1
13201,36,1
13202,36,1
13203,36,1
13204,36,1
13205,36,1
13206,36,1
13207,36,1
13208,36,1
13209,36,1
13210,36,1
13211,36,1
13212,36,1
13213,36,1
13214,36,1
13215,36,1
13216,36,1
13217,36,1
13218,36,1
13219,36,1
13220,36,1
13221,36,1
13222,36,1
13223,36,1
13224,35,1
13225,35,1
13226,35,1
13227,35,1
13228,35,1
13229,35,1
13230,35,1
13231,35,1
13232,35,1
13233,35,1
13234,36,1
13235,36,1
13236,36,1
13237,36,1
13238,36,1
13239,36,1
13240,36,1
13241,36,1
13242,36,1
13243,36,1
13244,36,1
13245,36,1
13246,36,1
13247,36,1
13248,36,1
13249,36,1
13250,36,1
13251,36,1
13252,36,1
13253,36,1
13254,36,1
13255,36,1
13256,36,1
13257,36,1
13258,36,1
13259,36,1
13260,36,1
13261,36,1
13262,36,1
13263,36,1
13264,36,1
13265,36,1
13266,36,1
13267,36,1
13268,36,1
13269,36,1
13270,36,1
13271,36,1
13272,36,1
13273,36,1
13274,36,1
13275,36,1
13276,36,1
13277,36,1
13278,36,1
13279,36,1
13280,36,1
13281,36,1
13282,36,1
13283,36,1
13284,36,1
13285,36,1
13286,36,1
13287,36,1
13288,36,1
13289,36,1
13290,36,1
13291,36,1
13292,36,1
13293,36,1
13294,36,1
13295,36,1
13296,36,1
13297,36,1
13298,36,1
13299,36,1
13300,36,1
13301,36,1
13302,36,1
13303,36,1
13304,36,1
13305,36,1
13306,36,1
13307,36,1
13308,36,1
13309,36,1
13310,36,1
13311,36,1
13312,36,1
13313,36,1
13314,36,1
13315,36,1
13316,36,1
13317,36,1
13318,36,1
13319,36,1
13320,36,1
13321,36,1
13322,36,1
13323,36,1
13324,36,1
13325,36,1
13326,36,1
13327,36,1
13328,36,1
13329,36,1
13330,36,1
13331,36,1
13332,37,1
13333,37,1
13334,37,1
13335,37,1
13336,37,1
13337,37,1
13338,37,1
13339,37,1
13340,37,1
13341,37,1
13342,37,1
13343,36,1
13344,36,1
13345,36,1
13346,36,1
13347,36,1
13348,36,1
13349,36,1
13350,36,1
13351,36,1
13352,36,1
13353,36,1
13354,36,1
13355,36,1
13356,36,1
13357,36,1
13358,36,1
13359,36,1
13360,36,1
13361,36,1
13362,36,1
13363,36,1
13364,37,1
13365,37,1
13366,37,1
13367,37,1
13368,37,1
13369,37,1
13370,37,1
13371,37,1
13372,37,1
13373,37,1
13374,37,1
13375,37,1
13376,37,1
13377,37,1
13378,37,1
13379,37,1
13380,37,1
13381,37,1
13382,37,1
13383,37,1
13384,37,1
13385,37,1
13386,37,1
13387,37,1
13388,37,1
13389,37,1
13390,37,1
13391,37,1
13392,37,1
13393,37,1
13394,37,1
13395,37,1
13396,37,1
13397,37,1
13398,37,1
13399,37,1
13400,37,1
13401,37,1
13402,37,1
13403,37,1
13404,37,1
13405,37,1
13406,37,1
13407,37,1
13408,37,1
13409,37,1
13410,37,1
13411,37,1
13412,37,1
13413,37,1
13414,37,1
13415,37,1
13416,37,1
13417,37,1
13418,37,1
13419,37,1
13420,37,1
13421,37,1
13422,37,1
13423,37,1
13424,37,1
13425,37,1
13426,37,1
13427,37,1
13428,37,1
13429,37,1
13430,37,1
13431,37,1
13432,37,1
13433,37,1
13434,37,1
13435,37,1
13436,37,1
13437,37,1
13438,37,1
13439,37,1
13440,37,1
13441,37,1
13442,37,1
13443,37,1
13444,37,1
13445,37,1
13446,37,1
13447,37,1
13448,37,1
13449,37,1
13450,37,1
13451,37,1
13452,37,1
13453,37,1
13454,37,1
13455,37,1
13456,37,1
13457,37,1
13458,37,1
13459,37,1
13460,37,1
13461,37,1
13462,37,1
13463,37,1
13464,37,1
13465,37,1
13466,37,1
13467,37,1
13468,37,1
13469,37,1
13470,37,1
13471,37,1
13472,37,1
13473,37,1
13474,37,1
13475,37,1
13476,37,1
13477,37,1
13478,37,1
13479,37,1
13480,37,1
13481,37,1
13482,37,1
13483,37,1
13484,37,1
13485,37,1
13486,37,1
13487,37,1
13488,37,1
13489,37,1
13490,37,1
13491,37,1
13492,37,1
13493,37,1
13494,37,1
13495,37,1
13496,37,1
13497,37,1
13498,37,1
13499,37,1
13500,37,1
13501,37,1
13502,37,1
13503,37,1
13504,37,1
13505,37,1
13506,37,1
13507,37,1
13508,37,1
13509,37,1
13510,36,1
13511,36,1
13512,36,1
13513,36,1
13514,36,1
13515,36,1
13516,36,1
13517,36,1
13518,36,1
13519,36,1
13520,36,1
13521,36,1
13522,36,1
13523,36,1
13524,36,1
13525,36,1
13526,36,1
13527,36,1
13528,36,1
13529,36,1
13530,36,1
13531,36,1
13532,36,1
13533,36,1
13534,36,1
13535,36,1
13536,36,1
13537,36,1
13538,36,1
13539,36,1
13540,36,1
13541,36,1
13542,36,1
13543,36,1
13544,36,1
13545,36,1
13546,36,1
13547,36,1
13548,36,1
13549,36,1
13550,36,1
13551,36,1
13552,36,1
13553,36,1
13554,37,1
13555,36,1
13556,36,1
13557,36,1
13558,36,1
13559,36,1
13560,36,1
13561,36,1
13562,36,1
13563,36,1
13564,36,1
13565,36,1
13566,37,1
13567,38,1
13568,38,1
13569,38,1
13570,38,1
13571,38,1
13572,38,1
13573,38,1
13574,38,1
13575,38,1
13576,38,1
13577,38,1
13578,38,1
13579,38,1
13580,38,1
13581,38,1
13582,38,1
13583,38,1
13584,38,1
13585,38,1
13586,38,1
13587,38,1
13588,38,1
13589,38,1
13590,38,1
13591,38,1
13592,38,1
13593,38,1
13594,38,1
13595,38,1
13596,38,1
13597,38,1
13598,38,1
13599,38,1
13600,38,1
13601,38,1
13602,38,1
13603,38,1
13604,38,1
13605,38,1
13606,38,1
13607,38,1
13608,38,1
13609,38,1
13610,38,1
13611,38,1
13612,38,1
13613,38,1
13614,38,1
13615,38,1
13616,38,1
13617,38,1
13618,38,1
13619,38,1
13620,37,1
13621,37,1
13622,37,1
13623,36,1
13624,36,1
13625,36,1
13626,36,1
13627,36,1
13628,36,1
13629,36,1
13630,36,1
13631,36,1
13632,36,1
13633,36,1
13634,36,1
13635,36,1
13636,36,1
13637,36,1
13638,36,1
13639,36,1
13640,36,1
13641,36,1
13642,36,1
13643,36,1
13644,35,1
13645,35,1
13646,35,1
13647,35,1
13648,35,1
13649,35,1
13650,35,1
13651,35,1
13652,35,1
13653,35,1
13654,35,1
13655,35,1
13656,35,1
13657,36,1
13658,36,1
13659,36,1
13660,36,1
13661,36,1
13662,36,1
13663,36,1
13664,36,1
13665,36,1
13666,36,1
13667,36,1
13668,36,1
13669,36,1
13670,36,1
13671,36,1
13672,36,1
13673,36,1
13674,36,1
13675,36,1
13676,36,1
13677,36,1
13678,36,1
13679,36,1
13680,36,1
13681,36,1
13682,36,1
13683,36,1
13684,36,1
13685,36,1
13686,35,1
13687,35,1
13688,35,1
13689,35,1
13690,35,1
13691,35,1
13692,35,1
13693,35,1
13694,35,1
13695,35,1
13696,35,1
13697,35,1
13698,35,1
13699,35,1
13700,35,1
13701,35,1
13702,35,1
13703,35,1
13704,35,1
13705,35,1
13706,35,1
13707,35,1
13708,35,1
13709,35,1
13710,35,1
13711,35,1
13712,35,1
13713,35,1
13714,35,1
13715,35,1
13716,35,1
13717,35,1
13718,35,1
13719,35,1
13720,35,1
13721,35,1
13722,35,1
13723,35,1
13724,35,1
13725,35,1
13726,35,1
13727,35,1
13728,35,1
13729,35,1
13730,35,1
13731,35,1
13732,35,1
13733,35,1
13734,35,1
13735,35,1
13736,35,1
13737,35,1
13738,35,1
13739,35,1
13740,35,1
13741,35,1
13742,35,1
13743,35,1
13744,35,1
13745,35,1
13746,35,1
13747,35,1
13748,35,1
13749,35,1
13750,35,1
13751,35,1
13752,35,1
13753,35,1
13754,35,1
13755,35,1
13756,35,1
13757,35,1
13758,35,1
13759,35,1
13760,35,1
13761,35,1
13762,35,1
13763,35,1
13764,35,1
13765,35,1
13766,35,1
13767,35,1
13768,35,1
13769,35,1
13770,35,1
13771,35,1
13772,35,1
13773,35,1
13774,35,1
13775,35,1
13776,35,1
13777,35,1
13778,34,1
13779,34,1
13780,34,1
13781,34,1
13782,34,1
13783,34,1
13784,34,1
13785,35,1
13786,35,1
13787,35,1
13788,35,1
13789,35,1
13790,35,1
13791,35,1
13792,35,1
13793,35,1
13794,35,1
13795,35,1
13796,35,1
13797,35,1
13798,35,1
13799,35,1
13800,35,1
13801,35,1
13802,35,1
13803,35,1
13804,35,1
13805,35,1
13806,35,1
13807,35,1
13808,35,1
13809,35,1
13810,35,1
13811,35,1
13812,35,1
13813,35,1
13814,35,1
13815,35,1
13816,35,1
13817,35,1
13818,35,1
13819,35,1
13820,35,1
13821,35,1
13822,35,1
13823,35,1
13824,35,1
13825,35,1
13826,35,1
13827,35,1
13828,35,1
13829,35,1
13830,35,1
13831,35,1
13832,35,1
13833,35,1
13834,35,1
13835,35,1
13836,35,1
13837,35,1
13838,35,1
13839,35,1
13840,35,1
13841,35,1
13842,35,1
13843,35,1
13844,35,1
13845,35,1
13846,35,1
13847,35,1
13848,35,1
13849,35,1
13850,35,1
13851,35,1
13852,35,1
13853,35,1
13854,35,1
13855,35,1
13856,34,1
13857,34,1
13858,34,1
13859,34,1
13860,34,1
13861,34,1
13862,34,1
13863,34,1
13864,34,1
13865,34,1
13866,34,1
13867,34,1
13868,34,1
13869,34,1
13870,34,1
13871,34,1
13872,34,1
13873,34,1
13874,34,1
13875,34,1
13876,34,1
13877,34,1
13878,34,1
13879,34,1
13880,34,1
13881,34,1
13882,34,1
13883,34,1
13884,34,1
13885,34,1
13886,34,1
13887,34,1
13888,34,1
13889,34,1
13890,34,1
13891,34,1
13892,34,1
13893,34,1
13894,34,1
13895,34,1
13896,34,1
13897,34,1
13898,34,1
13899,34,1
13900,34,1
13901,34,1
13902,34,1
13903,34,1
13904,34,1
13905,34,1
13906,34,1
13907,34,1
13908,34,1
13909,34,1
13910,34,1
13911,34,1
13912,34,1
13913,34,1
13914,34,1
13915,34,1
13916,34,1
13917,34,1
13918,34,1
13919,34,1
13920,34,1
13921,34,1
13922,34,1
13923,34,1
13924,34,1
13925,34,1
13926,34,1
13927,34,1
13928,34,1
13929,34,1
13930,34,1
13931,34,1
13932,34,1
13933,34,1
13934,34,1
13935,34,1
13936,33,1
13937,33,1
13938,33,1
13939,33,1
13940,33,1
13941,33,1
13942,33,1
13943,33,1
13944,33,1
13945,33,1
13946,33,1
13947,33,1
13948,33,1
13949,33,1
13950,32,1
13951,32,1
13952,33,1
13953,33,1
13954,33,1
13955,33,1
13956,33,1
13957,33,1
13958,33,1
13959,33,1
13960,33,1
13961,33,1
13962,33,1
13963,33,1
13964,33,1
13965,33,1
13966,33,1
13967,33,1
13968,33,1
13969,33,1
13970,33,1
13971,33,1
13972,33,1
13973,33,1
13974,33,1
13975,33,1
13976,33,1
13977,33,1
13978,33,1
13979,33,1
13980,33,1
13981,33,1
13982,33,1
13983,33,1
13984,33,1
13985,33,1
13986,33,1
13987,33,1
13988,33,1
13989,33,1
13990,33,1
13991,33,1
13992,33,1
13993,33,1
13994,33,1
13995,33,1
13996,33,1
13997,33,1
13998,33,1
13999,33,1
14000,33,1
14001,33,1
14002,33,1
14003,33,1
14004,33,1
14005,33,1
14006,33,1
14007,33,1
14008,33,1
14009,33,1
14010,33,1
14011,33,1
14012,33,1
14013,33,1
14014,33,1
14015,33,1
14016,32,1
14017,32,1
14018,32,1
14019,32,1
14020,32,1
14021,32,1
14022,32,1
14023,31,1
14024,31,1
14025,31,1
14026,31,1
14027,31,1
14028,31,1
14029,31,1
14030,31,1
14031,31,1
14032,31,1
14033,31,1
14034,31,1
14035,31,1
14036,31,1
14037,31,1
14038,31,1
14039,31,1
14040,31,1
14041,31,1
14042,31,1
14043,31,1
14044,31,1
14045,31,1
14046,31,1
14047,31,1
14048,31,1
14049,31,1
14050,31,1
14051,31,1
14052,31,1
14053,31,1
14054,31,1
14055,31,1
14056,31,1
14057,31,1
14058,31,1
14059,31,1
14060,31,1
14061,31,1
14062,31,1
14063,31,1
14064,31,1
14065,31,1
14066,31,1
14067,31,1
14068,31,1
14069,31,1
14070,31,1
14071,31,1
14072,31,1
14073,31,1
14074,31,1
14075,31,1
14076,31,1
14077,31,1
14078,31,1
14079,31,1
14080,31,1
14081,31,1
14082,31,1
14083,31,1
14084,31,1
14085,31,1
14086,31,1
14087,31,1
14088,31,1
14089,31,1
14090,31,1
14091,31,1
14092,31,1
14093,31,1
14094,31,1
14095,31,1
14096,31,1
14097,31,1
14098,31,1
14099,31,1
14100,31,1
14101,31,1
14102,31,1
14103,30,1
14104,30,1
14105,30,1
14106,30,1
14107,30,1
14108,30,1
14109,30,1
14110,30,1
14111,30,1
14112,30,1
14113,30,1
14114,30,1
14115,30,1
14116,30,1
14117,30,1
14118,30,1
14119,30,1
14120,30,1
14121,30,1
14122,30,1
14123,30,1
14124,30,1
14125,30,1
14126,30,1
14127,30,1
14128,31,1
14129,31,1
14130,31,1
14131,31,1
14132,31,1
14133,31,1
14134,31,1
14135,31,1
14136,31,1
14137,32,1
14138,32,1
14139,32,1
14140,32,1
14141,32,1
14142,32,1
14143,32,1
14144,32,1
14145,32,1
14146,32,1
14147,32,1
14148,32,1
14149,32,1
14150,32,1
14151,32,1
14152,32,1
14153,32,1
14154,32,1
14155,32,1
14156,32,1
14157,32,1
14158,32,1
14159,32,1
14160,32,1
14161,32,1
14162,32,1
14163,32,1
14164,32,1
14165,32,1
14166,32,1
14167,32,1
14168,32,1
14169,32,1
14170,32,1
14171,32,1
14172,32,1
14173,32,1
14174,32,1
14175,32,1
14176,32,1
14177,33,1
14178,33,1
14179,33,1
14180,33,1
14181,33,1
14182,33,1
14183,33,1
14184,33,1
14185,33,1
14186,33,1
14187,33,1
14188,33,1
14189,33,1
14190,33,1
14191,33,1
14192,32,1
14193,32,1
14194,32,1
14195,32,1
14196,32,1
14197,31,1
14198,31,1
14199,31,1
14200,31,1
14201,31,1
14202,31,1
14203,31,1
14204,31,1
14205,31,1
14206,31,1
14207,31,1
14208,31,1
14209,32,1
14210,32,1
14211,32,1
14212,32,1
14213,32,1
14214,32,1
14215,32,1
14216,32,1
14217,32,1
14218,32,1
14219,32,1
14220,32,1
14221,32,1
14222,32,1
14223,32,1
14224,33,1
14225,33,1
14226,33,1
14227,34,1
14228,34,1
14229,34,1
14230,33,1
14231,33,1
14232,33,1
14233,34,1
14234,34,1
14235,34,1
14236,34,1
14237,34,1
14238,34,1
14239,34,1
14240,34,1
14241,34,1
14242,34,1
14243,34,1
14244,34,1
14245,34,1
14246,34,1
14247,34,1
14248,34,1
14249,34,1
14250,34,1
14251,34,1
14252,34,1
14253,34,1
14254,34,1
14255,34,1
14256,34,1
14257,34,1
14258,34,1
14259,34,1
14260,34,1
14261,34,1
14262,34,1
14263,34,1
14264,34,1
14265,34,1
14266,34,1
14267,34,1
14268,34,1
14269,34,1
14270,34,1
14271,34,1
14272,34,1
14273,34,1
14274,34,1
14275,34,1
14276,34,1
14277,34,1
14278,34,1
14279,34,1
14280,34,1
14281,34,1
14282,34,1
14283,34,1
14284,34,1
14285,34,1
14286,34,1
14287,34,1
14288,34,1
14289,34,1
14290,34,1
14291,33,1
14292,33,1
14293,33,1
14294,33,1
14295,33,1
14296,33,1
14297,33,1
14298,33,1
14299,33,1
14300,33,1
14301,33,1
14302,33,1
14303,33,1
14304,33,1
14305,33,1
14306,33,1
14307,33,1
14308,33,1
14309,33,1
14310,34,1
14311,34,1
14312,34,1
14313,34,1
14314,34,1
14315,34,1
14316,34,1
14317,34,1
14318,34,1
14319,34,1
14320,34,1
14321,34,1
14322,34,1
14323,34,1
14324,34,1
14325,34,1
14326,34,1
14327,34,1
14328,34,1
14329,34,1
14330,34,1
14331,34,1
14332,34,1
14333,34,1
14334,34,1
14335,34,1
14336,34,1
14337,34,1
14338,34,1
14339,34,1
14340,34,1
14341,34,1
14342,35,1
14343,35,1
14344,35,1
14345,35,1
14346,35,1
14347,35,1
14348,35,1
14349,35,1
14350,35,1
14351,35,1
14352,35,1
14353,35,1
14354,35,1
14355,35,1
14356,35,1
14357,35,1
14358,35,1
14359,35,1
14360,35,1
14361,35,1
14362,35,1
14363,35,1
14364,35,1
14365,35,1
14366,35,1
14367,35,1
14368,35,1
14369,35,1
14370,35,1
14371,35,1
14372,35,1
14373,35,1
14374,35,1
14375,35,1
14376,35,1
14377,35,1
14378,35,1
14379,35,1
14380,35,1
14381,35,1
14382,35,1
14383,35,1
14384,35,1
14385,35,1
14386,35,1
14387,35,1
14388,35,1
14389,35,1
14390,35,1
14391,35,1
14392,35,1
14393,35,1
14394,35,1
14395,35,1
14396,35,1
14397,35,1
14398,35,1
14399,35,1
14400,35,1
14401,35,1
14402,35,1
14403,35,1
14404,34,1
14405,34,1
14406,34,1
14407,34,1
14408,34,1
14409,34,1
14410,34,1
14411,34,1
14412,34,1
14413,34,1
14414,34,1
14415,34,1
14416,34,1
14417,34,1
14418,34,1
14419,34,1
14420,34,1
14421,34,1
14422,34,1
14423,34,1
14424,34,1
14425,34,1
14426,34,1
14427,34,1
14428,34,1
14429,34,1
14430,34,1
14431,34,1
14432,34,1
14433,34,1
14434,34,1
14435,34,1
14436,34,1
14437,34,1
14438,34,1
14439,34,1
14440,35,1
14441,35,1
14442,35,1
14443,35,1
14444,35,1
14445,35,1
14446,35,1
14447,35,1
14448,35,1
14449,35,1
14450,35,1
14451,35,1
14452,35,1
14453,35,1
14454,35,1
14455,35,1
14456,35,1
14457,35,1
14458,34,1
14459,34,1
14460,34,1
14461,34,1
14462,34,1
14463,34,1
14464,34,1
14465,34,1
14466,34,1
14467,34,1
14468,34,1
14469,34,1
14470,34,1
14471,34,1
14472,34,1
14473,34,1
14474,34,1
14475,34,1
14476,34,1
14477,34,1
14478,34,1
14479,34,1
14480,34,1
14481,34,1
14482,34,1
14483,34,1
14484,34,1
14485,34,1
14486,34,1
14487,34,1
14488,34,1
14489,34,1
14490,34,1
14491,34,1
14492,34,1
14493,34,1
14494,34,1
14495,34,1
14496,34,1
14497,34,1
14498,34,1
14499,34,1
14500,34,1
14501,34,1
14502,34,1
14503,34,1
14504,34,1
14505,34,1
14506,34,1
14507,34,1
14508,34,1
14509,34,1
14510,33,0
14511,33,0
14512,33,0
14513,33,0
14514,33,0
14515,33,0
14516,33,0
14517,33,0
14518,33,0
14519,33,0
14520,33,0
14521,33,0
14522,33,0
14523,33,0
14524,33,0
14525,33,0
14526,33,0
14527,33,0
14528,33,0
14529,33,0
14530,33,0
14531,32,0
14532,32,0
14533,32,0
14534,32,0
14535,32,0
14536,32,0
14537,32,0
14538,32,0
14539,32,0
14540,32,0
14541,32,0
14542,32,0
14543,32,0
14544,32,0
14545,32,0
14546,32,0
14547,32,0
14548,32,0
14549,32,0
14550,32,0
14551,32,0
14552,32,0
14553,32,0
14554,32,0
14555,32,0
14556,32,0
14557,32,0
14558,32,0
14559,32,0
14560,32,0
14561,32,0
14562,32,0
14563,32,0
14564,31,0
14565,31,0
14566,31,0
14567,31,0
14568,31,0
14569,31,0
14570,31,0
14571,31,0
14572,31,0
14573,31,0
14574,31,0
14575,31,0
14576,31,0
14577,32,0
14578,32,0
14579,32,0
14580,32,0
14581,32,0
14582,32,0
14583,32,0
14584,32,0
14585,32,0
14586,32,0
14587,32,0
14588,32,0
14589,32,0
14590,32,0
14591,32,0
14592,32,0
14593,32,0
14594,32,0
14595,32,0
14596,32,0
14597,32,0
14598,32,0
14599,32,0
14600,32,0
14601,32,0
14602,32,0
14603,32,0
14604,32,0
14605,32,0
14606,32,0
14607,32,0
14608,32,0
14609,32,0
14610,32,0
14611,32,0
14612,32,0
14613,32,0
14614,32,0
14615,32,0
14616,32,0
14617,32,0
14618,32,0
14619,32,0
14620,32,0
14621,32,0
14622,32,0
14623,32,0
14624,32,0
14625,32,0
14626,32,0
14627,32,0
14628,32,0
14629,32,0
14630,32,0
14631,32,0
14632,32,0
14633,32,0
14634,32,0
14635,32,0
14636,32,0
14637,32,0
14638,32,0
14639,32,0
14640,32,0
14641,32,0
14642,32,0
14643,32,0
14644,32,0
14645,32,0
14646,32,0
14647,32,0
14648,32,0
14649,32,0
14650,32,0
14651,32,0
14652,32,0
14653,32,0
14654,32,0
14655,32,0
14656,32,0
14657,32,0
14658,32,0
14659,32,0
14660,32,0
14661,32,0
14662,32,0
14663,32,0
14664,32,0
14665,32,0
14666,33,0
14667,33,0
14668,33,0
14669,33,0
14670,33,0
14671,33,0
14672,34,0
14673,34,0
14674,34,0
14675,34,0
14676,34,0
14677,34,0
14678,34,0
14679,34,0
14680,34,0
14681,35,0
14682,35,0
14683,35,0
14684,35,0
14685,35,0
14686,35,0
14687,35,0
14688,35,0
14689,35,0
14690,35,0
14691,35,0
14692,35,0
14693,35,0
14694,35,0
14695,35,0
14696,35,0
14697,35,0
14698,35,0
14699,35,0
14700,35,0
14701,35,0
14702,35,0
14703,35,0
14704,35,0
14705,35,0
14706,35,0
14707,35,0
14708,35,0
14709,35,0
14710,35,0
14711,35,0
14712,35,0
14713,35,0
14714,35,0
14715,35,0
14716,35,0
14717,35,0
14718,35,0
14719,35,0
14720,35,0
14721,35,0
14722,35,0
14723,35,0
14724,35,0
14725,35,0
14726,35,0
14727,35,0
14728,35,0
14729,35,0
14730,35,0
14731,35,0
14732,35,0
14733,35,0
14734,35,0
14735,35,0
14736,35,0
14737,35,0
14738,35,0
14739,35,0
14740,35,0
14741,35,0
14742,35,0
14743,34,0
14744,34,0
14745,34,0
14746,34,0
14747,34,0
14748,34,0
14749,34,0
14750,34,0
14751,34,0
14752,34,0
14753,34,0
14754,34,0
14755,34,0
14756,34,0
14757,34,0
14758,34,0
14759,34,0
14760,34,0
14761,34,0
14762,34,0
14763,34,0
14764,34,0
14765,34,0
14766,34,0
14767,34,0
14768,34,0
14769,34,0
14770,34,0
14771,34,0
14772,34,0
14773,34,0
14774,34,0
14775,34,0
14776,34,0
14777,34,0
14778,33,0
14779,33,0
14780,33,0
14781,33,0
14782,33,0
14783,33,0
14784,33,0
14785,33,0
14786,33,0
14787,33,0
14788,33,0
14789,33,0
14790,32,0
14791,32,0
14792,32,0
14793,32,0
14794,32,0
14795,32,0
14796,32,0
14797,32,0
14798,32,0
14799,32,0
14800,32,0
14801,32,0
14802,32,0
14803,32,0
14804,32,0
14805,32,0
14806,32,0
14807,32,0
14808,32,0
14809,32,0
14810,32,0
14811,31,0
14812,31,0
14813,31,0
14814,31,0
14815,31,0
14816,31,0
14817,31,0
14818,31,0
14819,31,0
14820,31,0
14821,31,0
14822,31,0
14823,31,0
14824,31,0
14825,31,0
14826,31,0
14827,31,0
14828,31,0
14829,31,0
14830,31,0
14831,31,0
14832,31,0
14833,31,0
14834,32,0
14835,32,0
14836,32,0
14837,32,0
14838,32,0
14839,32,0
14840,32,0
14841,32,0
14842,32,0
14843,32,0
14844,32,0
14845,32,0
14846,32,0
14847,32,0
14848,32,0
14849,33,0
14850,33,0
14851,33,0
14852,34,0
14853,35,0
14854,35,0
14855,35,0
14856,34,0
14857,34,0
14858,34,0
14859,34,0
14860,34,0
14861,34,0
14862,34,0
14863,34,0
14864,34,0
14865,34,0
14866,34,0
14867,34,0
14868,34,0
14869,34,0
14870,34,0
14871,34,0
14872,34,0
14873,34,0
14874,34,0
14875,34,0
14876,34,0
14877,33,0
14878,33,0
14879,33,0
14880,33,0
14881,33,0
14882,33,0
14883,33,0
14884,33,0
14885,33,0
14886,33,0
14887,33,0
14888,34,0
14889,34,0
14890,34,0
14891,34,0
14892,34,0
14893,34,0
14894,34,0
14895,34,0
14896,34,0
14897,34,0
14898,34,0
14899,34,0
14900,34,0
14901,34,0
14902,34,0
14903,34,0
14904,34,0
14905,34,0
14906,34,0
14907,34,0
14908,34,0
14909,35,0
14910,35,0
14911,35,0
14912,34,0
14913,34,0
14914,34,0
14915,34,0
14916,34,0
14917,34,0
14918,34,0
14919,34,0
14920,34,0
14921,34,0
14922,33,0
14923,33,0
14924,33,0
14925,33,0
14926,33,0
14927,33,0
14928,33,0
14929,33,0
14930,33,0
14931,33,0
14932,33,0
14933,33,0
14934,33,0
14935,34,0
14936,34,0
14937,34,0
14938,34,0
14939,34,0
14940,34,0
14941,34,0
14942,34,0
14943,34,0
14944,34,0
14945,34,0
14946,34,0
14947,34,0
14948,34,0
14949,34,0
14950,34,0
14951,34,0
14952,34,0
14953,34,0
14954,34,0
14955,34,0
14956,34,0
14957,33,0
14958,33,0
14959,33,0
14960,33,0
14961,33,0
14962,33,0
14963,33,0
14964,33,0
14965,33,0
14966,33,0
14967,33,0
14968,33,0
14969,33,0
14970,33,0
14971,33,0
14972,33,0
14973,33,0
14974,33,0
14975,33,0
14976,33,0
14977,33,0
14978,33,0
14979,34,0
14980,34,0
14981,35,0
14982,35,0
14983,35,0
14984,35,0
14985,35,0
14986,36,0
14987,36,0
14988,36,0
14989,36,0
14990,36,0
14991,36,0
14992,36,0
14993,36,0
14994,36,0
14995,37,0
14996,37,0
14997,37,0
14998,37,0
14999,37,0
15000,37,0
15001,37,0
15002,37,0
15003,37,0
15004,37,0
15005,37,0
15006,37,0
15007,37,0
15008,37,0
15009,37,0
15010,37,0
15011,37,0
15012,37,0
15013,37,0
15014,37,0
15015,37,0
15016,37,0
15017,37,0
15018,37,0
15019,37,0
15020,37,0
15021,37,0
15022,37,0
15023,37,0
15024,37,0
15025,37,0
15026,37,0
15027,37,0
15028,37,0
15029,37,0
15030,37,0
15031,37,0
15032,37,0
15033,38,0
15034,38,0
15035,38,0
15036,38,0
15037,38,0
15038,38,0
15039,38,0
15040,38,0
15041,38,0
15042,38,0
15043,38,0
15044,38,0
15045,38,0
15046,38,0
15047,38,0
15048,38,0
15049,38,0
15050,38,0
15051,38,0
15052,38,0
15053,38,0
15054,38,0
15055,38,0
15056,38,0
15057,38,0
15058,38,0
15059,38,0
15060,38,0
15061,38,0
15062,38,0
15063,38,0
15064,38,0
15065,38,0
15066,38,0
15067,38,0
15068,38,0
15069,39,0
15070,39,0
15071,39,0
15072,39,0
15073,39,0
15074,39,0
15075,39,0
15076,39,0
15077,39,0
15078,39,0
15079,39,0
15080,39,0
15081,39,0
15082,39,0
15083,39,0
15084,39,0
15085,39,0
15086,39,0
15087,39,0
15088,39,0
15089,39,0
15090,38,0
15091,38,0
15092,38,0
15093,38,0
15094,38,0
15095,38,0
15096,38,0
15097,38,0
15098,38,0
15099,38,0
15100,38,0
15101,38,0
15102,38,0
15103,38,0
15104,38,0
15105,38,0
15106,38,0
15107,38,0
15108,38,0
15109,38,0
15110,38,0
15111,38,0
15112,38,0
15113,38,0
15114,38,0
15115,38,0
15116,38,0
15117,38,0
15118,38,0
15119,38,0
15120,38,0
15121,38,0
15122,38,0
15123,38,0
15124,38,0
15125,38,0
15126,38,0
15127,39,0
15128,39,0
15129,39,0
15130,39,0
15131,39,0
15132,39,0
15133,39,0
15134,39,0
15135,39,0
15136,39,0
15137,39,0
15138,39,0
15139,39,0
15140,39,0
15141,39,0
15142,39,0
15143,39,0
15144,39,0
15145,39,0
15146,39,0
15147,39,0
15148,39,0
15149,39,0
15150,39,0
15151,39,0
15152,39,0
15153,39,0
15154,39,0
15155,39,0
15156,39,0
15157,39,0
15158,39,0
15159,39,0
15160,39,0
15161,39,0
15162,39,0
15163,39,0
15164,40,0
15165,40,0
15166,40,0
15167,40,0
15168,40,0
15169,40,0
15170,40,0
15171,40,0
15172,40,0
15173,40,0
15174,40,0
15175,40,0
15176,40,0
15177,40,0
15178,39,0
15179,39,0
15180,39,0
15181,39,0
15182,39,0
15183,40,0
15184,40,0
15185,40,0
15186,40,0
15187,40,0
15188,40,0
15189,40,0
15190,40,0
15191,40,0
15192,40,0
15193,40,0
15194,40,0
15195,40,0
15196,40,0
15197,40,0
15198,40,0
15199,40,0
15200,40,0
15201,40,0
15202,40,0
15203,40,0
15204,40,0
15205,40,0
15206,40,0
15207,40,0
15208,40,0
15209,40,0
15210,40,0
15211,40,0
15212,40,0
15213,40,0
15214,40,0
15215,40,0
15216,40,0
15217,40,0
15218,40,0
15219,40,0
15220,40,0
15221,40,0
15222,39,0
15223,39,0
15224,39,0
15225,39,0
15226,39,0
15227,39,0
15228,39,0
15229,39,0
15230,39,0
15231,39,0
15232,39,0
15233,39,0
15234,39,0
15235,39,0
15236,39,0
15237,39,0
15238,39,0
15239,39,0
15240,39,0
15241,39,0
15242,39,0
15243,39,0
15244,39,0
15245,39,0
15246,39,0
15247,39,0
15248,39,0
15249,39,0
15250,39,0
15251,39,0
15252,39,0
15253,39,0
15254,39,0
15255,39,0
15256,39,0
15257,39,0
15258,39,0
15259,39,0
15260,39,0
15261,39,0
15262,39,0
15263,39,0
15264,39,0
15265,39,0
15266,39,0
15267,39,0
15268,39,0
15269,39,0
15270,39,0
15271,39,0
15272,39,0
15273,39,0
15274,39,0
15275,39,0
15276,39,0
15277,39,0
15278,39,0
15279,39,0
15280,39,0
15281,39,0
15282,39,0
15283,39,0
15284,39,0
15285,39,0
15286,39,0
15287,39,0
15288,39,0
15289,39,0
15290,39,0
15291,40,0
15292,40,0
15293,40,0
15294,40,0
15295,40,0
15296,40,0
15297,40,0
15298,40,0
15299,40,0
15300,41,0
15301,41,0
15302,41,0
15303,41,0
15304,41,0
15305,41,0
15306,41,0
15307,41,0
15308,40,0
15309,40,0
15310,40,0
15311,40,0
15312,40,0
15313,40,0
15314,40,0
15315,40,0
15316,40,0
15317,40,0
15318,40,0
15319,40,0
15320,40,0
15321,40,0
15322,40,0
15323,40,0
15324,40,0
15325,40,0
15326,40,0
15327,40,0
15328,40,0
15329,40,0
15330,40,0
15331,40,0
15332,41,0
15333,41,0
15334,41,0
15335,41,0
15336,41,0
15337,41,0
15338,41,0
15339,41,0
15340,41,0
15341,41,0
15342,41,0
15343,41,0
15344,41,0
15345,41,0
15346,41,0
15347,41,0
15348,41,0
15349,41,0
15350,41,0
15351,41,0
15352,41,0
15353,41,0
15354,41,0
15355,41,0
15356,41,0
15357,41,0
15358,41,0
15359,41,0
15360,41,0
15361,41,0
15362,41,0
15363,41,0
15364,41,0
15365,41,0
15366,41,0
15367,41,0
15368,41,0
15369,41,0
15370,41,0
15371,41,0
15372,41,0
15373,41,0
15374,41,0
15375,41,0
15376,41,0
15377,41,0
15378,41,0
15379,41,0
15380,41,0
15381,41,0
15382,41,0
15383,41,0
15384,41,0
15385,41,0
15386,41,0
15387,41,0
15388,41,0
15389,41,0
15390,41,0
15391,41,0
15392,41,0
15393,41,0
15394,41,0
15395,41,0
15396,41,0
15397,41,0
15398,41,0
15399,41,0
15400,41,0
15401,41,0
15402,41,0
15403,41,0
15404,41,0
15405,41,0
15406,41,0
15407,41,0
15408,41,0
15409,40,0
15410,40,0
15411,40,0
15412,40,0
15413,40,0
15414,40,0
15415,40,0
15416,40,0
15417,40,0
15418,40,0
15419,40,0
15420,40,0
15421,40,0
15422,40,0
15423,40,0
15424,40,0
15425,40,0
15426,40,0
15427,40,0
15428,40,0
15429,40,0
15430,40,0
15431,41,0
15432,41,0
15433,41,0
15434,41,0
15435,41,0
15436,41,0
15437,41,0
15438,41,0
15439,41,0
15440,41,0
15441,41,0
15442,41,0
15443,41,0
15444,41,0
15445,41,0
15446,41,0
15447,41,0
15448,41,0
15449,41,0
15450,41,0
15451,41,0
15452,41,0
15453,41,0
15454,41,0
15455,41,0
15456,41,0
15457,41,0
15458,41,0
15459,41,0
15460,41,0
15461,41,0
15462,41,0
15463,41,0
15464,41,0
15465,41,0
15466,41,0
15467,41,0
15468,40,0
15469,40,0
15470,40,0
15471,40,0
15472,40,0
15473,40,0
15474,40,0
15475,40,0
15476,40,0
15477,40,0
15478,40,0
15479,40,0
15480,40,0
15481,40,0
15482,40,0
15483,40,0
15484,40,0
15485,40,0
15486,40,0
15487,40,0
15488,40,0
15489,40,0
15490,40,0
15491,40,0
15492,40,0
15493,40,0
15494,40,0
15495,40,0
15496,40,0
15497,40,0
15498,41,0
15499,41,0
15500,41,0
15501,41,0
15502,41,0
15503,41,0
15504,41,0
15505,41,0
15506,41,0
15507,41,0
15508,41,0
15509,41,0
15510,41,0
15511,41,0
15512,41,0
15513,41,0
15514,41,0
15515,41,0
15516,41,0
15517,41,0
15518,41,0
15519,41,0
15520,41,0
15521,41,0
15522,41,0
15523,41,0
15524,41,0
15525,41,0
15526,41,0
15527,41,0
15528,41,0
15529,42,0
15530,42,0
15531,42,0
15532,42,0
15533,42,0
15534,42,0
15535,42,0
15536,42,0
15537,41,0
15538,41,0
15539,41,0
15540,41,0
15541,41,0
15542,41,0
15543,41,0
15544,40,0
15545,40,0
15546,40,0
15547,40,0
15548,40,0
15549,40,0
15550,40,0
15551,40,0
15552,40,0
15553,40,0
15554,40,0
15555,40,0
15556,40,0
15557,40,0
15558,40,0
15559,40,0
15560,40,0
15561,40,0
15562,40,0
15563,40,0
15564,40,0
15565,40,0
15566,40,0
15567,40,0
15568,40,0
15569,40,0
15570,39,0
15571,39,0
15572,39,0
15573,39,0
15574,39,0
15575,39,0
15576,39,0
15577,39,0
15578,39,0
15579,39,0
15580,39,0
15581,39,0
15582,39,0
15583,39,0
15584,39,0
15585,39,0
15586,39,0
15587,39,0
15588,39,0
15589,39,0
15590,39,0
15591,39,0
15592,39,0
15593,39,0
15594,39,0
15595,39,0
15596,39,0
15597,39,0
15598,39,0
15599,39,0
15600,39,0
15601,39,0
15602,39,0
15603,38,0
15604,38,0
15605,38,0
15606,38,0
15607,38,0
15608,38,0
15609,38,0
15610,38,0
15611,38,0
15612,38,0
15613,38,0
15614,38,0
15615,38,0
15616,38,0
15617,38,0
15618,38,0
15619,38,0
15620,38,0
15621,38,0
15622,38,0
15623,38,0
15624,38,0
15625,38,0
15626,38,0
15627,38,0
15628,38,0
15629,38,0
15630,38,0
15631,38,0
15632,38,0
15633,38,0
15634,38,0
15635,38,0
15636,37,0
15637,37,0
15638,37,0
15639,37,0
15640,37,0
15641,37,0
15642,37,0
15643,37,0
15644,37,0
15645,37,0
15646,37,0
15647,37,0
15648,37,0
15649,37,0
15650,37,0
15651,37,0
15652,38,0
15653,38,0
15654,38,0
15655,38,0
15656,38,0
15657,38,0
15658,38,0
15659,38,0
15660,38,0
15661,38,0
15662,38,0
15663,38,0
15664,38,0
15665,38,0
15666,38,0
15667,38,0
15668,38,0
15669,38,0
15670,38,0
15671,38,0
15672,38,0
15673,38,0
15674,38,0
15675,38,0
15676,38,0
15677,38,0
15678,38,0
15679,38,0
15680,38,0
15681,38,0
15682,38,0
15683,38,0
15684,38,0
15685,38,0
15686,38,0
15687,38,0
15688,38,0
15689,38,0
15690,39,0
15691,39,0
15692,39,0
15693,39,0
15694,39,0
15695,39,0
15696,39,0
15697,39,0
15698,39,0
15699,39,0
15700,39,0
15701,39,0
15702,39,0
15703,39,0
15704,39,0
15705,39,0
15706,39,0
15707,39,0
15708,39,0
15709,39,0
15710,39,0
15711,39,0
15712,39,0
15713,39,0
15714,39,0
15715,39,0
15716,39,0
15717,39,0
15718,40,0
15719,40,0
15720,40,0
15721,41,0
15722,40,0
15723,40,0
15724,40,0
15725,40,0
15726,40,0
15727,40,0
15728,40,0
15729,40,0
15730,40,0
15731,40,0
15732,40,0
15733,40,0
15734,40,0
15735,40,0
15736,40,0
15737,40,0
15738,40,0
15739,40,0
15740,40,0
15741,40,0
15742,40,0
15743,40,0
15744,40,0
15745,40,0
15746,40,0
15747,40,0
15748,40,0
15749,40,0
15750,40,0
15751,40,0
15752,40,0
15753,40,0
15754,40,0
15755,39,0
15756,39,0
15757,39,0
15758,39,0
15759,39,0
15760,39,0
15761,39,0
15762,39,0
15763,39,0
15764,39,0
15765,39,0
15766,39,0
15767,39,0
15768,39,0
15769,39,0
15770,39,0
15771,39,0
15772,39,0
15773,39,0
15774,39,0
15775,39,0
15776,39,0
15777,39,0
15778,39,0
15779,39,0
15780,39,0
15781,39,0
15782,39,0
15783,39,0
15784,39,0
15785,39,0
15786,39,0
15787,39,0
15788,38,0
15789,38,0
15790,38,0
15791,38,0
15792,38,0
15793,38,0
15794,38,0
15795,38,0
15796,38,0
15797,38,0
15798,38,0
15799,38,0
15800,38,0
15801,38,0
15802,38,0
15803,38,0
15804,38,0
15805,38,0
15806,38,0
15807,38,0
15808,38,0
15809,38,0
15810,38,0
15811,38,0
15812,38,0
15813,38,0
15814,38,0
15815,38,0
15816,38,0
15817,38,0
15818,38,0
15819,38,0
15820,38,0
15821,38,0
15822,38,0
15823,38,0
15824,38,0
15825,38,0
15826,38,0
15827,38,0
15828,38,0
15829,38,0
15830,38,0
15831,38,0
15832,38,0
15833,37,0
15834,37,0
15835,37,0
15836,37,0
15837,37,0
15838,37,0
15839,37,0
15840,37,0
15841,37,0
15842,37,0
15843,37,0
15844,37,0
15845,37,0
15846,37,0
15847,37,0
15848,37,0
15849,37,0
15850,37,0
15851,37,0
15852,37,0
15853,37,0
15854,37,0
15855,37,0
15856,37,0
15857,37,0
15858,37,0
15859,37,0
15860,37,0
15861,37,0
15862,37,0
15863,37,0
15864,37,0
15865,37,0
15866,37,0
15867,37,0
15868,37,0
15869,37,0
15870,37,0
15871,37,0
15872,37,0
15873,37,0
15874,37,0
15875,37,0
15876,37,0
15877,37,0
15878,37,0
15879,37,0
15880,37,0
15881,37,0
15882,37,0
15883,37,0
15884,37,0
15885,37,0
15886,37,0
15887,37,0
15888,37,0
15889,37,0
15890,37,0
15891,37,0
15892,37,0
15893,37,0
15894,37,0
15895,37,0
15896,37,0
15897,37,0
15898,37,0
15899,37,0
15900,37,0
15901,36,0
15902,36,0
15903,36,0
15904,36,0
15905,36,0
15906,36,0
15907,36,0
15908,36,0
15909,36,0
15910,36,0
15911,36,0
15912,36,0
15913,36,0
15914,36,0
15915,36,0
15916,36,0
15917,36,0
15918,36,0
15919,36,0
15920,36,0
15921,36,0
15922,36,0
15923,36,0
15924,36,0
15925,36,0
15926,36,0
15927,36,0
15928,36,0
15929,36,0
15930,35,0
15931,35,0
15932,35,0
15933,35,0
15934,34,0
15935,34,0
15936,34,0
15937,34,0
15938,34,0
15939,34,0
15940,34,0
15941,34,0
15942,34,0
15943,34,0
15944,34,0
15945,34,0
15946,34,0
15947,34,0
15948,34,0
15949,34,0
15950,34,0
15951,34,0
15952,34,0
15953,34,0
15954,34,0
15955,34,0
15956,34,0
15957,34,0
15958,34,0
15959,34,0
15960,34,0
15961,34,0
15962,34,0
15963,34,0
15964,34,0
15965,34,0
15966,34,0
15967,34,0
15968,34,0
15969,34,0
15970,34,0
15971,34,0
15972,34,0
15973,34,0
15974,34,0
15975,34,0
15976,34,0
15977,34,0
15978,34,0
15979,34,0
15980,34,0
15981,34,0
15982,34,0
15983,34,0
15984,34,0
15985,34,0
15986,34,0
15987,34,0
15988,34,0
15989,34,0
15990,34,0
15991,34,0
15992,34,0
15993,34,0
15994,34,0
15995,34,0
15996,34,0
15997,34,0
15998,34,0
15999,34,0
16000,34,0
16001,34,0
16002,34,0
16003,34,0
16004,34,0
16005,34,0
16006,34,0
16007,34,0
16008,34,0
16009,34,0
16010,34,0
16011,35,0
16012,35,0
16013,35,0
16014,35,0
16015,35,0
16016,35,0
16017,35,0
16018,35,0
16019,35,0
16020,35,0
16021,35,0
16022,35,0
16023,35,0
16024,35,0
16025,35,0
16026,35,0
16027,35,0
16028,35,0
16029,35,0
16030,35,0
16031,35,0
16032,35,0
16033,35,0
16034,35,0
16035,35,0
16036,35,0
16037,35,0
16038,35,0
16039,35,0
16040,35,0
16041,35,0
16042,35,0
16043,35,0
16044,35,0
16045,35,0
16046,35,0
16047,35,0
16048,35,0
16049,35,0
16050,35,0
16051,35,0
16052,35,0
16053,35,0
16054,35,0
16055,35,0
16056,35,0
16057,35,0
16058,35,0
16059,35,0
16060,35,0
16061,35,0
16062,35,0
16063,35,0
16064,35,0
16065,35,0
16066,35,0
16067,36,0
16068,36,0
16069,36,0
16070,36,0
16071,36,0
16072,36,0
16073,36,0
16074,36,0
16075,36,0
16076,36,0
16077,36,0
16078,36,0
16079,36,0
16080,36,0
16081,36,0
16082,36,0
16083,36,0
16084,36,0
16085,36,0
16086,36,0
16087,36,0
16088,36,0
16089,36,0
16090,36,0
16091,36,0
16092,36,0
16093,36,0
16094,36,0
16095,36,0
16096,36,0
16097,37,1
16098,37,1
16099,37,1
16100,37,1
16101,37,1
16102,37,1
16103,37,1
16104,37,1
16105,37,1
16106,37,1
16107,37,1
16108,37,1
16109,37,1
16110,37,1
16111,37,1
16112,37,1
16113,37,1
16114,37,1
16115,37,1
16116,37,1
16117,37,1
16118,37,1
16119,37,1
16120,37,1
16121,37,1
16122,38,1
16123,37,1
16124,37,1
16125,37,1
16126,37,1
16127,37,1
16128,37,1
16129,37,1
16130,37,1
16131,37,1
16132,37,1
16133,37,1
16134,37,1
16135,37,1
16136,37,1
16137,37,1
16138,37,1
16139,37,1
16140,37,1
16141,37,1
16142,37,1
16143,37,1
16144,37,1
16145,37,1
16146,37,1
16147,37,1
16148,37,1
16149,37,1
16150,37,1
16151,37,1
16152,37,1
16153,37,1
16154,37,1
16155,37,1
16156,37,1
16157,37,1
16158,37,1
16159,37,1
16160,37,1
16161,37,1
16162,37,1
16163,37,1
16164,37,1
16165,37,1
16166,36,1
16167,36,1
16168,36,1
16169,36,1
16170,36,1
16171,36,1
16172,36,1
16173,36,1
16174,36,1
16175,36,1
16176,36,1
16177,36,1
16178,36,1
16179,36,1
16180,36,1
16181,36,1
16182,36,1
16183,36,1
16184,36,1
16185,36,1
16186,36,1
16187,36,1
16188,36,1
16189,36,1
16190,36,1
16191,36,1
16192,36,1
16193,36,1
16194,36,1
16195,36,1
16196,36,1
16197,36,1
16198,36,1
16199,35,1
16200,35,1
16201,35,1
16202,35,1
16203,35,1
16204,35,1
16205,35,1
16206,35,1
16207,35,1
16208,35,1
16209,35,1
16210,35,1
16211,35,1
16212,35,1
16213,35,1
16214,35,1
16215,35,1
16216,35,1
16217,35,1
16218,35,1
16219,35,1
16220,35,1
16221,35,1
16222,35,1
16223,35,1
16224,35,1
16225,35,1
16226,35,1
16227,35,1
16228,35,1
16229,35,1
16230,35,1
16231,35,1
16232,35,1
16233,35,1
16234,35,1
16235,35,1
16236,35,1
16237,34,1
16238,34,1
16239,34,1
16240,34,1
16241,34,1
16242,34,1
16243,34,1
16244,34,1
16245,34,1
16246,34,1
16247,34,1
16248,34,1
16249,34,1
16250,34,1
16251,34,1
16252,34,1
16253,34,1
16254,34,1
16255,34,1
16256,34,1
16257,34,1
16258,35,1
16259,35,1
16260,35,1
16261,35,1
16262,35,1
16263,35,1
16264,35,1
16265,35,1
16266,35,1
16267,35,1
16268,35,1
16269,35,1
16270,34,1
16271,34,1
16272,34,1
16273,34,1
16274,34,1
16275,34,1
16276,34,1
16277,34,1
16278,34,1
16279,34,1
16280,34,1
16281,34,1
16282,34,1
16283,34,1
16284,34,1
16285,34,1
16286,34,1
16287,34,1
16288,34,1
16289,34,1
16290,34,1
16291,34,1
16292,34,1
16293,34,1
16294,34,1
16295,34,1
16296,34,1
16297,34,1
16298,34,1
16299,34,1
16300,34,1
16301,34,1
16302,34,1
16303,34,1
16304,34,1
16305,34,1
16306,34,1
16307,34,1
16308,34,1
16309,34,1
16310,35,1
16311,35,1
16312,35,1
16313,35,1
16314,35,1
16315,35,1
16316,35,1
16317,35,1
16318,35,1
16319,35,1
16320,35,1
16321,35,1
16322,35,1
16323,35,1
16324,35,1
16325,35,1
16326,35,1
16327,35,1
16328,35,1
16329,35,1
16330,35,1
16331,35,1
16332,35,1
16333,35,1
16334,35,1
16335,35,1
16336,35,1
16337,35,1
16338,35,1
16339,35,1
16340,35,1
16341,35,1
16342,35,1
16343,35,1
16344,35,1
16345,35,1
16346,35,1
16347,35,1
16348,35,1
16349,35,1
16350,35,1
16351,35,1
16352,35,1
16353,35,1
16354,35,1
16355,35,1
16356,35,1
16357,35,1
16358,35,1
16359,35,1
16360,35,1
16361,35,1
16362,35,1
16363,34,1
16364,34,1
16365,34,1
16366,34,1
16367,33,1
16368,33,1
16369,33,1
16370,33,1
16371,33,1
16372,33,1
16373,33,1
16374,33,1
16375,33,1
16376,33,1
16377,33,1
16378,33,1
16379,33,1
16380,33,1
16381,33,1
16382,33,1
16383,33,1
16384,32,1
16385,33,1
16386,33,1
16387,33,1
16388,33,1
16389,33,1
16390,33,1
16391,33,1
16392,33,1
16393,33,1
16394,33,1
16395,33,1
16396,33,1
16397,33,1
16398,33,1
16399,33,1
16400,32,1
16401,32,1
16402,32,1
16403,32,1
16404,32,1
16405,32,1
16406,32,1
16407,32,1
16408,32,1
16409,32,1
16410,32,1
16411,32,1
16412,32,1
16413,32,1
16414,32,1
16415,32,1
16416,32,1
16417,32,1
16418,32,1
16419,32,1
16420,32,1
16421,32,1
16422,32,1
16423,32,1
16424,32,1
16425,32,1
16426,32,1
16427,32,1
16428,32,1
16429,32,1
16430,32,1
16431,32,1
16432,33,1
16433,33,1
16434,33,1
16435,33,1
16436,33,1
16437,33,1
16438,33,1
16439,33,1
16440,33,1
16441,33,1
16442,33,1
16443,33,1
16444,33,1
16445,33,1
16446,33,1
16447,33,1
16448,33,1
16449,33,1
16450,33,1
16451,33,1
16452,33,1
16453,33,1
16454,33,1
16455,33,1
16456,33,1
16457,33,1
16458,33,1
16459,33,1
16460,33,1
16461,33,1
16462,34,1
16463,34,1
16464,34,1
16465,34,1
16466,34,1
16467,34,1
16468,34,1
16469,34,1
16470,34,1
16471,34,1
16472,34,1
16473,34,1
16474,34,1
16475,34,1
16476,34,1
16477,34,1
16478,34,1
16479,34,1
16480,34,1
16481,34,1
16482,34,1
16483,34,1
16484,34,1
16485,33,1
16486,33,1
16487,33,1
16488,33,1
16489,33,1
16490,33,1
16491,33,1
16492,33,1
16493,33,1
16494,33,1
16495,33,1
16496,33,1
16497,32,1
16498,32,1
16499,32,1
16500,32,1
16501,32,1
16502,32,1
16503,32,1
16504,32,1
16505,32,1
16506,32,1
16507,32,1
16508,32,1
16509,32,1
16510,32,1
16511,32,1
16512,32,1
16513,32,1
16514,32,1
16515,32,1
16516,32,1
16517,32,1
16518,32,1
16519,32,1
16520,32,1
16521,32,1
16522,32,1
16523,32,1
16524,32,1
16525,32,1
16526,32,1
16527,32,1
16528,32,1
16529,32,1
16530,32,1
16531,32,1
16532,32,1
16533,32,1
16534,32,1
16535,32,1
16536,32,1
16537,32,1
16538,32,1
16539,32,1
16540,32,1
16541,32,1
16542,32,1
16543,32,1
16544,32,1
16545,32,1
16546,32,1
16547,32,1
16548,32,1
16549,32,1
16550,32,1
16551,32,1
16552,32,1
16553,32,1
16554,32,1
16555,32,1
16556,32,1
16557,32,1
16558,32,1
16559,32,1
16560,32,1
16561,32,1
16562,32,1
16563,32,1
16564,32,1
16565,32,1
16566,32,1
16567,32,1
16568,32,1
16569,32,1
16570,32,1
16571,32,1
16572,32,1
16573,32,1
16574,32,1
16575,32,1
16576,32,1
16577,32,1
16578,32,1
16579,32,1
16580,32,1
16581,33,1
16582,33,1
16583,33,1
16584,32,1
16585,32,1
16586,32,1
16587,32,1
16588,32,1
16589,32,1
16590,32,1
16591,32,1
16592,32,1
16593,32,1
16594,32,1
16595,32,1
16596,31,1
16597,31,1
16598,31,1
16599,31,1
16600,31,1
16601,31,1
16602,31,1
16603,31,1
16604,31,1
16605,31,1
16606,31,1
16607,31,1
16608,31,1
16609,31,1
16610,31,1
16611,31,1
16612,31,1
16613,31,1
16614,31,1
16615,31,1
16616,31,1
16617,31,1
16618,31,1
16619,31,1
16620,31,1
16621,31,1
16622,31,1
16623,31,1
16624,31,1
16625,31,1
16626,31,1
16627,31,1
16628,31,1
16629,31,1
16630,31,1
16631,30,1
16632,30,1
16633,30,1
16634,30,1
16635,30,1
16636,30,1
16637,30,1
16638,30,1
16639,30,1
16640,30,1
16641,30,1
16642,30,1
16643,30,1
16644,30,1
16645,30,1
16646,30,1
16647,30,1
16648,30,1
16649,30,1
16650,30,1
16651,30,1
16652,29,1
16653,29,1
16654,29,1
16655,29,1
16656,29,1
16657,29,1
16658,29,1
16659,29,1
16660,29,1
16661,29,1
16662,29,1
16663,29,1
16664,29,1
16665,29,1
16666,29,1
16667,29,1
16668,29,1
16669,29,1
16670,29,1
16671,29,1
16672,29,1
16673,29,1
16674,29,1
16675,29,1
16676,29,1
16677,29,1
16678,29,1
16679,29,1
16680,29,1
16681,29,1
16682,29,1
16683,29,1
16684,29,1
16685,29,1
16686,29,1
16687,29,1
16688,29,1
16689,29,1
16690,29,1
16691,29,1
16692,29,1
16693,29,1
16694,29,1
16695,29,1
16696,29,1
16697,29,1
16698,29,1
16699,29,1
16700,28,1
16701,28,1
16702,28,1
16703,28,1
16704,28,1
16705,28,1
16706,28,1
16707,28,1
16708,28,1
16709,28,1
16710,28,1
16711,28,1
16712,28,1
16713,28,1
16714,28,1
16715,28,1
16716,28,1
16717,28,1
16718,27,1
16719,27,1
16720,27,1
16721,27,1
16722,27,1
16723,27,1
16724,27,1
16725,27,1
16726,27,1
16727,27,1
16728,27,1
16729,27,1
16730,27,1
16731,27,1
16732,27,1
16733,27,1
16734,27,1
16735,27,1
16736,27,1
16737,27,1
16738,27,1
16739,27,1
16740,27,1
16741,27,1
16742,27,1
16743,27,1
16744,27,1
16745,27,1
16746,27,1
16747,27,1
16748,27,1
16749,27,1
16750,27,1
16751,27,1
16752,27,1
16753,27,1
16754,28,1
16755,28,1
16756,28,1
16757,28,1
16758,28,1
16759,28,1
16760,28,1
16761,28,1
16762,28,1
16763,28,1
16764,28,1
16765,28,1
16766,28,1
16767,28,1
16768,28,1
16769,28,1
16770,28,1
16771,28,1
16772,28,1
16773,29,1
16774,29,1
16775,29,1
16776,29,1
16777,29,1
16778,29,1
16779,29,1
16780,29,1
16781,29,1
16782,29,1
16783,30,1
16784,30,1
16785,30,1
16786,30,1
16787,30,1
16788,30,1
16789,30,1
16790,30,1
16791,30,1
16792,30,1
16793,30,1
16794,30,1
16795,30,1
16796,30,1
16797,30,1
16798,29,1
16799,28,1
16800,28,1
16801,28,1
16802,28,1
16803,28,1
16804,28,1
16805,28,1
16806,28,1
16807,28,1
16808,28,1
16809,28,1
16810,28,1
16811,28,1
16812,28,1
16813,28,1
16814,28,1
16815,28,1
16816,28,1
16817,28,1
16818,28,1
16819,27,1
16820,27,1
16821,27,1
16822,27,1
16823,27,1
16824,27,1
16825,27,1
16826,27,1
16827,27,1
16828,27,1
16829,27,1
16830,27,1
16831,27,1
16832,27,1
16833,27,1
16834,27,1
16835,27,1
16836,27,1
16837,27,1
16838,27,1
16839,27,1
16840,27,1
16841,27,1
16842,28,1
16843,28,1
16844,28,1
16845,28,1
16846,29,1
16847,29,1
16848,29,1
16849,29,1
16850,29,1
16851,29,1
16852,29,1
16853,29,1
16854,29,1
16855,29,1
16856,29,1
16857,29,1
16858,30,1
16859,30,1
16860,30,1
16861,30,1
16862,30,1
16863,30,1
16864,29,1
16865,28,1
16866,28,1
16867,28,1
16868,28,1
16869,28,1
16870,28,1
16871,28,1
16872,28,1
16873,28,1
16874,28,1
16875,28,1
16876,28,1
16877,29,1
16878,29,1
16879,29,1
16880,29,1
16881,29,1
16882,29,1
16883,29,1
16884,29,1
16885,29,1
16886,29,1
16887,29,1
16888,29,1
16889,29,1
16890,29,1
16891,29,1
16892,29,1
16893,29,1
16894,29,1
16895,29,1
16896,29,1
16897,29,1
16898,28,1
16899,28,1
16900,28,1
16901,28,1
16902,28,1
16903,28,1
16904,28,1
16905,28,1
16906,28,1
16907,28,1
16908,28,1
16909,28,1
16910,28,1
16911,28,1
16912,28,1
16913,28,1
16914,28,1
16915,28,1
16916,28,1
16917,28,1
16918,28,1
16919,28,1
16920,28,1
16921,28,1
16922,28,1
16923,28,1
16924,28,1
16925,28,1
16926,28,1
16927,28,1
16928,28,1
16929,28,1
16930,28,1
16931,28,1
16932,28,1
16933,28,1
16934,28,1
16935,28,1
16936,28,1
16937,28,1
16938,28,1
16939,28,1
16940,28,1
16941,28,1
16942,28,1
16943,28,1
16944,28,1
16945,28,1
16946,29,2
16947,29,2
16948,29,2
16949,29,2
16950,29,2
16951,29,2
16952,29,2
16953,29,2
16954,29,2
16955,29,2
16956,29,2
16957,29,2
16958,29,2
16959,29,2
16960,29,2
16961,29,2
16962,29,2
16963,29,2
16964,29,2
16965,29,2
16966,29,2
16967,29,2
16968,29,2
16969,30,2
16970,30,2
16971,30,2
16972,30,2
16973,30,2
16974,30,2
16975,30,2
16976,30,2
16977,30,2
16978,30,2
16979,30,2
16980,30,2
16981,30,2
16982,30,2
16983,30,2
16984,30,2
16985,30,2
16986,30,2
16987,30,2
16988,30,2
16989,30,2
16990,30,2
16991,30,2
16992,30,2
16993,30,2
16994,30,2
16995,30,2
16996,30,2
16997,30,2
16998,30,2
16999,30,2
17000,30,2
17001,30,2
17002,30,2
17003,30,2
17004,30,2
17005,30,2
17006,30,2
17007,30,2
17008,30,2
17009,30,2
17010,30,2
17011,30,2
17012,30,2
17013,30,2
17014,31,2
17015,31,2
17016,31,2
17017,31,2
17018,31,2
17019,31,2
17020,31,2
17021,31,2
17022,31,2
17023,31,2
17024,31,2
17025,31,2
17026,31,2
17027,31,2
17028,31,2
17029,31,2
17030,30,2
17031,30,2
17032,30,2
17033,30,2
17034,30,2
17035,30,2
17036,30,2
17037,30,2
17038,30,2
17039,30,2
17040,30,2
17041,30,2
17042,30,2
17043,30,2
17044,30,2
17045,30,2
17046,30,2
17047,30,2
17048,30,2
17049,30,2
17050,30,2
17051,30,2
17052,30,2
17053,30,2
17054,30,2
17055,30,2
17056,30,2
17057,30,2
17058,30,2
17059,30,2
17060,30,2
17061,30,2
17062,30,2
17063,30,2
17064,30,2
17065,30,2
17066,30,2
17067,30,2
17068,30,2
17069,30,2
17070,30,2
17071,30,2
17072,30,2
17073,30,2
17074,30,2
17075,30,2
17076,30,2
17077,30,2
17078,30,2
17079,30,2
17080,30,2
17081,30,2
17082,30,2
17083,30,2
17084,30,2
17085,30,2
17086,30,2
17087,30,2
17088,30,2
17089,30,2
17090,30,2
17091,30,2
17092,30,2
17093,30,2
17094,30,2
17095,30,2
17096,30,2
17097,30,2
17098,30,2
17099,30,2
17100,30,2
17101,30,2
17102,30,2
17103,30,2
17104,30,2
17105,30,2
17106,30,2
17107,30,2
17108,30,2
17109,30,2
17110,30,2
17111,30,2
17112,30,2
17113,30,2
17114,30,2
17115,30,2
17116,30,2
17117,30,2
17118,30,2
17119,30,2
17120,30,2
17121,30,2
17122,30,2
17123,30,2
17124,30,2
17125,30,2
17126,30,2
17127,30,2
17128,30,2
17129,30,2
17130,30,2
17131,30,2
17132,29,2
17133,29,2
17134,29,2
17135,29,2
17136,29,2
17137,29,2
17138,29,2
17139,29,2
17140,29,2
17141,29,2
17142,29,2
17143,29,2
17144,29,2
17145,29,2
17146,29,2
17147,29,2
17148,29,2
17149,29,2
17150,29,2
17151,29,2
17152,29,2
17153,29,2
17154,29,2
17155,29,2
17156,29,2
17157,29,2
17158,29,2
17159,29,2
17160,29,2
17161,29,2
17162,29,2
17163,29,2
17164,29,2
17165,29,2
17166,29,2
17167,29,2
17168,29,2
17169,29,2
17170,29,2
17171,29,2
17172,29,2
17173,29,2
17174,30,2
17175,30,2
17176,30,2
17177,30,2
17178,30,2
17179,31,2
17180,31,2
17181,31,2
17182,31,2
17183,31,2
17184,31,2
17185,31,2
17186,31,2
17187,31,2
17188,31,2
17189,31,2
17190,31,2
17191,31,2
17192,31,2
17193,31,2
17194,31,2
17195,30,2
17196,30,2
17197,30,2
17198,30,2
17199,30,2
17200,29,2
17201,29,2
17202,29,2
17203,29,2
17204,29,2
17205,29,2
17206,29,2
17207,29,2
17208,29,2
17209,29,2
17210,29,2
17211,29,2
17212,29,2
17213,29,2
17214,29,2
17215,29,2
17216,29,2
17217,29,2
17218,29,2
17219,29,2
17220,29,2
17221,29,2
17222,29,2
17223,29,2
17224,29,2
17225,29,2
17226,29,2
17227,29,2
17228,29,2
17229,29,2
17230,29,2
17231,29,2
17232,29,2
17233,28,2
17234,28,2
17235,28,2
17236,28,2
17237,28,2
17238,28,2
17239,28,2
17240,28,2
17241,28,2
17242,28,2
17243,28,2
17244,28,2
17245,28,2
17246,28,2
17247,28,2
17248,28,2
17249,28,2
17250,28,2
17251,28,2
17252,28,2
17253,28,2
17254,28,2
17255,28,2
17256,28,2
17257,28,2
17258,28,2
17259,28,2
17260,28,2
17261,28,2
17262,28,2
17263,28,2
17264,28,2
17265,28,2
17266,27,2
17267,27,2
17268,27,2
17269,27,2
17270,27,2
17271,27,2
17272,27,2
17273,27,2
17274,27,2
17275,27,2
17276,27,2
17277,27,2
17278,27,2
17279,27,2
17280,27,2
17281,27,2
17282,27,2
17283,27,2
17284,27,2
17285,27,2
17286,27,2
17287,27,2
17288,27,2
17289,27,2
17290,27,2
17291,27,2
17292,27,2
17293,27,2
17294,27,2
17295,27,2
17296,27,2
17297,27,2
17298,27,2
17299,26,2
17300,26,2
17301,26,2
17302,26,2
17303,26,2
17304,26,2
17305,26,2
17306,26,2
17307,26,2
17308,26,2
17309,26,2
17310,26,2
17311,26,2
17312,26,2
17313,26,2
17314,26,2
17315,26,2
17316,27,2
17317,27,2
17318,27,2
17319,27,2
17320,27,2
17321,27,2
17322,27,2
17323,27,2
17324,27,2
17325,27,2
17326,27,2
17327,27,2
17328,27,2
17329,27,2
17330,27,2
17331,27,2
17332,27,2
17333,27,2
17334,28,3
17335,29,3
17336,29,3
17337,29,3
17338,29,3
17339,29,3
17340,29,3
17341,29,3
17342,29,3
17343,29,3
17344,29,3
17345,29,3
17346,28,3
17347,28,3
17348,28,3
17349,28,3
17350,28,3
17351,28,3
17352,28,3
17353,28,3
17354,28,3
17355,28,3
17356,28,3
17357,28,3
17358,28,3
17359,28,3
17360,28,3
17361,28,3
17362,28,3
17363,28,3
17364,28,3
17365,28,3
17366,28,3
17367,28,3
17368,28,3
17369,28,3
17370,28,3
17371,28,3
17372,28,3
17373,28,3
17374,28,3
17375,28,3
17376,28,3
17377,28,3
17378,28,3
17379,28,3
17380,29,3
17381,29,3
17382,29,3
17383,29,3
17384,29,3
17385,29,3
17386,29,3
17387,29,3
17388,29,3
17389,29,3
17390,29,3
17391,29,3
17392,29,3
17393,28,3
17394,28,3
17395,28,3
17396,28,3
17397,28,3
17398,28,3
17399,29,3
17400,29,3
17401,29,3
17402,29,3
17403,29,3
17404,29,3
17405,29,3
17406,29,3
17407,29,3
17408,29,3
17409,29,3
17410,29,3
17411,29,3
17412,29,3
17413,29,3
17414,29,3
17415,29,3
17416,29,3
17417,29,3
17418,29,3
17419,29,3
17420,29,3
17421,29,3
17422,29,3
17423,29,3
17424,29,3
17425,29,3
17426,29,3
17427,29,3
17428,29,3
17429,29,3
17430,29,3
17431,29,3
17432,29,3
17433,29,3
17434,29,3
17435,29,3
17436,29,3
17437,29,3
17438,29,3
17439,29,3
17440,29,3
17441,29,3
17442,29,3
17443,29,3
17444,29,3
17445,29,3
17446,29,3
17447,29,3
17448,29,3
17449,29,3
17450,29,3
17451,29,3
17452,29,3
17453,29,3
17454,29,3
17455,29,3
17456,29,3
17457,30,3
17458,30,3
17459,30,3
17460,30,3
17461,30,3
17462,30,3
17463,30,3
17464,30,3
17465,30,3
17466,30,3
17467,30,3
17468,30,3
17469,30,3
17470,30,3
17471,30,3
17472,30,3
17473,30,3
17474,30,3
17475,30,3
17476,30,3
17477,30,3
17478,30,3
17479,30,3
17480,30,3
17481,30,3
17482,30,3
17483,30,3
17484,30,3
17485,30,3
17486,30,3
17487,30,3
17488,30,3
17489,30,3
17490,30,3
17491,31,3
17492,31,3
17493,31,3
17494,31,3
17495,31,3
17496,31,3
17497,31,3
17498,31,3
17499,31,3
17500,31,3
17501,31,3
17502,31,3
17503,31,3
17504,31,3
17505,31,3
17506,31,3
17507,31,3
17508,31,3
17509,31,3
17510,31,3
17511,31,3
17512,31,3
17513,30,3
17514,30,3
17515,30,3
17516,30,3
17517,30,3
17518,30,3
17519,30,3
17520,30,3
17521,30,3
17522,31,3
17523,31,3
17524,31,3
17525,31,3
17526,31,3
17527,31,3
17528,31,3
17529,31,3
17530,32,3
17531,32,3
17532,32,3
17533,32,3
17534,32,3
17535,32,3
17536,32,3
17537,32,3
17538,32,3
17539,32,3
17540,32,3
17541,32,3
17542,32,3
17543,32,3
17544,32,3
17545,32,3
17546,31,3
17547,31,3
17548,31,3
17549,31,3
17550,31,3
17551,31,3
17552,31,3
17553,31,3
17554,31,3
17555,31,3
17556,31,3
17557,31,3
17558,31,3
17559,31,3
17560,31,3
17561,31,3
17562,31,3
17563,31,3
17564,31,3
17565,31,3
17566,31,3
17567,31,3
17568,31,3
17569,31,3
17570,31,3
17571,31,3
17572,31,3
17573,31,3
17574,31,3
17575,31,3
17576,31,3
17577,31,3
17578,31,3
17579,30,3
17580,30,3
17581,30,3
17582,30,3
17583,30,3
17584,30,3
17585,30,3
17586,30,3
17587,31,3
17588,31,3
17589,31,3
17590,31,3
17591,31,3
17592,31,3
17593,32,3
17594,32,3
17595,32,3
17596,32,3
17597,32,3
17598,32,3
17599,32,3
17600,32,3
17601,32,3
17602,32,3
17603,32,3
17604,32,3
17605,32,3
17606,32,3
17607,32,3
17608,32,3
17609,32,3
17610,32,3
17611,32,3
17612,32,3
17613,32,3
17614,32,3
17615,32,3
17616,32,3
17617,32,3
17618,32,3
17619,32,3
17620,32,3
17621,32,3
17622,32,3
17623,32,3
17624,32,3
17625,32,3
17626,32,3
17627,32,3
17628,32,3
17629,32,3
17630,32,3
17631,32,3
17632,32,3
17633,33,3
17634,33,3
17635,33,3
17636,33,3
17637,33,3
17638,33,3
17639,33,3
17640,33,3
17641,33,3
17642,33,3
17643,33,3
17644,33,3
17645,33,3
17646,33,3
17647,33,3
17648,33,3
17649,33,3
17650,33,3
17651,33,3
17652,33,3
17653,33,3
17654,33,3
17655,33,3
17656,33,3
17657,33,3
17658,33,3
17659,33,3
17660,33,3
17661,33,3
17662,33,3
17663,33,3
17664,33,3
17665,33,3
17666,33,3
17667,33,3
17668,33,3
17669,33,3
17670,33,3
17671,33,3
17672,33,3
17673,33,3
17674,33,3
17675,33,3
17676,33,3
17677,33,3
17678,33,3
17679,33,3
17680,33,3
17681,33,3
17682,33,3
17683,33,3
17684,33,3
17685,33,3
17686,33,3
17687,33,3
17688,33,3
17689,33,3
17690,32,3
17691,32,3
17692,32,3
17693,32,3
17694,32,3
17695,32,3
17696,32,3
17697,32,3
17698,32,3
17699,32,3
17700,32,3
17701,32,3
17702,32,3
17703,32,3
17704,32,3
17705,32,3
17706,32,3
17707,32,3
17708,32,3
17709,32,3
17710,32,3
17711,32,3
17712,32,3
17713,32,3
17714,32,3
17715,32,3
17716,32,3
17717,32,3
17718,32,3
17719,32,3
17720,32,3
17721,32,3
17722,32,3
17723,32,3
17724,32,3
17725,31,3
17726,31,3
17727,31,3
17728,31,3
17729,31,3
17730,31,3
17731,31,3
17732,31,3
17733,31,3
17734,31,3
17735,31,3
17736,31,3
17737,31,3
17738,31,3
17739,31,3
17740,31,3
17741,31,3
17742,31,3
17743,31,3
17744,31,3
17745,31,3
17746,31,3
17747,31,3
17748,31,3
17749,31,3
17750,31,3
17751,31,3
17752,31,3
17753,31,3
17754,31,3
17755,31,3
17756,31,3
17757,31,3
17758,31,3
17759,31,3
17760,31,3
17761,31,3
17762,31,3
17763,31,3
17764,31,3
17765,31,3
17766,31,3
17767,31,3
17768,31,3
17769,31,3
17770,31,3
17771,31,3
17772,31,3
17773,31,3
17774,31,3
17775,31,3
17776,31,3
17777,31,3
17778,31,3
17779,32,3
17780,32,3
17781,32,3
17782,32,3
17783,32,3
17784,32,3
17785,32,3
17786,32,3
17787,32,3
17788,32,3
17789,32,3
17790,32,3
17791,32,3
17792,32,3
17793,32,3
17794,32,3
17795,32,3
17796,32,3
17797,32,3
17798,32,3
17799,32,3
17800,32,3
17801,32,3
17802,32,3
17803,32,3
17804,32,3
17805,32,3
17806,32,3
17807,32,3
17808,32,3
17809,32,3
17810,32,3
17811,32,3
17812,32,3
17813,32,3
17814,32,3
17815,32,3
17816,32,3
17817,32,3
17818,32,3
17819,32,3
17820,32,3
17821,32,3
17822,32,3
17823,32,3
17824,32,3
17825,32,3
17826,31,3
17827,31,3
17828,31,3
17829,31,3
17830,31,3
17831,31,3
17832,31,3
17833,31,3
17834,31,3
17835,31,3
17836,31,3
17837,31,3
17838,31,3
17839,31,3
17840,31,3
17841,31,3
17842,31,3
17843,31,3
17844,31,3
17845,31,3
17846,31,3
17847,31,3
17848,31,3
17849,31,3
17850,31,3
17851,31,3
17852,31,3
17853,31,3
17854,31,3
17855,31,3
17856,31,3
17857,31,3
17858,31,3
17859,31,3
17860,31,3
17861,31,3
17862,31,3
17863,31,3
17864,31,3
17865,31,3
17866,31,3
17867,31,3
17868,31,3
17869,31,3
17870,31,3
17871,31,3
17872,31,3
17873,31,3
17874,31,3
17875,31,3
17876,31,3
17877,31,3
17878,31,3
17879,31,3
17880,31,3
17881,31,3
17882,31,3
17883,31,3
17884,31,3
17885,31,3
17886,31,3
17887,31,3
17888,31,3
17889,31,3
17890,31,3
17891,31,3
17892,31,3
17893,31,3
17894,31,3
17895,31,3
17896,31,3
17897,31,3
17898,31,3
17899,31,3
17900,31,3
17901,31,3
17902,31,3
17903,31,3
17904,31,3
17905,31,3
17906,31,3
17907,32,3
17908,32,3
17909,32,3
17910,32,3
17911,32,3
17912,32,3
17913,33,3
17914,33,3
17915,33,3
17916,33,3
17917,33,3
17918,33,3
17919,33,3
17920,33,3
17921,33,3
17922,33,3
17923,33,3
17924,33,3
17925,33,3
17926,33,3
17927,32,3
17928,32,3
17929,32,3
17930,32,3
17931,32,3
17932,32,3
17933,32,3
17934,32,3
17935,32,3
17936,32,3
17937,32,3
17938,32,3
17939,32,3
17940,32,3
17941,32,3
17942,32,3
17943,32,3
17944,32,3
17945,32,3
17946,32,3
17947,32,3
17948,32,3
17949,32,3
17950,32,3
17951,32,3
17952,32,3
17953,32,3
17954,31,3
17955,31,3
17956,31,3
17957,31,3
17958,31,3
17959,31,3
17960,31,3
17961,31,3
17962,31,3
17963,31,3
17964,31,3
17965,31,3
17966,31,3
17967,31,3
17968,31,3
17969,31,3
17970,31,3
17971,31,3
17972,31,3
17973,31,3
17974,31,3
17975,31,3
17976,31,3
17977,31,3
17978,31,3
17979,31,3
17980,31,3
17981,31,3
17982,31,3
17983,31,3
17984,31,3
17985,31,3
17986,31,3
17987,31,3
17988,31,3
17989,31,3
17990,31,3
17991,31,3
17992,31,3
17993,30,2
17994,30,2
17995,30,2
17996,30,2
17997,30,2
17998,30,2
17999,30,2
18000,31,2
18001,31,2
18002,31,2
18003,31,2
18004,31,2
18005,31,2
18006,32,2
18007,32,2
18008,32,2
18009,32,2
18010,32,2
18011,32,2
18012,32,2
18013,32,2
18014,32,2
18015,32,2
18016,32,2
18017,32,2
18018,32,2
18019,32,2
18020,32,2
18021,32,2
18022,32,2
18023,32,2
18024,32,2
18025,32,2
18026,32,2
18027,32,2
18028,32,2
18029,32,2
18030,32,2
18031,32,2
18032,32,2
18033,32,2
18034,32,2
18035,32,2
18036,32,2
18037,33,2
18038,33,2
18039,33,2
18040,33,2
18041,33,2
18042,33,2
18043,33,2
18044,33,2
18045,33,2
18046,33,2
18047,33,2
18048,33,2
18049,33,2
18050,33,2
18051,33,2
18052,33,2
18053,33,2
18054,33,2
18055,33,2
18056,34,2
18057,34,2
18058,34,2
18059,34,2
18060,34,2
18061,34,2
18062,34,2
18063,34,2
18064,34,2
18065,34,2
18066,34,2
18067,34,2
18068,34,2
18069,34,2
18070,34,2
18071,34,2
18072,34,2
18073,34,2
18074,34,2
18075,34,2
18076,34,2
18077,34,2
18078,34,2
18079,34,2
18080,34,2
18081,34,2
18082,34,2
18083,34,2
18084,34,2
18085,34,2
18086,34,2
18087,34,2
18088,34,2
18089,34,2
18090,34,2
18091,34,2
18092,34,2
18093,34,2
18094,34,2
18095,34,2
18096,34,2
18097,34,2
18098,34,2
18099,34,2
18100,34,2
18101,34,2
18102,34,2
18103,34,2
18104,34,2
18105,34,2
18106,34,2
18107,34,2
18108,34,2
18109,34,2
18110,34,2
18111,34,2
18112,34,2
18113,34,2
18114,34,2
18115,34,2
18116,34,2
18117,34,2
18118,34,2
18119,34,2
18120,34,2
18121,34,2
18122,34,2
18123,34,2
18124,34,2
18125,34,2
18126,34,2
18127,34,2
18128,34,2
18129,34,2
18130,34,2
18131,34,2
18132,34,2
18133,35,3
18134,35,3
18135,35,3
18136,35,3
18137,35,3
18138,35,3
18139,35,3
18140,35,3
18141,35,3
18142,35,3
18143,35,3
18144,35,3
18145,35,3
18146,36,3
18147,36,3
18148,36,3
18149,36,3
18150,36,3
18151,36,3
18152,36,3
18153,35,3
18154,35,3
18155,35,3
18156,35,3
18157,35,3
18158,35,3
18159,35,3
18160,35,3
18161,35,3
18162,35,3
18163,35,3
18164,35,3
18165,35,3
18166,35,3
18167,35,3
18168,35,3
18169,35,3
18170,35,3
18171,35,3
18172,35,3
18173,35,3
18174,35,3
18175,35,3
18176,35,3
18177,35,3
18178,35,3
18179,35,3
18180,35,3
18181,35,3
18182,35,3
18183,35,3
18184,35,3
18185,35,3
18186,35,3
18187,35,3
18188,35,3
18189,35,3
18190,35,3
18191,35,3
18192,35,3
18193,34,3
18194,34,3
18195,34,3
18196,34,3
18197,34,3
18198,34,3
18199,34,3
18200,34,3
18201,34,3
18202,34,3
18203,34,3
18204,34,3
18205,34,3
18206,34,3
18207,34,3
18208,34,3
18209,34,3
18210,34,3
18211,34,3
18212,34,3
18213,34,3
18214,34,3
18215,34,3
18216,34,3
18217,34,3
18218,34,3
18219,34,3
18220,34,3
18221,34,3
18222,34,3
18223,34,3
18224,34,3
18225,34,3
18226,34,3
18227,34,3
18228,34,3
18229,34,3
18230,34,3
18231,34,3
18232,34,3
18233,34,3
18234,34,3
18235,34,3
18236,34,3
18237,34,3
18238,34,3
18239,34,3
18240,34,3
18241,34,3
18242,34,3
18243,34,3
18244,34,3
18245,34,3
18246,34,3
18247,34,3
18248,34,3
18249,34,3
18250,35,3
18251,34,3
18252,34,3
18253,34,3
18254,34,3
18255,34,3
18256,34,3
18257,34,3
18258,34,3
18259,34,3
18260,34,3
18261,34,3
18262,34,3
18263,34,3
18264,34,3
18265,34,3
18266,34,3
18267,34,3
18268,34,3
18269,34,3
18270,34,3
18271,34,3
18272,35,3
18273,35,3
18274,35,3
18275,35,3
18276,35,3
18277,35,3
18278,35,3
18279,35,3
18280,35,3
18281,35,3
18282,35,3
18283,35,3
18284,34,3
18285,34,3
18286,34,3
18287,34,3
18288,35,3
18289,36,3
18290,36,3
18291,36,3
18292,36,3
18293,36,3
18294,36,3
18295,36,3
18296,36,3
18297,36,3
18298,36,3
18299,36,3
18300,36,3
18301,36,3
18302,36,3
18303,36,3
18304,36,3
18305,36,3
18306,36,3
18307,36,3
18308,37,3
18309,37,3
18310,37,3
18311,37,3
18312,37,3
18313,37,3
18314,37,3
18315,37,3
18316,37,3
18317,37,3
18318,37,3
18319,37,3
18320,37,3
18321,37,3
18322,37,3
18323,37,3
18324,37,3
18325,37,3
18326,37,3
18327,36,3
18328,36,3
18329,36,3
18330,36,3
18331,36,3
18332,36,3
18333,36,3
18334,36,3
18335,36,3
18336,36,3
18337,36,3
18338,36,3
18339,36,3
18340,36,3
18341,36,3
18342,36,3
18343,36,3
18344,36,3
18345,36,3
18346,36,3
18347,36,3
18348,36,3
18349,36,3
18350,36,3
18351,36,3
18352,36,3
18353,36,3
18354,36,3
18355,36,3
18356,36,3
18357,36,3
18358,36,3
18359,36,3
18360,36,3
18361,36,3
18362,36,3
18363,36,3
18364,36,3
18365,36,3
18366,36,3
18367,36,3
18368,36,3
18369,36,3
18370,36,3
18371,36,3
18372,36,3
18373,36,3
18374,36,3
18375,36,3
18376,36,3
18377,36,3
18378,36,3
18379,36,3
18380,36,3
18381,36,3
18382,36,3
18383,36,3
18384,36,3
18385,36,3
18386,36,3
18387,36,3
18388,36,3
18389,35,3
18390,35,3
18391,35,3
18392,35,3
18393,35,3
18394,35,3
18395,35,3
18396,35,3
18397,35,3
18398,35,3
18399,35,3
18400,35,3
18401,35,3
18402,35,3
18403,35,3
18404,35,3
18405,35,3
18406,35,3
18407,35,3
18408,35,3
18409,35,3
18410,35,3
18411,35,3
18412,35,3
18413,35,3
18414,35,3
18415,35,3
18416,35,3
18417,35,3
18418,35,3
18419,35,3
18420,35,3
18421,35,3
18422,34,3
18423,34,3
18424,34,3
18425,34,3
18426,34,3
18427,34,3
18428,34,3
18429,34,3
18430,34,3
18431,34,3
18432,34,3
18433,34,3
18434,34,3
18435,34,3
18436,34,3
18437,34,3
18438,34,3
18439,34,3
18440,34,3
18441,34,3
18442,34,3
18443,34,3
18444,34,3
18445,34,3
18446,34,3
18447,34,3
18448,34,3
18449,34,3
18450,34,3
18451,34,3
18452,34,3
18453,34,3
18454,34,3
18455,34,3
18456,34,3
18457,34,3
18458,34,3
18459,34,3
18460,34,3
18461,34,3
18462,34,3
18463,34,3
18464,34,3
18465,34,3
18466,34,3
18467,34,3
18468,34,3
18469,34,3
18470,34,3
18471,34,3
18472,34,3
18473,34,3
18474,34,3
18475,34,3
18476,34,3
18477,34,3
18478,34,3
18479,34,3
18480,34,3
18481,34,3
18482,33,3
18483,33,3
18484,33,3
18485,33,3
18486,33,3
18487,33,3
18488,32,3
18489,33,3
18490,33,3
18491,33,3
18492,33,3
18493,33,3
18494,33,3
18495,33,3
18496,33,3
18497,33,3
18498,33,3
18499,33,3
18500,33,3
18501,33,3
18502,33,3
18503,33,3
18504,33,3
18505,33,3
18506,33,3
18507,33,3
18508,33,3
18509,33,3
18510,33,3
18511,33,3
18512,33,3
18513,33,3
18514,33,3
18515,33,3
18516,33,3
18517,33,3
18518,33,3
18519,33,3
18520,33,3
18521,33,3
18522,33,3
18523,33,3
18524,33,3
18525,33,3
18526,33,3
18527,33,3
18528,33,3
18529,32,3
18530,32,3
18531,32,3
18532,32,3
18533,32,3
18534,32,3
18535,32,3
18536,32,3
18537,32,3
18538,32,3
18539,32,3
18540,32,3
18541,32,3
18542,32,3
18543,32,3
18544,32,3
18545,32,3
18546,32,3
18547,32,3
18548,32,3
18549,32,3
18550,32,3
18551,32,3
18552,32,3
18553,32,3
18554,32,3
18555,32,3
18556,32,3
18557,32,3
18558,32,3
18559,33,3
18560,33,3
18561,33,3
18562,33,3
18563,33,3
18564,33,3
18565,33,3
18566,33,3
18567,33,3
18568,33,3
18569,33,3
18570,33,3
18571,33,3
18572,33,3
18573,33,3
18574,33,3
18575,33,3
18576,33,3
18577,33,3
18578,33,3
18579,33,3
18580,33,3
18581,33,3
18582,33,3
18583,33,3
18584,33,3
18585,33,3
18586,33,3
18587,33,3
18588,33,3
18589,33,3
18590,32,3
18591,32,3
18592,32,3
18593,32,3
18594,32,3
18595,31,3
18596,31,3
18597,31,3
18598,31,3
18599,31,3
18600,31,3
18601,31,3
18602,31,3
18603,31,3
18604,31,3
18605,31,3
18606,31,3
18607,31,3
18608,31,3
18609,31,3
18610,31,3
18611,31,3
18612,31,3
18613,31,3
18614,31,3
18615,31,3
18616,31,3
18617,31,3
18618,31,3
18619,31,3
18620,31,3
18621,31,3
18622,31,3
18623,31,3
18624,31,3
18625,31,3
18626,31,3
18627,31,3
18628,31,3
18629,31,3
18630,31,3
18631,31,3
18632,31,3
18633,31,3
18634,31,3
18635,31,3
18636,31,3
18637,31,3
18638,31,3
18639,31,3
18640,31,3
18641,31,3
18642,31,3
18643,31,3
18644,31,3
18645,31,3
18646,31,3
18647,31,3
18648,31,3
18649,32,3
18650,32,3
18651,32,3
18652,32,3
18653,32,3
18654,32,3
18655,32,3
18656,31,3
18657,31,3
18658,31,3
18659,31,3
18660,31,3
18661,31,3
18662,31,3
18663,31,3
18664,31,3
18665,31,3
18666,31,3
18667,31,3
18668,31,3
18669,31,3
18670,31,3
18671,31,3
18672,31,3
18673,31,3
18674,31,3
18675,31,3
18676,31,3
18677,31,3
18678,31,3
18679,31,3
18680,30,3
18681,30,3
18682,30,3
18683,30,3
18684,30,3
18685,30,3
18686,30,3
18687,30,3
18688,30,3
18689,29,3
18690,29,3
18691,29,3
18692,29,3
18693,29,3
18694,29,3
18695,29,3
18696,29,3
18697,29,3
18698,29,3
18699,29,3
18700,29,3
18701,29,3
18702,29,3
18703,29,3
18704,29,3
18705,29,3
18706,29,3
18707,29,3
18708,29,3
18709,29,3
18710,29,3
18711,29,3
18712,29,3
18713,30,3
18714,30,3
18715,30,3
18716,30,3
18717,30,3
18718,30,3
18719,30,3
18720,30,3
18721,30,3
18722,30,3
18723,30,3
18724,30,3
18725,30,3
18726,30,3
18727,30,3
18728,30,3
18729,30,3
18730,30,3
18731,30,3
18732,30,3
18733,30,3
18734,30,3
18735,30,3
18736,30,3
18737,30,3
18738,30,3
18739,30,3
18740,30,3
18741,30,3
18742,30,3
18743,30,3
18744,30,3
18745,30,3
18746,29,3
18747,29,3
18748,29,3
18749,29,3
18750,29,3
18751,29,3
18752,29,3
18753,29,3
18754,29,3
18755,29,3
18756,29,3
18757,29,3
18758,29,3
18759,29,3
18760,29,3
18761,29,3
18762,29,3
18763,29,3
18764,29,3
18765,29,3
18766,29,3
18767,29,3
18768,29,3
18769,29,3
18770,29,3
18771,29,3
18772,29,3
18773,29,3
18774,29,3
18775,29,3
18776,29,3
18777,29,3
18778,29,3
18779,29,3
18780,29,3
18781,29,3
18782,29,3
18783,29,3
18784,29,3
18785,29,3
18786,29,3
18787,29,3
18788,29,3
18789,29,3
18790,29,3
18791,29,3
18792,29,3
18793,29,3
18794,29,3
18795,29,3
18796,29,3
18797,29,3
18798,29,3
18799,29,3
18800,30,3
18801,30,3
18802,30,3
18803,30,3
18804,30,3
18805,30,3
18806,30,3
18807,30,3
18808,30,3
18809,31,3
18810,31,3
18811,31,3
18812,31,3
18813,31,3
18814,31,3
18815,31,3
18816,31,3
18817,31,3
18818,31,3
18819,31,3
18820,31,3
18821,31,3
18822,31,3
18823,31,3
18824,31,3
18825,31,3
18826,31,3
18827,31,3
18828,31,3
18829,31,3
18830,31,3
18831,31,3
18832,31,3
18833,31,3
18834,31,3
18835,31,3
18836,31,3
18837,31,3
18838,31,3
18839,31,3
18840,31,3
18841,31,3
18842,31,3
18843,31,3
18844,31,3
18845,31,3
18846,31,3
18847,31,3
18848,31,3
18849,31,3
18850,31,3
18851,31,3
18852,31,3
18853,31,3
18854,31,3
18855,31,3
18856,30,3
18857,30,3
18858,30,3
18859,30,3
18860,30,3
18861,30,3
18862,30,3
18863,30,3
18864,30,3
18865,30,3
18866,30,3
18867,30,3
18868,30,3
18869,30,3
18870,30,3
18871,30,3
18872,30,3
18873,30,3
18874,30,3
18875,30,3
18876,30,3
18877,30,3
18878,30,3
18879,31,3
18880,31,3
18881,31,3
18882,31,3
18883,31,3
18884,31,3
18885,31,3
18886,31,3
18887,31,3
18888,31,3
18889,30,3
18890,31,3
18891,31,3
18892,31,3
18893,31,3
18894,31,3
18895,31,3
18896,31,3
18897,31,3
18898,31,3
18899,31,3
18900,31,3
18901,31,3
18902,31,3
18903,31,3
18904,31,3
18905,31,3
18906,31,3
18907,31,3
18908,31,3
18909,31,3
18910,31,3
18911,31,3
18912,31,3
18913,31,3
18914,31,3
18915,31,3
18916,31,3
18917,31,3
18918,31,3
18919,31,3
18920,31,3
18921,31,3
18922,31,3
18923,31,3
18924,31,3
18925,31,3
18926,31,3
18927,31,3
18928,31,3
18929,31,3
18930,31,3
18931,31,3
18932,31,3
18933,31,3
18934,31,3
18935,31,3
18936,31,3
18937,31,3
18938,32,3
18939,32,3
18940,32,3
18941,32,3
18942,32,3
18943,32,3
18944,32,3
18945,32,3
18946,32,3
18947,32,3
18948,32,3
18949,32,3
18950,32,3
18951,32,3
18952,32,3
18953,32,3
18954,32,3
18955,32,3
18956,32,3
18957,32,3
18958,32,3
18959,32,3
18960,32,3
18961,32,3
18962,32,3
18963,32,3
18964,32,3
18965,32,3
18966,32,3
18967,32,3
18968,32,3
18969,32,3
18970,32,3
18971,32,3
18972,32,3
18973,32,3
18974,32,3
18975,32,3
18976,32,3
18977,32,3
18978,32,3
18979,32,3
18980,32,3
18981,32,3
18982,32,3
18983,32,3
18984,32,3
18985,32,3
18986,32,3
18987,32,3
18988,32,3
18989,32,3
18990,32,3
18991,32,3
18992,32,3
18993,32,3
18994,32,3
18995,32,3
18996,32,3
18997,32,3
18998,32,3
18999,32,3
19000,32,3
19001,32,3
19002,32,3
19003,32,3
19004,32,3
19005,32,3
19006,32,3
19007,33,3
19008,33,3
19009,33,3
19010,33,3
19011,33,3
19012,33,3
19013,33,3
19014,33,3
19015,33,3
19016,33,3
19017,33,3
19018,33,3
19019,33,3
19020,33,3
19021,33,3
19022,33,3
19023,33,3
19024,33,3
19025,33,3
19026,33,3
19027,33,3
19028,33,3
19029,33,3
19030,33,3
19031,33,3
19032,33,3
19033,33,3
19034,33,3
19035,33,3
19036,33,3
19037,33,3
19038,33,3
19039,32,3
19040,32,3
19041,32,3
19042,32,3
19043,32,3
19044,32,3
19045,32,3
19046,32,3
19047,32,3
19048,32,3
19049,32,3
19050,32,3
19051,32,3
19052,32,3
19053,32,3
19054,32,3
19055,32,3
19056,32,3
19057,32,3
19058,32,3
19059,32,3
19060,32,3
19061,32,3
19062,32,3
19063,32,3
19064,32,3
19065,32,3
19066,31,2
19067,31,2
19068,31,2
19069,31,2
19070,31,2
19071,31,2
19072,31,2
19073,31,2
19074,31,2
19075,31,2
19076,31,2
19077,31,2
19078,31,2
19079,31,2
19080,31,2
19081,31,2
19082,31,2
19083,31,2
19084,31,2
19085,31,2
19086,31,2
19087,31,2
19088,31,2
19089,31,2
19090,31,2
19091,31,2
19092,31,2
19093,31,2
19094,31,2
19095,31,2
19096,31,2
19097,31,2
19098,31,2
19099,31,2
19100,31,2
19101,31,2
19102,31,2
19103,31,2
19104,31,2
19105,31,2
19106,31,2
19107,31,2
19108,31,2
19109,31,2
19110,31,2
19111,31,2
19112,31,2
19113,31,2
19114,31,2
19115,31,2
19116,31,2
19117,31,2
19118,31,2
19119,31,2
19120,31,2
19121,31,2
19122,31,2
19123,31,2
19124,31,2
19125,31,2
19126,31,2
19127,31,2
19128,31,2
19129,31,2
19130,31,2
19131,31,2
19132,31,2
19133,31,2
19134,31,2
19135,31,2
19136,31,2
19137,31,2
19138,31,2
19139,31,2
19140,31,2
19141,31,2
19142,31,2
19143,31,2
19144,31,2
19145,31,2
19146,31,2
19147,31,2
19148,31,2
19149,31,2
19150,31,2
19151,31,2
19152,31,2
19153,31,2
19154,31,2
19155,31,2
19156,31,2
19157,31,2
19158,31,2
19159,31,2
19160,31,2
19161,31,2
19162,31,2
19163,31,2
19164,31,2
19165,31,2
19166,31,2
19167,31,2
19168,31,2
19169,31,2
19170,31,2
19171,31,2
19172,31,2
19173,31,2
19174,31,2
19175,31,2
19176,31,2
19177,31,2
19178,31,2
19179,31,2
19180,31,2
19181,31,2
19182,31,2
19183,31,2
19184,31,2
19185,31,2
19186,31,2
19187,31,2
19188,31,2
19189,31,2
19190,31,2
19191,31,2
19192,31,2
19193,31,2
19194,31,2
19195,31,2
19196,31,2
19197,31,2
19198,30,2
19199,30,2
19200,30,2
19201,30,2
19202,30,2
19203,30,2
19204,30,2
19205,30,2
19206,30,2
19207,31,2
19208,31,2
19209,31,2
19210,31,2
19211,31,2
19212,31,2
19213,31,2
19214,31,2
19215,31,2
19216,31,2
19217,31,2
19218,31,2
19219,31,2
19220,31,2
19221,31,2
19222,32,2
19223,32,2
19224,32,2
19225,32,2
19226,32,2
19227,32,2
19228,32,2
19229,32,2
19230,32,2
19231,32,2
19232,32,2
19233,32,2
19234,32,2
19235,32,2
19236,32,2
19237,32,2
19238,32,2
19239,32,2
19240,32,2
19241,32,2
19242,32,2
19243,32,2
19244,32,2
19245,32,2
19246,32,2
19247,32,2
19248,32,2
19249,32,2
19250,32,2
19251,32,2
19252,32,2
19253,32,2
19254,32,2
19255,32,2
19256,32,2
19257,32,2
19258,31,2
19259,31,2
19260,32,2
19261,32,2
19262,32,2
19263,32,2
19264,32,2
19265,32,2
19266,32,2
19267,32,2
19268,32,2
19269,32,2
19270,32,2
19271,32,2
19272,32,2
19273,32,2
19274,32,2
19275,32,2
19276,32,2
19277,32,2
19278,32,2
19279,32,2
19280,32,2
19281,33,2
19282,33,2
19283,33,2
19284,33,2
19285,33,2
19286,33,2
19287,33,2
19288,33,2
19289,33,2
19290,33,2
19291,33,2
19292,33,2
19293,33,2
19294,33,2
19295,33,2
19296,33,2
19297,33,2
19298,33,2
19299,33,2
19300,33,2
19301,33,2
19302,33,2
19303,33,2
19304,33,2
19305,33,2
19306,33,2
19307,33,2
19308,33,2
19309,33,2
19310,33,2
19311,33,2
19312,33,2
19313,33,2
19314,33,2
19315,33,2
19316,33,2
19317,33,2
19318,33,2
19319,33,2
19320,33,2
19321,33,2
19322,33,2
19323,33,2
19324,33,2
19325,33,2
19326,33,2
19327,33,2
19328,33,2
19329,33,2
19330,33,2
19331,33,2
19332,33,2
19333,33,2
19334,33,2
19335,33,2
19336,33,2
19337,33,2
19338,33,2
19339,33,2
19340,33,2
19341,33,2
19342,33,2
19343,33,2
19344,33,2
19345,33,2
19346,33,2
19347,33,2
19348,33,2
19349,33,2
19350,33,2
19351,33,2
19352,33,2
19353,33,2
19354,33,2
19355,33,2
19356,33,2
19357,33,2
19358,33,2
19359,32,1
19360,33,1
19361,33,1
19362,33,1
19363,33,1
19364,33,1
19365,33,1
19366,33,1
19367,33,1
19368,33,1
19369,33,1
19370,33,1
19371,33,1
19372,33,1
19373,33,1
19374,33,1
19375,33,1
19376,33,1
19377,33,1
19378,33,1
19379,33,1
19380,33,1
19381,33,1
19382,33,1
19383,33,1
19384,33,1
19385,33,1
19386,33,1
19387,33,1
19388,33,1
19389,33,1
19390,33,1
19391,33,1
19392,33,1
19393,33,1
19394,33,1
19395,33,1
19396,33,1
19397,33,1
19398,33,1
19399,33,1
19400,33,1
19401,33,1
19402,33,1
19403,33,1
19404,33,1
19405,33,1
19406,33,1
19407,33,1
19408,33,1
19409,33,1
19410,33,1
19411,33,1
19412,33,1
19413,33,1
19414,33,1
19415,34,2
19416,34,2
19417,34,2
19418,34,2
19419,34,2
19420,34,2
19421,34,2
19422,34,2
19423,34,2
19424,34,2
19425,35,2
19426,35,2
19427,35,2
19428,35,2
19429,35,2
19430,35,2
19431,35,2
19432,35,2
19433,35,2
19434,35,2
19435,35,2
19436,35,2
19437,36,2
19438,36,2
19439,36,2
19440,36,2
19441,36,2
19442,36,2
19443,36,2
19444,36,2
19445,36,2
19446,36,2
19447,36,2
19448,36,2
19449,36,2
19450,36,2
19451,36,2
19452,36,2
19453,36,2
19454,36,2
19455,36,2
19456,36,2
19457,36,2
19458,36,2
19459,36,2
19460,36,2
19461,36,2
19462,36,2
19463,36,2
19464,36,2
19465,36,2
19466,36,2
19467,36,2
19468,36,2
19469,36,2
19470,36,2
19471,36,2
19472,36,2
19473,36,2
19474,36,2
19475,36,2
19476,36,2
19477,36,2
19478,36,2
19479,36,2
19480,36,2
19481,36,2
19482,36,2
19483,36,2
19484,36,2
19485,36,2
19486,36,2
19487,36,2
19488,36,2
19489,36,2
19490,36,2
19491,36,2
19492,36,2
19493,36,2
19494,36,2
19495,36,2
19496,36,2
19497,36,2
19498,36,2
19499,36,2
19500,36,2
19501,36,2
19502,36,2
19503,36,2
19504,36,2
19505,36,2
19506,36,2
19507,36,2
19508,36,2
19509,36,2
19510,36,2
19511,36,2
19512,36,2
19513,36,2
19514,36,2
19515,36,2
19516,36,2
19517,36,2
19518,36,2
19519,36,2
19520,36,2
19521,36,2
19522,36,2
19523,36,2
19524,36,2
19525,36,2
19526,36,2
19527,36,2
19528,36,2
19529,36,2
19530,36,2
19531,36,2
19532,36,2
19533,36,2
19534,36,2
19535,36,2
19536,36,2
19537,36,2
19538,36,2
19539,36,2
19540,36,2
19541,36,2
19542,36,2
19543,36,2
19544,36,2
19545,36,2
19546,36,2
19547,36,2
19548,36,2
19549,36,2
19550,36,2
19551,36,2
19552,36,2
19553,36,2
19554,36,2
19555,36,2
19556,36,2
19557,36,2
19558,36,2
19559,36,2
19560,36,2
19561,36,2
19562,36,2
19563,36,2
19564,36,2
19565,36,2
19566,36,2
19567,36,2
19568,36,2
19569,36,2
19570,36,2
19571,36,2
19572,36,2
19573,36,2
19574,36,2
19575,36,2
19576,36,2
19577,36,2
19578,36,2
19579,36,2
19580,36,2
19581,36,2
19582,36,2
19583,36,2
19584,36,2
19585,36,2
19586,36,2
19587,36,2
19588,36,2
19589,36,2
19590,36,2
19591,36,2
19592,36,2
19593,36,2
19594,36,2
19595,36,2
19596,36,2
19597,36,2
19598,36,2
19599,36,2
19600,36,2
19601,36,2
19602,36,2
19603,36,2
19604,36,2
19605,36,2
19606,36,2
19607,36,2
19608,36,2
19609,36,2
19610,36,2
19611,36,2
19612,36,2
19613,35,2
19614,35,2
19615,36,2
19616,36,2
19617,36,2
19618,36,2
19619,36,2
19620,36,2
19621,36,2
19622,36,2
19623,36,2
19624,36,2
19625,36,2
19626,36,2
19627,36,2
19628,36,2
19629,36,2
19630,36,2
19631,36,2
19632,36,2
19633,36,2
19634,36,2
19635,36,2
19636,36,2
19637,36,2
19638,36,2
19639,36,2
19640,36,2
19641,36,2
19642,36,2
19643,36,2
19644,36,2
19645,36,2
19646,36,2
19647,36,2
19648,36,2
19649,36,2
19650,36,2
19651,36,2
19652,36,2
19653,36,2
19654,36,2
19655,36,2
19656,36,2
19657,36,2
19658,36,2
19659,36,2
19660,37,2
19661,37,2
19662,37,2
19663,37,2
19664,37,2
19665,37,2
19666,37,2
19667,37,2
19668,37,2
19669,37,2
19670,37,2
19671,37,2
19672,37,2
19673,37,2
19674,37,2
19675,37,2
19676,37,2
19677,37,2
19678,37,2
19679,37,2
19680,37,2
19681,37,2
19682,37,2
19683,37,2
19684,37,2
19685,37,2
19686,37,2
19687,37,2
19688,37,2
19689,37,2
19690,37,2
19691,37,2
19692,37,2
19693,37,2
19694,37,2
19695,37,2
19696,37,2
19697,37,2
19698,37,2
19699,37,2
19700,37,2
19701,37,2
19702,37,2
19703,37,2
19704,37,2
19705,37,2
19706,37,2
19707,37,2
19708,37,2
19709,37,2
19710,37,2
19711,37,2
19712,38,2
19713,38,2
19714,38,2
19715,38,2
19716,38,2
19717,38,2
19718,38,2
19719,38,2
19720,38,2
19721,38,2
19722,38,2
19723,38,2
19724,38,2
19725,38,2
19726,38,2
19727,38,2
19728,38,2
19729,38,2
19730,38,2
19731,38,2
19732,38,2
19733,38,2
19734,38,2
19735,38,2
19736,38,2
19737,38,2
19738,38,2
19739,38,2
19740,38,2
19741,38,2
19742,38,2
19743,38,2
19744,38,2
19745,38,2
19746,38,2
19747,38,2
19748,38,2
19749,38,2
19750,38,2
19751,38,2
19752,38,2
19753,38,2
19754,38,2
19755,38,2
19756,38,2
19757,38,2
19758,38,2
19759,38,2
19760,38,2
19761,38,2
19762,38,2
19763,38,2
19764,38,2
19765,38,2
19766,38,2
19767,38,2
19768,38,2
19769,38,2
19770,38,2
19771,38,2
19772,38,2
19773,38,2
19774,38,2
19775,38,2
19776,38,2
19777,38,2
19778,38,2
19779,38,2
19780,38,2
19781,37,2
19782,37,2
19783,37,2
19784,37,2
19785,37,2
19786,37,2
19787,37,2
19788,37,2
19789,37,2
19790,37,2
19791,37,2
19792,37,2
19793,37,2
19794,37,2
19795,37,2
19796,37,2
19797,37,2
19798,37,2
19799,37,2
19800,37,2
19801,37,2
19802,37,2
19803,37,2
19804,37,2
19805,37,2
19806,37,2
19807,37,2
19808,37,2
19809,37,2
19810,37,2
19811,38,3
19812,38,3
19813,38,3
19814,38,3
19815,38,3
19816,38,3
19817,38,3
19818,38,3
19819,38,3
19820,38,3
19821,38,3
19822,38,3
19823,38,3
19824,38,3
19825,38,3
19826,38,3
19827,38,3
19828,38,3
19829,38,3
19830,38,3
19831,38,3
19832,38,3
19833,38,3
19834,38,3
19835,38,3
19836,38,3
19837,38,3
19838,38,3
19839,38,3
19840,38,3
19841,39,3
19842,39,3
19843,39,3
19844,39,3
19845,39,3
19846,39,3
19847,38,3
19848,38,3
19849,38,3
19850,38,3
19851,38,3
19852,38,3
19853,38,3
19854,38,3
19855,38,3
19856,37,2
19857,37,2
19858,37,2
19859,37,2
19860,38,2
19861,38,2
19862,38,2
19863,38,2
19864,38,2
19865,38,2
19866,38,2
19867,38,2
19868,38,2
19869,38,2
19870,38,2
19871,38,2
19872,38,2
19873,38,2
19874,38,2
19875,38,2
19876,38,2
19877,38,2
19878,38,2
19879,38,2
19880,38,2
19881,38,2
19882,38,2
19883,38,2
19884,38,2
19885,38,2
19886,38,2
19887,38,2
19888,38,2
19889,38,2
19890,38,2
19891,38,2
19892,38,2
19893,38,2
19894,38,2
19895,38,2
19896,38,2
19897,38,2
19898,38,2
19899,38,2
19900,38,2
19901,38,2
19902,38,2
19903,38,2
19904,38,2
19905,38,2
19906,38,2
19907,38,2
19908,38,2
19909,38,2
19910,38,2
19911,38,2
19912,38,2
19913,38,2
19914,38,2
19915,38,2
19916,38,2
19917,38,2
19918,38,2
19919,38,2
19920,38,2
19921,38,2
19922,38,2
19923,38,2
19924,38,2
19925,38,2
19926,38,2
19927,38,2
19928,38,2
19929,38,2
19930,38,2
19931,38,2
19932,38,2
19933,38,2
19934,38,2
19935,38,2
19936,39,2
19937,41,2
19938,41,2
19939,41,2
19940,41,2
19941,41,2
19942,41,2
19943,41,2
19944,41,2
19945,41,2
19946,41,2
19947,41,2
19948,41,2
19949,41,2
19950,41,2
19951,41,2
19952,41,2
19953,41,2
19954,41,2
19955,41,2
19956,41,2
19957,41,2
19958,41,2
19959,41,2
19960,41,2
19961,41,2
19962,41,2
19963,41,2
19964,41,2
19965,41,2
19966,41,2
19967,41,2
19968,41,2
19969,41,2
19970,41,2
19971,41,2
19972,41,2
19973,41,2
19974,41,2
19975,41,2
19976,41,2
19977,41,2
19978,41,2
19979,41,2
19980,41,2
19981,41,2
19982,41,2
19983,41,2
19984,41,2
19985,41,2
19986,41,2
19987,41,2
19988,41,2
19989,41,2
19990,41,2
19991,41,2
19992,41,2
19993,41,2
19994,41,2
19995,41,2
19996,41,2
19997,41,2
19998,41,2
19999,41,2
