remainingTime,dirtLevel,badDirtLevel
0,0,0
1,0,0
2,0,0
3,0,0
4,0,0
5,0,0
6,0,0
7,0,0
8,0,0
9,0,0
10,0,0
11,0,0
12,0,0
13,0,0
14,0,0
15,0,0
16,0,0
17,0,0
18,0,0
19,0,0
20,0,0
21,0,0
22,0,0
23,0,0
24,0,0
25,0,0
26,0,0
27,0,0
28,0,0
29,0,0
30,0,0
31,0,0
32,0,0
33,0,0
34,0,0
35,0,0
36,0,0
37,0,0
38,0,0
39,0,0
40,0,0
41,0,0
42,0,0
43,0,0
44,0,0
45,0,0
46,0,0
47,0,0
48,0,0
49,0,0
50,0,0
51,1,0
52,1,0
53,1,0
54,1,0
55,1,0
56,1,0
57,1,0
58,1,0
59,1,0
60,1,0
61,1,0
62,1,0
63,1,0
64,1,0
65,1,0
66,1,0
67,1,0
68,1,0
69,1,0
70,1,0
71,1,0
72,1,0
73,1,0
74,1,0
75,1,0
76,1,0
77,1,0
78,1,0
79,1,0
80,1,0
81,1,0
82,1,0
83,1,0
84,1,0
85,1,0
86,1,0
87,1,0
88,1,0
89,1,0
90,1,0
91,1,0
92,1,0
93,1,0
94,1,0
95,1,0
96,1,0
97,1,0
98,1,0
99,1,0
100,1,0
101,1,0
102,1,0
103,1,0
104,1,0
105,1,0
106,1,0
107,1,0
108,1,0
109,1,0
110,1,0
111,1,0
112,1,0
113,1,0
114,1,0
115,1,0
116,1,0
117,1,0
118,1,0
119,1,0
120,1,0
121,1,0
122,1,0
123,1,0
124,1,0
125,1,0
126,1,0
127,1,0
128,1,0
129,1,0
130,1,0
131,1,0
132,1,0
133,1,0
134,1,0
135,1,0
136,1,0
137,1,0
138,1,0
139,1,0
140,1,0
141,1,0
142,1,0
143,1,0
144,1,0
145,1,0
146,1,0
147,1,0
148,1,0
149,1,0
150,1,0
151,1,0
152,1,0
153,1,0
154,1,0
155,1,0
156,1,0
157,1,0
158,1,0
159,1,0
160,1,0
161,1,0
162,1,0
163,1,0
164,1,0
165,1,0
166,1,0
167,1,0
168,1,0
169,1,0
170,1,0
171,1,0
172,1,0
173,1,0
174,1,0
175,1,0
176,1,0
177,1,0
178,1,0
179,1,0
180,1,0
181,1,0
182,1,0
183,1,0
184,1,0
185,1,0
186,1,0
187,1,0
188,1,0
189,1,0
190,1,0
191,1,0
192,1,0
193,1,0
194,1,0
195,1,0
196,1,0
197,1,0
198,1,0
199,1,0
200,1,0
201,1,0
202,1,0
203,1,0
204,1,0
205,1,0
206,1,0
207,1,0
208,1,0
209,1,0
210,1,0
211,1,0
212,1,0
213,1,0
214,1,0
215,1,0
216,1,0
217,1,0
218,1,0
219,1,0
220,1,0
221,1,0
222,1,0
223,1,0
224,1,0
225,1,0
226,1,0
227,1,0
228,1,0
229,1,0
230,1,0
231,1,0
232,1,0
233,1,0
234,1,0
235,1,0
236,1,0
237,1,0
238,1,0
239,1,0
240,1,0
241,1,0
242,1,0
243,1,0
244,1,0
245,1,0
246,1,0
247,1,0
248,1,0
249,1,0
250,1,0
251,1,0
252,1,0
253,1,0
254,1,0
255,1,0
256,1,0
257,1,0
258,1,0
259,1,0
260,1,0
261,1,0
262,1,0
263,2,0
264,2,0
265,2,0
266,2,0
267,2,0
268,2,0
269,2,0
270,2,0
271,2,0
272,2,0
273,2,0
274,2,0
275,2,0
276,2,0
277,2,0
278,2,0
279,2,0
280,2,0
281,2,0
282,2,0
283,2,0
284,2,0
285,2,0
286,2,0
287,2,0
288,2,0
289,2,0
290,2,0
291,3,0
292,3,0
293,3,0
294,3,0
295,3,0
296,3,0
297,3,0
298,3,0
299,3,0
300,3,0
301,3,0
302,3,0
303,3,0
304,3,0
305,3,0
306,3,0
307,3,0
308,3,0
309,3,0
310,3,0
311,3,0
312,3,0
313,3,0
314,3,0
315,3,0
316,3,0
317,3,0
318,3,0
319,3,0
320,3,0
321,3,0
322,3,0
323,3,0
324,3,0
325,3,0
326,3,0
327,3,0
328,3,0
329,3,0
330,3,0
331,3,0
332,3,0
333,3,0
334,3,0
335,3,0
336,3,0
337,4,0
338,4,0
339,4,0
340,4,0
341,4,0
342,4,0
343,4,0
344,4,0
345,4,0
346,4,0
347,4,0
348,4,0
349,4,0
350,4,0
351,4,0
352,4,0
353,4,0
354,4,0
355,4,0
356,4,0
357,4,0
358,4,0
359,4,0
360,4,0
361,4,0
362,4,0
363,4,0
364,4,0
365,4,0
366,4,0
367,4,0
368,4,0
369,4,0
370,4,0
371,4,0
372,4,0
373,4,0
374,4,0
375,4,0
376,4,0
377,4,0
378,4,0
379,4,0
380,4,0
381,4,0
382,4,0
383,4,0
384,4,0
385,4,0
386,4,0
387,4,0
388,4,0
389,4,0
390,4,0
391,4,0
392,4,0
393,4,0
394,4,0
395,4,0
396,4,0
397,4,0
398,4,0
399,4,0
400,4,0
401,4,0
402,4,0
403,4,0
404,4,0
405,4,0
406,4,0
407,4,0
408,4,0
409,4,0
410,4,0
411,4,0
412,4,0
413,4,0
414,4,0
415,4,0
416,4,0
417,4,0
418,4,0
419,4,0
420,4,0
421,4,0
422,4,0
423,4,0
424,4,0
425,4,0
426,4,0
427,4,0
428,4,0
429,4,0
430,4,0
431,4,0
432,4,0
433,4,0
434,4,0
435,4,0
436,4,0
437,4,0
438,4,0
439,4,0
440,4,0
441,4,0
442,4,0
443,4,0
444,4,0
445,4,0
446,4,0
447,4,0
448,4,0
449,4,0
450,4,0
451,4,0
452,4,0
453,4,0
454,4,0
455,4,0
456,4,0
457,4,0
458,4,0
459,4,0
460,4,0
461,5,0
462,5,0
463,5,0
464,5,0
465,5,0
466,5,0
467,5,0
468,5,0
469,5,0
470,5,0
471,5,0
472,5,0
473,5,0
474,5,0
475,5,0
476,5,0
477,5,0
478,5,0
479,5,0
480,5,0
481,6,0
482,6,0
483,6,0
484,6,0
485,6,0
486,6,0
487,6,0
488,6,0
489,6,0
490,6,0
491,6,0
492,6,0
493,6,0
494,6,0
495,6,0
496,6,0
497,6,0
498,6,0
499,6,0
500,6,0
501,6,0
502,6,0
503,6,0
504,6,0
505,6,0
506,6,0
507,7,0
508,7,0
509,7,0
510,7,0
511,8,0
512,8,0
513,8,0
514,8,0
515,8,0
516,8,0
517,8,0
518,8,0
519,8,0
520,8,0
521,8,0
522,8,0
523,8,0
524,8,0
525,8,0
526,8,0
527,8,0
528,8,0
529,8,0
530,8,0
531,8,0
532,8,0
533,8,0
534,8,0
535,8,0
536,8,0
537,8,0
538,8,0
539,8,0
540,8,0
541,8,0
542,9,0
543,9,0
544,9,0
545,9,0
546,9,0
547,9,0
548,9,0
549,9,0
550,10,0
551,10,0
552,10,0
553,10,0
554,10,0
555,10,0
556,10,0
557,10,0
558,10,0
559,10,0
560,10,0
561,10,0
562,10,0
563,10,0
564,10,0
565,10,0
566,10,0
567,10,0
568,10,0
569,10,0
570,10,0
571,10,0
572,10,0
573,10,0
574,10,0
575,10,0
576,10,0
577,10,0
578,10,0
579,10,0
580,10,0
581,10,0
582,10,0
583,10,0
584,10,0
585,10,0
586,10,0
587,10,0
588,10,0
589,10,0
590,10,0
591,10,0
592,10,0
593,10,0
594,10,0
595,10,0
596,10,0
597,10,0
598,10,0
599,10,0
600,11,0
601,11,0
602,11,0
603,11,0
604,11,0
605,11,0
606,12,0
607,12,0
608,12,0
609,12,0
610,12,0
611,12,0
612,12,0
613,12,0
614,12,0
615,12,0
616,12,0
617,12,0
618,12,0
619,12,0
620,12,0
621,12,0
622,12,0
623,12,0
624,12,0
625,12,0
626,12,0
627,12,0
628,12,0
629,12,0
630,12,0
631,12,0
632,12,0
633,12,0
634,12,0
635,12,0
636,12,0
637,12,0
638,12,0
639,12,0
640,12,0
641,12,0
642,12,0
643,12,0
644,12,0
645,12,0
646,12,0
647,12,0
648,12,0
649,12,0
650,12,0
651,12,0
652,12,0
653,12,0
654,12,0
655,12,0
656,12,0
657,12,0
658,13,0
659,13,0
660,13,0
661,13,0
662,13,0
663,13,0
664,13,0
665,13,0
666,13,0
667,13,0
668,13,0
669,13,0
670,13,0
671,13,0
672,13,0
673,13,0
674,13,0
675,13,0
676,13,0
677,12,0
678,12,0
679,12,0
680,12,0
681,12,0
682,12,0
683,12,0
684,12,0
685,12,0
686,12,0
687,12,0
688,12,0
689,12,0
690,12,0
691,12,0
692,12,0
693,12,0
694,12,0
695,12,0
696,12,0
697,12,0
698,12,0
699,12,0
700,12,0
701,12,0
702,12,0
703,12,0
704,12,0
705,12,0
706,12,0
707,12,0
708,12,0
709,12,0
710,12,0
711,12,0
712,12,0
713,12,0
714,12,0
715,12,0
716,12,0
717,12,0
718,12,0
719,12,0
720,12,0
721,12,0
722,12,0
723,12,0
724,12,0
725,12,0
726,12,0
727,12,0
728,12,0
729,12,0
730,12,0
731,12,0
732,12,0
733,12,0
734,12,0
735,12,0
736,12,0
737,12,0
738,12,0
739,12,0
740,12,0
741,12,0
742,12,0
743,12,0
744,12,0
745,12,0
746,12,0
747,12,0
748,12,0
749,12,0
750,12,0
751,12,0
752,12,0
753,12,0
754,12,0
755,12,0
756,12,0
757,12,0
758,12,0
759,12,0
760,12,0
761,12,0
762,12,0
763,12,0
764,12,0
765,12,0
766,12,0
767,12,0
768,12,0
769,12,0
770,12,0
771,12,0
772,12,0
773,12,0
774,12,0
775,12,0
776,12,0
777,12,0
778,12,0
779,12,0
780,12,0
781,12,0
782,12,0
783,12,0
784,12,0
785,12,0
786,12,0
787,12,0
788,12,0
789,12,0
790,12,0
791,12,0
792,13,0
793,13,0
794,13,0
795,13,0
796,13,0
797,13,0
798,13,0
799,13,0
800,13,0
801,13,0
802,13,0
803,13,0
804,13,0
805,13,0
806,13,0
807,13,0
808,13,0
809,13,0
810,13,0
811,13,0
812,13,0
813,13,0
814,13,0
815,13,0
816,13,0
817,13,0
818,13,0
819,13,0
820,13,0
821,13,0
822,13,0
823,13,0
824,13,0
825,13,0
826,13,0
827,13,0
828,13,0
829,13,0
830,13,0
831,13,0
832,13,0
833,13,0
834,13,0
835,13,0
836,13,0
837,13,0
838,13,0
839,13,0
840,14,0
841,14,0
842,14,0
843,14,0
844,14,0
845,14,0
846,14,0
847,14,0
848,14,0
849,14,0
850,14,0
851,14,0
852,14,0
853,14,0
854,14,0
855,14,0
856,14,0
857,14,0
858,14,0
859,14,0
860,14,0
861,14,0
862,14,0
863,14,0
864,14,0
865,14,0
866,14,0
867,14,0
868,14,0
869,15,0
870,15,0
871,15,0
872,15,0
873,15,0
874,15,0
875,15,0
876,15,0
877,15,0
878,15,0
879,15,0
880,15,0
881,15,0
882,15,0
883,15,0
884,15,0
885,15,0
886,15,0
887,15,0
888,15,0
889,15,0
890,15,0
891,15,0
892,15,0
893,15,0
894,15,0
895,15,0
896,15,0
897,15,0
898,15,0
899,15,0
900,15,0
901,15,0
902,15,0
903,15,0
904,15,0
905,15,0
906,15,0
907,15,0
908,15,0
909,15,0
910,15,0
911,15,0
912,15,0
913,15,0
914,15,0
915,15,0
916,15,0
917,15,0
918,15,0
919,15,0
920,15,0
921,15,0
922,15,0
923,15,0
924,15,0
925,14,0
926,14,0
927,14,0
928,14,0
929,14,0
930,14,0
931,14,0
932,14,0
933,14,0
934,14,0
935,14,0
936,14,0
937,14,0
938,14,0
939,14,0
940,14,0
941,14,0
942,14,0
943,15,0
944,15,0
945,15,0
946,15,0
947,15,0
948,15,0
949,15,0
950,15,0
951,15,0
952,15,0
953,15,0
954,15,0
955,15,0
956,15,0
957,16,0
958,16,0
959,16,0
960,16,0
961,16,0
962,16,0
963,16,0
964,16,0
965,16,0
966,16,0
967,17,0
968,17,0
969,17,0
970,17,0
971,17,0
972,17,0
973,17,0
974,17,0
975,17,0
976,17,0
977,16,0
978,16,0
979,16,0
980,16,0
981,16,0
982,16,0
983,16,0
984,16,0
985,16,0
986,16,0
987,16,0
988,16,0
989,16,0
990,16,0
991,16,0
992,16,0
993,16,0
994,16,0
995,16,0
996,16,0
997,16,0
998,16,0
999,16,0
1000,16,0
1001,17,0
1002,17,0
1003,17,0
1004,17,0
1005,17,0
1006,17,0
1007,17,0
1008,17,0
1009,17,0
1010,17,0
1011,17,0
1012,17,0
1013,17,0
1014,18,0
1015,18,0
1016,18,0
1017,18,0
1018,18,0
1019,18,0
1020,18,0
1021,18,0
1022,19,0
1023,19,0
1024,19,0
1025,19,0
1026,19,0
1027,19,0
1028,19,0
1029,19,0
1030,19,0
1031,19,0
1032,19,0
1033,19,0
1034,19,0
1035,19,0
1036,19,0
1037,19,0
1038,19,0
1039,19,0
1040,19,0
1041,19,0
1042,19,0
1043,19,0
1044,19,0
1045,19,0
1046,19,0
1047,19,0
1048,19,0
1049,19,0
1050,19,0
1051,19,0
1052,19,0
1053,19,0
1054,19,0
1055,19,0
1056,19,0
1057,18,0
1058,18,0
1059,18,0
1060,18,0
1061,18,0
1062,18,0
1063,18,0
1064,18,0
1065,18,0
1066,18,0
1067,18,0
1068,18,0
1069,19,0
1070,19,0
1071,19,0
1072,19,0
1073,19,0
1074,19,0
1075,19,0
1076,20,0
1077,20,0
1078,20,0
1079,20,0
1080,20,0
1081,20,0
1082,20,0
1083,20,0
1084,20,0
1085,20,0
1086,20,0
1087,20,0
1088,20,0
1089,20,0
1090,20,0
1091,20,0
1092,20,0
1093,20,0
1094,20,0
1095,20,0
1096,20,0
1097,20,0
1098,20,0
1099,20,0
1100,20,0
1101,20,0
1102,20,0
1103,20,0
1104,20,0
1105,20,0
1106,20,0
1107,20,0
1108,20,0
1109,20,0
1110,20,0
1111,20,0
1112,20,0
1113,20,0
1114,20,0
1115,20,0
1116,20,0
1117,20,0
1118,20,0
1119,20,0
1120,20,0
1121,20,0
1122,20,0
1123,20,0
1124,20,0
1125,20,0
1126,20,0
1127,20,0
1128,20,0
1129,20,0
1130,20,0
1131,20,0
1132,20,0
1133,20,0
1134,20,0
1135,20,0
1136,20,0
1137,20,0
1138,20,0
1139,20,0
1140,20,0
1141,20,0
1142,20,0
1143,20,0
1144,20,0
1145,20,0
1146,20,0
1147,20,0
1148,20,0
1149,20,0
1150,20,0
1151,20,0
1152,20,0
1153,20,0
1154,20,0
1155,20,0
1156,20,0
1157,20,0
1158,20,0
1159,20,0
1160,20,0
1161,20,0
1162,20,0
1163,20,0
1164,20,0
1165,20,0
1166,20,0
1167,20,0
1168,20,0
1169,20,0
1170,20,0
1171,21,0
1172,21,0
1173,21,0
1174,21,0
1175,21,0
1176,21,0
1177,21,0
1178,21,0
1179,21,0
1180,21,0
1181,21,0
1182,21,0
1183,21,0
1184,21,0
1185,21,0
1186,21,0
1187,21,0
1188,21,0
1189,21,0
1190,21,0
1191,21,0
1192,21,0
1193,21,0
1194,21,0
1195,21,0
1196,21,0
1197,21,0
1198,21,0
1199,21,0
1200,21,0
1201,21,0
1202,21,0
1203,21,0
1204,21,0
1205,21,0
1206,21,0
1207,21,0
1208,21,0
1209,21,0
1210,21,0
1211,21,0
1212,21,0
1213,21,0
1214,21,0
1215,21,0
1216,21,0
1217,21,0
1218,21,0
1219,21,0
1220,21,0
1221,21,0
1222,21,0
1223,21,0
1224,21,0
1225,21,0
1226,21,0
1227,21,0
1228,21,0
1229,22,0
1230,22,0
1231,22,0
1232,22,0
1233,22,0
1234,22,0
1235,22,0
1236,22,0
1237,22,0
1238,22,0
1239,22,0
1240,22,0
1241,22,0
1242,22,0
1243,22,0
1244,22,0
1245,22,0
1246,22,0
1247,22,0
1248,22,0
1249,22,0
1250,22,0
1251,22,0
1252,22,0
1253,22,0
1254,22,0
1255,22,0
1256,22,0
1257,22,0
1258,22,0
1259,22,0
1260,22,0
1261,22,0
1262,22,0
1263,22,0
1264,22,0
1265,22,0
1266,22,0
1267,22,0
1268,22,0
1269,22,0
1270,22,0
1271,22,0
1272,22,0
1273,22,0
1274,22,0
1275,22,0
1276,22,0
1277,22,0
1278,22,0
1279,22,0
1280,22,0
1281,22,0
1282,22,0
1283,22,0
1284,22,0
1285,22,0
1286,22,0
1287,22,0
1288,22,0
1289,22,0
1290,22,0
1291,22,0
1292,22,0
1293,22,0
1294,22,0
1295,22,0
1296,22,0
1297,22,0
1298,22,0
1299,22,0
1300,22,0
1301,22,0
1302,22,0
1303,22,0
1304,22,0
1305,22,0
1306,22,0
1307,22,0
1308,22,0
1309,22,0
1310,22,0
1311,22,0
1312,22,0
1313,22,0
1314,22,0
1315,22,0
1316,22,0
1317,22,0
1318,22,0
1319,22,0
1320,22,0
1321,22,0
1322,22,0
1323,22,0
1324,22,0
1325,22,0
1326,22,0
1327,22,0
1328,22,0
1329,22,0
1330,22,0
1331,22,0
1332,22,0
1333,23,0
1334,23,0
1335,23,0
1336,23,0
1337,23,0
1338,23,0
1339,23,0
1340,23,0
1341,23,0
1342,23,0
1343,23,0
1344,23,0
1345,23,0
1346,23,0
1347,24,0
1348,24,0
1349,24,0
1350,24,0
1351,24,0
1352,24,0
1353,24,0
1354,24,0
1355,24,0
1356,24,0
1357,24,0
1358,24,0
1359,24,0
1360,24,0
1361,24,0
1362,24,0
1363,24,0
1364,24,0
1365,24,0
1366,24,0
1367,24,0
1368,24,0
1369,24,0
1370,24,0
1371,24,0
1372,24,0
1373,24,0
1374,24,0
1375,24,0
1376,24,0
1377,24,0
1378,24,0
1379,24,0
1380,24,0
1381,24,0
1382,24,0
1383,24,0
1384,24,0
1385,24,0
1386,24,0
1387,24,0
1388,24,0
1389,24,0
1390,24,0
1391,24,0
1392,24,0
1393,24,0
1394,24,0
1395,24,0
1396,24,0
1397,24,0
1398,24,0
1399,24,0
1400,24,0
1401,24,0
1402,24,0
1403,24,0
1404,24,0
1405,24,0
1406,24,0
1407,24,0
1408,24,0
1409,24,0
1410,24,0
1411,24,0
1412,24,0
1413,24,0
1414,24,0
1415,24,0
1416,24,0
1417,24,0
1418,24,0
1419,24,0
1420,24,0
1421,24,0
1422,24,0
1423,24,0
1424,24,0
1425,24,0
1426,24,0
1427,24,0
1428,24,0
1429,24,0
1430,24,0
1431,24,0
1432,24,0
1433,24,0
1434,24,0
1435,24,0
1436,24,0
1437,24,0
1438,24,0
1439,24,0
1440,24,0
1441,24,0
1442,24,0
1443,24,0
1444,24,0
1445,24,0
1446,24,0
1447,24,0
1448,24,0
1449,24,0
1450,24,0
1451,24,0
1452,24,0
1453,24,0
1454,24,0
1455,24,0
1456,25,0
1457,25,0
1458,25,0
1459,25,0
1460,25,0
1461,25,0
1462,25,0
1463,25,0
1464,25,0
1465,25,0
1466,25,0
1467,25,0
1468,25,0
1469,25,0
1470,25,0
1471,25,0
1472,25,0
1473,25,0
1474,25,0
1475,25,0
1476,25,0
1477,25,0
1478,25,0
1479,25,0
1480,25,0
1481,25,0
1482,25,0
1483,25,0
1484,25,0
1485,25,0
1486,25,0
1487,25,0
1488,25,0
1489,25,0
1490,25,0
1491,25,0
1492,25,0
1493,25,0
1494,25,0
1495,25,0
1496,25,0
1497,25,0
1498,25,0
1499,25,0
1500,25,0
1501,25,0
1502,25,0
1503,25,0
1504,25,0
1505,25,0
1506,25,0
1507,25,0
1508,25,0
1509,25,0
1510,25,0
1511,25,0
1512,26,0
1513,26,0
1514,26,0
1515,26,0
1516,26,0
1517,26,0
1518,26,0
1519,26,0
1520,26,0
1521,26,0
1522,26,0
1523,26,0
1524,26,0
1525,26,0
1526,26,0
1527,26,0
1528,26,0
1529,26,0
1530,26,0
1531,26,0
1532,26,0
1533,26,0
1534,26,0
1535,26,0
1536,26,0
1537,26,0
1538,26,0
1539,26,0
1540,26,0
1541,26,0
1542,26,0
1543,26,0
1544,26,0
1545,26,0
1546,26,0
1547,25,0
1548,25,0
1549,25,0
1550,25,0
1551,25,0
1552,25,0
1553,25,0
1554,25,0
1555,25,0
1556,25,0
1557,25,0
1558,25,0
1559,25,0
1560,25,0
1561,25,0
1562,25,0
1563,25,0
1564,25,0
1565,25,0
1566,25,0
1567,25,0
1568,25,0
1569,25,0
1570,25,0
1571,25,0
1572,25,0
1573,25,0
1574,25,0
1575,25,0
1576,25,0
1577,25,0
1578,25,0
1579,25,0
1580,24,0
1581,24,0
1582,24,0
1583,24,0
1584,24,0
1585,24,0
1586,24,0
1587,24,0
1588,24,0
1589,24,0
1590,24,0
1591,24,0
1592,24,0
1593,24,0
1594,24,0
1595,24,0
1596,24,0
1597,24,0
1598,24,0
1599,24,0
1600,24,0
1601,24,0
1602,24,0
1603,24,0
1604,24,0
1605,24,0
1606,24,0
1607,24,0
1608,24,0
1609,24,0
1610,24,0
1611,24,0
1612,24,0
1613,24,0
1614,24,0
1615,24,0
1616,24,0
1617,24,0
1618,24,0
1619,24,0
1620,24,0
1621,24,0
1622,24,0
1623,24,0
1624,24,0
1625,24,0
1626,24,0
1627,24,0
1628,25,0
1629,25,0
1630,25,0
1631,25,0
1632,25,0
1633,25,0
1634,25,0
1635,25,0
1636,25,0
1637,25,0
1638,25,0
1639,25,0
1640,25,0
1641,25,0
1642,25,0
1643,25,0
1644,25,0
1645,25,0
1646,25,0
1647,25,0
1648,25,0
1649,25,0
1650,25,0
1651,25,0
1652,25,0
1653,25,0
1654,25,0
1655,25,0
1656,25,0
1657,25,0
1658,25,0
1659,25,0
1660,25,0
1661,25,0
1662,25,0
1663,26,0
1664,26,0
1665,26,0
1666,26,0
1667,27,0
1668,27,0
1669,27,0
1670,27,0
1671,27,0
1672,27,0
1673,27,0
1674,27,0
1675,27,0
1676,27,0
1677,27,0
1678,27,0
1679,27,0
1680,27,0
1681,27,0
1682,27,0
1683,27,0
1684,26,0
1685,26,0
1686,26,0
1687,26,0
1688,26,0
1689,26,0
1690,26,0
1691,26,0
1692,26,0
1693,26,0
1694,26,0
1695,26,0
1696,26,0
1697,26,0
1698,26,0
1699,26,0
1700,26,0
1701,26,0
1702,26,0
1703,26,0
1704,26,0
1705,26,0
1706,26,0
1707,26,0
1708,26,0
1709,26,0
1710,26,0
1711,26,0
1712,26,0
1713,26,0
1714,26,0
1715,26,0
1716,26,0
1717,26,0
1718,26,0
1719,26,0
1720,26,0
1721,26,0
1722,26,0
1723,26,0
1724,26,0
1725,26,0
1726,26,0
1727,26,0
1728,26,0
1729,26,0
1730,26,0
1731,26,0
1732,26,0
1733,26,0
1734,26,0
1735,26,0
1736,26,0
1737,26,0
1738,26,0
1739,26,0
1740,26,0
1741,26,0
1742,26,0
1743,26,0
1744,26,0
1745,26,0
1746,26,0
1747,26,0
1748,26,0
1749,26,0
1750,26,0
1751,26,0
1752,26,0
1753,26,0
1754,26,0
1755,26,0
1756,26,0
1757,26,0
1758,26,0
1759,26,0
1760,27,0
1761,27,0
1762,27,0
1763,27,0
1764,27,0
1765,27,0
1766,27,0
1767,27,0
1768,27,0
1769,27,0
1770,27,0
1771,27,0
1772,27,0
1773,27,0
1774,27,0
1775,27,0
1776,27,0
1777,27,0
1778,27,0
1779,27,0
1780,27,0
1781,27,0
1782,27,0
1783,27,0
1784,27,0
1785,27,0
1786,27,0
1787,27,0
1788,27,0
1789,27,0
1790,27,0
1791,27,0
1792,27,0
1793,27,0
1794,27,0
1795,27,0
1796,27,0
1797,27,0
1798,27,0
1799,27,0
1800,27,0
1801,27,0
1802,27,0
1803,27,0
1804,28,0
1805,28,0
1806,28,0
1807,28,0
1808,28,0
1809,28,0
1810,28,0
1811,28,0
1812,28,0
1813,28,0
1814,28,0
1815,28,0
1816,28,0
1817,28,0
1818,27,0
1819,27,0
1820,27,0
1821,27,0
1822,27,0
1823,27,0
1824,27,0
1825,27,0
1826,27,0
1827,27,0
1828,27,0
1829,27,0
1830,27,0
1831,27,0
1832,27,0
1833,27,0
1834,27,0
1835,27,0
1836,27,0
1837,27,0
1838,27,0
1839,27,0
1840,27,0
1841,27,0
1842,27,0
1843,27,0
1844,27,0
1845,27,0
1846,27,0
1847,27,0
1848,27,0
1849,27,0
1850,27,0
1851,27,0
1852,27,0
1853,27,0
1854,27,0
1855,27,0
1856,27,0
1857,27,0
1858,27,0
1859,27,0
1860,27,0
1861,27,0
1862,27,0
1863,27,0
1864,27,0
1865,27,0
1866,27,0
1867,27,0
1868,26,0
1869,26,0
1870,26,0
1871,26,0
1872,26,0
1873,26,0
1874,26,0
1875,26,0
1876,26,0
1877,26,0
1878,26,0
1879,26,0
1880,26,0
1881,26,0
1882,26,0
1883,26,0
1884,26,0
1885,26,0
1886,26,0
1887,26,0
1888,26,0
1889,26,0
1890,26,0
1891,26,0
1892,26,0
1893,26,0
1894,26,0
1895,26,0
1896,26,0
1897,26,0
1898,26,0
1899,26,0
1900,26,0
1901,26,0
1902,26,0
1903,26,0
1904,26,0
1905,26,0
1906,26,0
1907,26,0
1908,26,0
1909,26,0
1910,26,0
1911,26,0
1912,26,0
1913,26,0
1914,26,0
1915,26,0
1916,26,0
1917,26,0
1918,26,0
1919,26,0
1920,26,0
1921,26,0
1922,26,0
1923,26,0
1924,26,0
1925,26,0
1926,26,0
1927,26,0
1928,26,0
1929,26,0
1930,26,0
1931,26,0
1932,26,0
1933,26,0
1934,26,0
1935,26,0
1936,26,0
1937,26,0
1938,26,0
1939,26,0
1940,26,0
1941,26,0
1942,26,0
1943,26,0
1944,26,0
1945,26,0
1946,26,0
1947,26,0
1948,26,0
1949,26,0
1950,26,0
1951,26,0
1952,26,0
1953,26,0
1954,26,0
1955,26,0
1956,26,0
1957,26,0
1958,26,0
1959,26,0
1960,26,0
1961,26,0
1962,26,0
1963,26,0
1964,26,0
1965,26,0
1966,26,0
1967,26,0
1968,26,0
1969,26,0
1970,26,0
1971,26,0
1972,26,0
1973,26,0
1974,26,0
1975,26,0
1976,26,0
1977,26,0
1978,27,0
1979,27,0
1980,27,0
1981,27,0
1982,27,0
1983,27,0
1984,27,0
1985,27,0
1986,27,0
1987,27,0
1988,27,0
1989,27,0
1990,27,0
1991,27,0
1992,27,0
1993,27,0
1994,27,0
1995,27,0
1996,27,0
1997,27,0
1998,27,0
1999,27,0
2000,27,0
2001,27,0
2002,27,0
2003,27,0
2004,27,0
2005,27,0
2006,27,0
2007,27,0
2008,27,0
2009,27,0
2010,27,0
2011,27,0
2012,27,0
2013,27,0
2014,27,0
2015,27,0
2016,27,0
2017,27,0
2018,27,0
2019,27,0
2020,27,0
2021,27,0
2022,27,0
2023,27,0
2024,27,0
2025,27,0
2026,27,0
2027,27,0
2028,27,0
2029,27,0
2030,27,0
2031,27,0
2032,27,0
2033,27,0
2034,27,0
2035,27,0
2036,27,0
2037,27,0
2038,27,0
2039,27,0
2040,27,0
2041,27,0
2042,27,0
2043,27,0
2044,27,0
2045,27,0
2046,27,0
2047,27,0
2048,27,0
2049,27,0
2050,27,0
2051,27,0
2052,27,0
2053,27,0
2054,27,0
2055,27,0
2056,27,0
2057,27,0
2058,27,0
2059,27,0
2060,27,0
2061,27,0
2062,27,0
2063,27,0
2064,27,0
2065,27,0
2066,27,0
2067,27,0
2068,27,0
2069,27,0
2070,27,0
2071,27,0
2072,27,0
2073,27,0
2074,27,0
2075,27,0
2076,27,0
2077,27,0
2078,27,0
2079,27,0
2080,27,0
2081,27,0
2082,27,0
2083,27,0
2084,27,0
2085,27,0
2086,27,0
2087,27,0
2088,27,0
2089,27,0
2090,27,0
2091,27,0
2092,27,0
2093,27,0
2094,27,0
2095,27,0
2096,27,0
2097,27,0
2098,27,0
2099,27,0
2100,27,0
2101,27,0
2102,27,0
2103,27,0
2104,27,0
2105,27,0
2106,27,0
2107,27,0
2108,27,0
2109,27,0
2110,27,0
2111,27,0
2112,27,0
2113,27,0
2114,27,0
2115,27,0
2116,27,0
2117,27,0
2118,27,0
2119,27,0
2120,27,0
2121,27,0
2122,27,0
2123,27,0
2124,27,0
2125,27,0
2126,27,0
2127,27,0
2128,27,0
2129,27,0
2130,27,0
2131,27,0
2132,27,0
2133,27,0
2134,27,0
2135,27,0
2136,27,0
2137,27,0
2138,27,0
2139,27,0
2140,27,0
2141,27,0
2142,27,0
2143,27,0
2144,27,0
2145,27,0
2146,27,0
2147,27,0
2148,27,0
2149,27,0
2150,27,0
2151,27,0
2152,27,0
2153,27,0
2154,27,0
2155,28,0
2156,28,0
2157,28,0
2158,28,0
2159,28,0
2160,28,0
2161,28,0
2162,28,0
2163,28,0
2164,28,0
2165,28,0
2166,28,0
2167,28,0
2168,28,0
2169,28,0
2170,28,0
2171,28,0
2172,28,0
2173,28,0
2174,28,0
2175,28,0
2176,28,0
2177,28,0
2178,28,0
2179,28,0
2180,28,0
2181,28,0
2182,28,0
2183,28,0
2184,28,0
2185,28,0
2186,28,0
2187,28,0
2188,28,0
2189,28,0
2190,28,0
2191,28,0
2192,28,0
2193,28,0
2194,28,0
2195,28,0
2196,28,0
2197,28,0
2198,27,0
2199,27,0
2200,27,0
2201,27,0
2202,27,0
2203,27,0
2204,27,0
2205,27,0
2206,27,0
2207,27,0
2208,27,0
2209,27,0
2210,27,0
2211,27,0
2212,27,0
2213,27,0
2214,27,0
2215,27,0
2216,27,0
2217,27,0
2218,27,0
2219,27,0
2220,27,0
2221,27,0
2222,27,0
2223,27,0
2224,27,0
2225,27,0
2226,27,0
2227,27,0
2228,27,0
2229,27,0
2230,27,0
2231,27,0
2232,27,0
2233,27,0
2234,27,0
2235,27,0
2236,27,0
2237,27,0
2238,27,0
2239,27,0
2240,27,0
2241,27,0
2242,27,0
2243,27,0
2244,27,0
2245,27,0
2246,27,0
2247,27,0
2248,27,0
2249,27,0
2250,27,0
2251,27,0
2252,27,0
2253,28,0
2254,28,0
2255,28,0
2256,28,0
2257,28,0
2258,28,0
2259,28,0
2260,28,0
2261,28,0
2262,28,0
2263,28,0
2264,28,0
2265,28,0
2266,28,0
2267,28,0
2268,28,0
2269,29,0
2270,29,0
2271,29,0
2272,29,0
2273,29,0
2274,29,0
2275,29,0
2276,29,0
2277,29,0
2278,29,0
2279,29,0
2280,29,0
2281,29,0
2282,29,0
2283,29,0
2284,29,0
2285,29,0
2286,29,0
2287,29,0
2288,29,0
2289,29,0
2290,29,0
2291,29,0
2292,29,0
2293,29,0
2294,29,0
2295,29,0
2296,29,0
2297,29,0
2298,29,0
2299,29,0
2300,29,0
2301,29,0
2302,29,0
2303,29,0
2304,29,0
2305,29,0
2306,29,0
2307,29,0
2308,29,0
2309,29,0
2310,29,0
2311,29,0
2312,29,0
2313,29,0
2314,29,0
2315,29,0
2316,29,0
2317,29,0
2318,29,0
2319,29,0
2320,29,0
2321,29,0
2322,29,0
2323,29,0
2324,29,0
2325,29,0
2326,29,0
2327,29,0
2328,29,0
2329,29,0
2330,29,0
2331,29,0
2332,29,0
2333,29,0
2334,29,0
2335,29,0
2336,29,0
2337,29,0
2338,29,0
2339,29,0
2340,29,0
2341,29,0
2342,29,0
2343,29,0
2344,29,0
2345,29,0
2346,29,0
2347,29,0
2348,29,0
2349,29,0
2350,29,0
2351,29,0
2352,29,0
2353,29,0
2354,29,0
2355,29,0
2356,29,0
2357,29,0
2358,29,0
2359,29,0
2360,29,0
2361,29,0
2362,29,0
2363,29,0
2364,29,0
2365,29,0
2366,29,0
2367,29,0
2368,30,0
2369,30,0
2370,30,0
2371,30,0
2372,30,0
2373,30,0
2374,30,0
2375,30,0
2376,30,0
2377,30,0
2378,30,0
2379,30,0
2380,30,0
2381,30,0
2382,30,0
2383,30,0
2384,30,0
2385,30,0
2386,30,0
2387,30,0
2388,30,0
2389,30,0
2390,30,0
2391,30,0
2392,30,0
2393,30,0
2394,30,0
2395,30,0
2396,29,0
2397,29,0
2398,28,0
2399,28,0
2400,28,0
2401,28,0
2402,28,0
2403,28,0
2404,28,0
2405,28,0
2406,28,0
2407,28,0
2408,28,0
2409,28,0
2410,28,0
2411,28,0
2412,28,0
2413,28,0
2414,28,0
2415,28,0
2416,28,0
2417,28,0
2418,28,0
2419,28,0
2420,28,0
2421,28,0
2422,28,0
2423,28,0
2424,28,0
2425,28,0
2426,28,0
2427,28,0
2428,28,0
2429,28,0
2430,28,0
2431,28,0
2432,28,0
2433,28,0
2434,28,0
2435,28,0
2436,28,0
2437,28,0
2438,28,0
2439,28,0
2440,28,0
2441,28,0
2442,28,0
2443,28,0
2444,28,0
2445,28,0
2446,28,0
2447,28,0
2448,28,0
2449,28,0
2450,28,0
2451,28,0
2452,28,0
2453,28,0
2454,28,0
2455,28,0
2456,28,0
2457,28,0
2458,28,0
2459,28,0
2460,28,0
2461,28,0
2462,28,0
2463,28,0
2464,28,0
2465,28,0
2466,27,0
2467,27,0
2468,27,0
2469,27,0
2470,27,0
2471,27,0
2472,27,0
2473,27,0
2474,27,0
2475,27,0
2476,27,0
2477,27,0
2478,27,0
2479,27,0
2480,27,0
2481,27,0
2482,27,0
2483,27,0
2484,27,0
2485,27,0
2486,27,0
2487,27,0
2488,27,0
2489,27,0
2490,27,0
2491,27,0
2492,27,0
2493,27,0
2494,27,0
2495,27,0
2496,27,0
2497,27,0
2498,27,0
2499,27,0
2500,27,0
2501,27,0
2502,27,0
2503,27,0
2504,27,0
2505,27,0
2506,27,0
2507,27,0
2508,27,0
2509,27,0
2510,27,0
2511,28,0
2512,28,0
2513,28,0
2514,28,0
2515,28,0
2516,28,0
2517,28,0
2518,28,0
2519,28,0
2520,28,0
2521,28,0
2522,28,0
2523,28,0
2524,29,0
2525,29,0
2526,29,0
2527,29,0
2528,29,0
2529,29,0
2530,29,0
2531,29,0
2532,29,0
2533,29,0
2534,29,0
2535,29,0
2536,29,0
2537,29,0
2538,29,0
2539,29,0
2540,29,0
2541,29,0
2542,29,0
2543,29,0
2544,29,0
2545,29,0
2546,29,0
2547,29,0
2548,29,0
2549,29,0
2550,29,0
2551,29,0
2552,29,0
2553,29,0
2554,29,0
2555,29,0
2556,29,0
2557,29,0
2558,29,0
2559,29,0
2560,29,0
2561,28,0
2562,28,0
2563,28,0
2564,28,0
2565,28,0
2566,28,0
2567,28,0
2568,28,0
2569,28,0
2570,28,0
2571,28,0
2572,28,0
2573,28,0
2574,28,0
2575,28,0
2576,28,0
2577,28,0
2578,28,0
2579,28,0
2580,28,0
2581,28,0
2582,28,0
2583,28,0
2584,28,0
2585,28,0
2586,28,0
2587,28,0
2588,28,0
2589,28,0
2590,28,0
2591,28,0
2592,28,0
2593,28,0
2594,27,0
2595,27,0
2596,27,0
2597,27,0
2598,27,0
2599,27,0
2600,27,0
2601,27,0
2602,27,0
2603,27,0
2604,27,0
2605,27,0
2606,27,0
2607,27,0
2608,27,0
2609,27,0
2610,27,0
2611,27,0
2612,27,0
2613,27,0
2614,27,0
2615,27,0
2616,27,0
2617,27,0
2618,27,0
2619,27,0
2620,27,0
2621,27,0
2622,27,0
2623,27,0
2624,27,0
2625,27,0
2626,27,0
2627,27,0
2628,27,0
2629,27,0
2630,27,0
2631,27,0
2632,27,0
2633,27,0
2634,27,0
2635,27,0
2636,27,0
2637,27,0
2638,27,0
2639,27,0
2640,27,0
2641,27,0
2642,27,0
2643,27,0
2644,27,0
2645,28,0
2646,28,0
2647,28,0
2648,28,0
2649,28,0
2650,28,0
2651,28,0
2652,28,0
2653,28,0
2654,28,0
2655,28,0
2656,28,0
2657,28,0
2658,28,0
2659,28,0
2660,27,0
2661,27,0
2662,27,0
2663,27,0
2664,27,0
2665,27,0
2666,27,0
2667,27,0
2668,27,0
2669,27,0
2670,27,0
2671,27,0
2672,27,0
2673,27,0
2674,27,0
2675,27,0
2676,27,0
2677,27,0
2678,27,0
2679,27,0
2680,27,0
2681,27,0
2682,27,0
2683,27,0
2684,27,0
2685,27,0
2686,27,0
2687,27,0
2688,27,0
2689,27,0
2690,27,0
2691,27,0
2692,27,0
2693,27,0
2694,27,0
2695,27,0
2696,27,0
2697,27,0
2698,27,0
2699,27,0
2700,27,0
2701,27,0
2702,27,0
2703,27,0
2704,27,0
2705,27,0
2706,28,0
2707,28,0
2708,28,0
2709,28,0
2710,28,0
2711,28,0
2712,28,0
2713,28,0
2714,28,0
2715,28,0
2716,28,0
2717,28,0
2718,28,0
2719,28,0
2720,28,0
2721,28,0
2722,28,0
2723,28,0
2724,28,0
2725,28,0
2726,29,0
2727,29,0
2728,29,0
2729,29,0
2730,29,0
2731,30,0
2732,30,0
2733,30,0
2734,30,0
2735,30,0
2736,30,0
2737,30,0
2738,30,0
2739,30,0
2740,30,0
2741,30,0
2742,30,0
2743,30,0
2744,30,0
2745,30,0
2746,30,0
2747,30,0
2748,30,0
2749,30,0
2750,30,0
2751,30,0
2752,30,0
2753,30,0
2754,30,0
2755,30,0
2756,30,0
2757,30,0
2758,30,0
2759,29,0
2760,29,0
2761,29,0
2762,29,0
2763,29,0
2764,29,0
2765,29,0
2766,29,0
2767,29,0
2768,29,0
2769,29,0
2770,29,0
2771,29,0
2772,29,0
2773,29,0
2774,29,0
2775,29,0
2776,29,0
2777,29,0
2778,29,0
2779,29,0
2780,29,0
2781,29,0
2782,30,0
2783,30,0
2784,30,0
2785,30,0
2786,30,0
2787,30,0
2788,30,0
2789,30,0
2790,30,0
2791,30,0
2792,29,0
2793,29,0
2794,29,0
2795,29,0
2796,29,0
2797,29,0
2798,29,0
2799,30,0
2800,29,0
2801,29,0
2802,29,0
2803,29,0
2804,29,0
2805,29,0
2806,29,0
2807,30,1
2808,30,1
2809,30,1
2810,30,1
2811,30,1
2812,30,1
2813,30,1
2814,30,1
2815,30,1
2816,31,1
2817,31,1
2818,31,1
2819,31,1
2820,31,1
2821,31,1
2822,31,1
2823,31,1
2824,31,1
2825,31,1
2826,31,1
2827,31,1
2828,31,1
2829,31,1
2830,31,1
2831,31,1
2832,31,1
2833,31,1
2834,31,1
2835,31,1
2836,31,1
2837,31,1
2838,31,1
2839,31,1
2840,32,1
2841,32,1
2842,32,1
2843,32,1
2844,32,1
2845,32,1
2846,32,1
2847,32,1
2848,32,1
2849,32,1
2850,32,1
2851,32,1
2852,32,1
2853,32,1
2854,32,1
2855,32,1
2856,32,1
2857,32,1
2858,32,1
2859,33,1
2860,33,1
2861,33,1
2862,33,1
2863,33,1
2864,33,1
2865,34,1
2866,34,1
2867,34,1
2868,34,1
2869,34,1
2870,34,1
2871,34,1
2872,34,1
2873,34,1
2874,34,1
2875,34,1
2876,34,1
2877,34,1
2878,34,1
2879,34,1
2880,35,1
2881,35,1
2882,35,1
2883,35,1
2884,35,1
2885,35,1
2886,35,1
2887,35,1
2888,35,1
2889,35,1
2890,35,1
2891,34,1
2892,34,1
2893,34,1
2894,34,1
2895,34,1
2896,34,1
2897,34,1
2898,34,1
2899,34,1
2900,34,1
2901,34,1
2902,34,1
2903,34,1
2904,34,1
2905,34,1
2906,34,1
2907,34,1
2908,34,1
2909,34,1
2910,34,1
2911,34,1
2912,34,1
2913,33,1
2914,33,1
2915,33,1
2916,33,1
2917,33,1
2918,33,1
2919,33,1
2920,33,1
2921,33,1
2922,33,1
2923,33,1
2924,33,1
2925,33,1
2926,33,1
2927,33,1
2928,33,1
2929,33,1
2930,33,1
2931,33,1
2932,33,1
2933,33,1
2934,33,1
2935,33,1
2936,33,1
2937,33,1
2938,33,1
2939,33,1
2940,33,1
2941,33,1
2942,33,1
2943,33,1
2944,33,1
2945,33,1
2946,33,1
2947,33,1
2948,33,1
2949,33,1
2950,33,1
2951,34,1
2952,34,1
2953,34,1
2954,34,1
2955,34,1
2956,34,1
2957,34,1
2958,34,1
2959,34,1
2960,34,1
2961,34,1
2962,34,1
2963,34,1
2964,34,1
2965,34,1
2966,34,1
2967,34,1
2968,34,1
2969,34,1
2970,34,1
2971,34,1
2972,34,1
2973,34,1
2974,34,1
2975,34,1
2976,34,1
2977,34,1
2978,34,1
2979,34,1
2980,34,1
2981,34,1
2982,34,1
2983,34,1
2984,34,1
2985,34,1
2986,34,1
2987,34,1
2988,34,1
2989,34,1
2990,33,1
2991,33,1
2992,33,1
2993,33,1
2994,33,1
2995,33,1
2996,33,1
2997,33,1
2998,33,1
2999,33,1
3000,33,1
3001,34,1
3002,34,1
3003,34,1
3004,34,1
3005,34,1
3006,34,1
3007,34,1
3008,34,1
3009,34,1
3010,34,1
3011,34,1
3012,34,1
3013,34,1
3014,34,1
3015,34,1
3016,34,1
3017,34,1
3018,34,1
3019,34,1
3020,34,1
3021,34,1
3022,34,1
3023,33,1
3024,33,1
3025,33,1
3026,33,1
3027,33,1
3028,33,1
3029,33,1
3030,33,1
3031,33,1
3032,33,1
3033,33,1
3034,33,1
3035,33,1
3036,33,1
3037,33,1
3038,33,1
3039,33,1
3040,33,1
3041,33,1
3042,33,1
3043,33,1
3044,33,1
3045,33,1
3046,33,1
3047,33,1
3048,33,1
3049,33,1
3050,33,1
3051,33,1
3052,33,1
3053,33,1
3054,33,1
3055,33,1
3056,33,1
3057,33,1
3058,33,1
3059,33,1
3060,33,1
3061,33,1
3062,33,1
3063,33,1
3064,33,1
3065,33,1
3066,33,1
3067,33,1
3068,33,1
3069,33,1
3070,33,1
3071,33,1
3072,33,1
3073,33,1
3074,33,1
3075,33,1
3076,33,1
3077,33,1
3078,33,1
3079,33,1
3080,33,1
3081,33,1
3082,33,1
3083,33,1
3084,33,1
3085,33,1
3086,33,1
3087,33,1
3088,33,1
3089,33,1
3090,33,1
3091,33,1
3092,33,1
3093,33,1
3094,33,1
3095,33,1
3096,33,1
3097,33,1
3098,33,1
3099,33,1
3100,33,1
3101,33,1
3102,33,1
3103,33,1
3104,33,1
3105,34,1
3106,34,1
3107,34,1
3108,34,1
3109,34,1
3110,34,1
3111,34,1
3112,34,1
3113,34,1
3114,34,1
3115,34,1
3116,34,1
3117,33,1
3118,33,1
3119,33,1
3120,33,1
3121,33,1
3122,33,1
3123,33,1
3124,33,1
3125,33,1
3126,33,1
3127,33,1
3128,33,1
3129,33,1
3130,33,1
3131,33,1
3132,33,1
3133,33,1
3134,34,1
3135,34,1
3136,34,1
3137,34,1
3138,34,1
3139,34,1
3140,34,1
3141,34,1
3142,34,1
3143,34,1
3144,34,1
3145,34,1
3146,34,1
3147,34,1
3148,34,1
3149,34,1
3150,34,1
3151,34,1
3152,34,1
3153,34,1
3154,34,1
3155,34,1
3156,34,1
3157,34,1
3158,34,1
3159,35,1
3160,35,1
3161,34,0
3162,34,0
3163,34,0
3164,34,0
3165,34,0
3166,34,0
3167,34,0
3168,34,0
3169,34,0
3170,34,0
3171,34,0
3172,34,0
3173,34,0
3174,34,0
3175,34,0
3176,34,0
3177,34,0
3178,34,0
3179,34,0
3180,34,0
3181,34,0
3182,34,0
3183,33,0
3184,33,0
3185,33,0
3186,33,0
3187,33,0
3188,33,0
3189,33,0
3190,33,0
3191,33,0
3192,33,0
3193,33,0
3194,33,0
3195,33,0
3196,32,0
3197,32,0
3198,32,0
3199,32,0
3200,32,0
3201,32,0
3202,32,0
3203,32,0
3204,32,0
3205,32,0
3206,32,0
3207,32,0
3208,32,0
3209,32,0
3210,32,0
3211,32,0
3212,32,0
3213,32,0
3214,32,0
3215,32,0
3216,32,0
3217,32,0
3218,32,0
3219,32,0
3220,32,0
3221,32,0
3222,32,0
3223,32,0
3224,32,0
3225,32,0
3226,32,0
3227,32,0
3228,32,0
3229,31,0
3230,31,0
3231,31,0
3232,31,0
3233,31,0
3234,31,0
3235,31,0
3236,31,0
3237,31,0
3238,31,0
3239,31,0
3240,31,0
3241,31,0
3242,31,0
3243,31,0
3244,31,0
3245,31,0
3246,31,0
3247,31,0
3248,31,0
3249,31,0
3250,31,0
3251,31,0
3252,31,0
3253,31,0
3254,31,0
3255,31,0
3256,31,0
3257,31,0
3258,31,0
3259,31,0
3260,31,0
3261,31,0
3262,31,0
3263,31,0
3264,31,0
3265,31,0
3266,31,0
3267,31,0
3268,31,0
3269,31,0
3270,31,0
3271,31,0
3272,31,0
3273,31,0
3274,31,0
3275,31,0
3276,31,0
3277,31,0
3278,31,0
3279,31,0
3280,31,0
3281,31,0
3282,31,0
3283,31,0
3284,30,0
3285,30,0
3286,30,0
3287,30,0
3288,30,0
3289,30,0
3290,30,0
3291,30,0
3292,30,0
3293,30,0
3294,30,0
3295,30,0
3296,30,0
3297,30,0
3298,30,0
3299,30,0
3300,30,0
3301,30,0
3302,30,0
3303,30,0
3304,30,0
3305,30,0
3306,30,0
3307,31,0
3308,31,0
3309,31,0
3310,31,0
3311,31,0
3312,31,0
3313,31,0
3314,31,0
3315,31,0
3316,31,0
3317,31,0
3318,31,0
3319,31,0
3320,31,0
3321,31,0
3322,31,0
3323,31,0
3324,31,0
3325,31,0
3326,31,0
3327,32,0
3328,32,0
3329,32,0
3330,32,0
3331,32,0
3332,32,0
3333,32,0
3334,32,0
3335,32,0
3336,32,0
3337,32,0
3338,32,0
3339,32,0
3340,32,0
3341,32,0
3342,32,0
3343,32,0
3344,32,0
3345,32,0
3346,32,0
3347,32,0
3348,32,0
3349,32,0
3350,32,0
3351,32,0
3352,32,0
3353,32,0
3354,32,0
3355,32,0
3356,32,0
3357,32,0
3358,32,0
3359,32,0
3360,32,0
3361,32,0
3362,32,0
3363,32,0
3364,32,0
3365,32,0
3366,32,0
3367,32,0
3368,32,0
3369,32,0
3370,32,0
3371,32,0
3372,32,0
3373,32,0
3374,32,0
3375,32,0
3376,32,0
3377,32,0
3378,32,0
3379,32,0
3380,32,0
3381,31,0
3382,31,0
3383,31,0
3384,31,0
3385,31,0
3386,31,0
3387,31,0
3388,31,0
3389,31,0
3390,31,0
3391,31,0
3392,31,0
3393,31,0
3394,31,0
3395,31,0
3396,31,0
3397,31,0
3398,31,0
3399,31,0
3400,31,0
3401,31,0
3402,31,0
3403,31,0
3404,32,0
3405,32,0
3406,32,0
3407,32,0
3408,32,0
3409,32,0
3410,32,0
3411,32,0
3412,32,0
3413,32,0
3414,32,0
3415,32,0
3416,32,0
3417,32,0
3418,33,0
3419,33,0
3420,33,0
3421,33,0
3422,33,0
3423,33,0
3424,33,0
3425,33,0
3426,33,0
3427,33,0
3428,33,0
3429,33,0
3430,33,0
3431,33,0
3432,33,0
3433,33,0
3434,33,0
3435,33,0
3436,33,0
3437,33,0
3438,33,0
3439,33,0
3440,33,0
3441,33,0
3442,33,0
3443,33,0
3444,33,0
3445,33,0
3446,33,0
3447,33,0
3448,33,0
3449,33,0
3450,33,0
3451,33,0
3452,32,0
3453,32,0
3454,32,0
3455,32,0
3456,32,0
3457,32,0
3458,32,0
3459,32,0
3460,32,0
3461,32,0
3462,32,0
3463,32,0
3464,32,0
3465,32,0
3466,32,0
3467,32,0
3468,32,0
3469,32,0
3470,32,0
3471,32,0
3472,32,0
3473,32,0
3474,32,0
3475,32,0
3476,32,0
3477,32,0
3478,32,0
3479,32,0
3480,32,0
3481,32,0
3482,32,0
3483,32,0
3484,32,0
3485,32,0
3486,32,0
3487,32,0
3488,32,0
3489,32,0
3490,32,0
3491,32,0
3492,32,0
3493,32,0
3494,32,0
3495,32,0
3496,32,0
3497,31,0
3498,31,0
3499,31,0
3500,31,0
3501,31,0
3502,31,0
3503,31,0
3504,31,0
3505,31,0
3506,31,0
3507,31,0
3508,31,0
3509,31,0
3510,31,0
3511,31,0
3512,31,0
3513,31,0
3514,31,0
3515,31,0
3516,31,0
3517,31,0
3518,31,0
3519,31,0
3520,31,0
3521,31,0
3522,31,0
3523,31,0
3524,31,0
3525,31,0
3526,31,0
3527,31,0
3528,31,0
3529,31,0
3530,32,0
3531,32,0
3532,32,0
3533,32,0
3534,32,0
3535,32,0
3536,32,0
3537,32,0
3538,32,0
3539,32,0
3540,32,0
3541,32,0
3542,32,0
3543,32,0
3544,32,0
3545,32,0
3546,32,0
3547,32,0
3548,32,0
3549,32,0
3550,32,0
3551,32,0
3552,32,0
3553,32,0
3554,31,0
3555,31,0
3556,31,0
3557,31,0
3558,31,0
3559,31,0
3560,31,0
3561,31,0
3562,31,0
3563,30,0
3564,30,0
3565,30,0
3566,30,0
3567,30,0
3568,30,0
3569,30,0
3570,30,0
3571,30,0
3572,30,0
3573,30,0
3574,30,0
3575,30,0
3576,30,0
3577,30,0
3578,30,0
3579,30,0
3580,30,0
3581,30,0
3582,30,0
3583,30,0
3584,30,0
3585,30,0
3586,30,0
3587,30,0
3588,30,0
3589,30,0
3590,30,0
3591,30,0
3592,30,0
3593,30,0
3594,30,0
3595,30,0
3596,29,0
3597,29,0
3598,29,0
3599,29,0
3600,29,0
3601,29,0
3602,29,0
3603,29,0
3604,29,0
3605,29,0
3606,29,0
3607,29,0
3608,29,0
3609,29,0
3610,29,0
3611,29,0
3612,29,0
3613,29,0
3614,29,0
3615,29,0
3616,29,0
3617,29,0
3618,29,0
3619,29,0
3620,29,0
3621,29,0
3622,29,0
3623,29,0
3624,29,0
3625,29,0
3626,29,0
3627,29,0
3628,29,0
3629,29,0
3630,29,0
3631,29,0
3632,29,0
3633,29,0
3634,29,0
3635,29,0
3636,29,0
3637,29,0
3638,29,0
3639,29,0
3640,29,0
3641,29,0
3642,29,0
3643,29,0
3644,29,0
3645,29,0
3646,29,0
3647,29,0
3648,29,0
3649,29,0
3650,29,0
3651,29,0
3652,30,0
3653,30,0
3654,30,0
3655,30,0
3656,30,0
3657,30,0
3658,30,0
3659,30,0
3660,30,0
3661,30,0
3662,31,0
3663,31,0
3664,31,0
3665,31,0
3666,31,0
3667,31,0
3668,31,0
3669,31,0
3670,31,0
3671,31,0
3672,31,0
3673,32,0
3674,32,0
3675,32,0
3676,32,0
3677,32,0
3678,32,0
3679,32,0
3680,32,0
3681,32,0
3682,32,0
3683,32,0
3684,32,0
3685,32,0
3686,32,0
3687,32,0
3688,32,0
3689,32,0
3690,32,0
3691,32,0
3692,32,0
3693,33,0
3694,33,0
3695,33,0
3696,33,0
3697,33,0
3698,33,0
3699,33,0
3700,33,0
3701,33,0
3702,33,0
3703,33,0
3704,33,0
3705,33,0
3706,33,0
3707,33,0
3708,33,0
3709,33,0
3710,33,0
3711,33,0
3712,33,0
3713,33,0
3714,33,0
3715,33,0
3716,33,0
3717,33,0
3718,33,0
3719,33,0
3720,33,0
3721,33,0
3722,33,0
3723,33,0
3724,33,0
3725,33,0
3726,33,0
3727,33,0
3728,33,0
3729,33,0
3730,33,0
3731,33,0
3732,33,0
3733,33,0
3734,33,0
3735,33,0
3736,33,0
3737,33,0
3738,33,0
3739,33,0
3740,33,0
3741,33,0
3742,33,0
3743,33,0
3744,33,0
3745,33,0
3746,33,0
3747,33,0
3748,33,0
3749,33,0
3750,33,0
3751,33,0
3752,33,0
3753,33,0
3754,33,0
3755,33,0
3756,33,0
3757,33,0
3758,33,0
3759,33,0
3760,33,0
3761,33,0
3762,33,0
3763,33,0
3764,33,0
3765,33,0
3766,33,0
3767,33,0
3768,33,0
3769,33,0
3770,33,0
3771,33,0
3772,33,0
3773,33,0
3774,33,0
3775,33,0
3776,33,0
3777,32,0
3778,32,0
3779,32,0
3780,32,0
3781,32,0
3782,32,0
3783,32,0
3784,32,0
3785,32,0
3786,32,0
3787,32,0
3788,32,0
3789,32,0
3790,32,0
3791,32,0
3792,32,0
3793,32,0
3794,32,0
3795,32,0
3796,32,0
3797,32,0
3798,32,0
3799,32,0
3800,32,0
3801,32,0
3802,32,0
3803,32,0
3804,32,0
3805,32,0
3806,32,0
3807,32,0
3808,32,0
3809,32,0
3810,32,0
3811,32,0
3812,32,0
3813,32,0
3814,32,0
3815,32,0
3816,32,0
3817,32,0
3818,32,0
3819,32,0
3820,32,0
3821,32,0
3822,32,0
3823,32,0
3824,32,0
3825,32,0
3826,32,0
3827,32,0
3828,32,0
3829,32,0
3830,32,0
3831,32,0
3832,32,0
3833,32,0
3834,32,0
3835,32,0
3836,32,0
3837,32,0
3838,32,0
3839,32,0
3840,32,0
3841,32,0
3842,32,0
3843,31,0
3844,31,0
3845,31,0
3846,31,0
3847,32,0
3848,32,0
3849,32,0
3850,32,0
3851,32,0
3852,32,0
3853,32,0
3854,32,0
3855,32,0
3856,32,0
3857,32,0
3858,32,0
3859,32,0
3860,32,0
3861,32,0
3862,32,0
3863,32,0
3864,32,0
3865,32,0
3866,32,0
3867,32,0
3868,32,0
3869,32,0
3870,32,0
3871,32,0
3872,32,0
3873,32,0
3874,32,0
3875,32,0
3876,32,0
3877,32,0
3878,32,0
3879,32,0
3880,32,0
3881,32,0
3882,32,0
3883,32,0
3884,32,0
3885,32,0
3886,32,0
3887,32,0
3888,32,0
3889,32,0
3890,32,0
3891,32,0
3892,32,0
3893,32,0
3894,32,0
3895,32,0
3896,32,0
3897,32,0
3898,32,0
3899,32,0
3900,32,0
3901,32,0
3902,32,0
3903,32,0
3904,32,0
3905,32,0
3906,32,0
3907,32,0
3908,32,0
3909,32,0
3910,32,0
3911,32,0
3912,31,0
3913,31,0
3914,31,0
3915,31,0
3916,31,0
3917,31,0
3918,31,0
3919,31,0
3920,31,0
3921,31,0
3922,31,0
3923,31,0
3924,31,0
3925,32,0
3926,32,0
3927,32,0
3928,32,0
3929,32,0
3930,32,0
3931,32,0
3932,32,0
3933,32,0
3934,32,0
3935,32,0
3936,32,0
3937,32,0
3938,32,0
3939,32,0
3940,32,0
3941,32,0
3942,32,0
3943,33,0
3944,33,0
3945,33,0
3946,33,0
3947,33,0
3948,33,0
3949,33,0
3950,33,0
3951,33,0
3952,33,0
3953,33,0
3954,33,0
3955,33,0
3956,33,0
3957,33,0
3958,33,0
3959,33,0
3960,33,0
3961,33,0
3962,33,0
3963,33,0
3964,33,0
3965,33,0
3966,34,0
3967,34,0
3968,34,0
3969,34,0
3970,34,0
3971,35,0
3972,35,0
3973,35,0
3974,35,0
3975,35,0
3976,35,0
3977,35,0
3978,35,0
3979,36,0
3980,36,0
3981,36,0
3982,36,0
3983,36,0
3984,36,0
3985,36,0
3986,36,0
3987,36,0
3988,36,0
3989,37,0
3990,37,0
3991,37,0
3992,37,0
3993,37,0
3994,37,0
3995,37,0
3996,37,0
3997,37,0
3998,37,0
3999,37,0
4000,37,0
4001,37,0
4002,37,0
4003,36,0
4004,36,0
4005,36,0
4006,36,0
4007,36,0
4008,36,0
4009,36,0
4010,36,0
4011,36,0
4012,36,0
4013,36,0
4014,36,0
4015,36,0
4016,36,0
4017,36,0
4018,36,0
4019,36,0
4020,36,0
4021,36,0
4022,36,0
4023,36,0
4024,36,0
4025,36,0
4026,36,0
4027,36,0
4028,36,0
4029,36,0
4030,36,0
4031,36,0
4032,36,0
4033,36,0
4034,36,0
4035,36,0
4036,35,0
4037,35,0
4038,35,0
4039,35,0
4040,35,0
4041,35,0
4042,35,0
4043,35,0
4044,34,0
4045,34,0
4046,34,0
4047,34,0
4048,34,0
4049,34,0
4050,34,0
4051,34,0
4052,34,0
4053,34,0
4054,34,0
4055,34,0
4056,34,0
4057,34,0
4058,34,0
4059,34,0
4060,34,0
4061,34,0
4062,34,0
4063,34,0
4064,34,0
4065,34,0
4066,34,0
4067,34,0
4068,34,0
4069,34,0
4070,34,0
4071,34,0
4072,34,0
4073,34,0
4074,34,0
4075,34,0
4076,34,0
4077,34,0
4078,34,0
4079,34,0
4080,34,0
4081,34,0
4082,34,0
4083,34,0
4084,34,0
4085,34,0
4086,34,0
4087,34,0
4088,33,0
4089,33,0
4090,33,0
4091,33,0
4092,33,0
4093,33,0
4094,33,0
4095,34,0
4096,34,0
4097,34,0
4098,34,0
4099,34,0
4100,34,0
4101,34,0
4102,34,0
4103,34,0
4104,34,0
4105,34,0
4106,34,0
4107,34,0
4108,34,0
4109,34,0
4110,34,0
4111,34,0
4112,34,0
4113,34,0
4114,34,0
4115,34,0
4116,34,0
4117,34,0
4118,34,0
4119,34,0
4120,34,0
4121,34,0
4122,34,0
4123,34,0
4124,34,0
4125,34,0
4126,34,0
4127,34,0
4128,34,0
4129,34,0
4130,34,0
4131,34,0
4132,34,0
4133,34,0
4134,34,0
4135,34,0
4136,34,0
4137,34,0
4138,35,0
4139,35,0
4140,35,0
4141,35,0
4142,35,0
4143,35,0
4144,35,0
4145,35,0
4146,35,0
4147,35,0
4148,36,0
4149,36,0
4150,36,0
4151,36,0
4152,36,0
4153,36,0
4154,36,0
4155,36,0
4156,36,0
4157,36,0
4158,36,0
4159,36,0
4160,36,0
4161,36,0
4162,36,0
4163,36,0
4164,36,0
4165,36,0
4166,36,0
4167,36,0
4168,37,0
4169,37,0
4170,37,0
4171,37,0
4172,37,0
4173,37,0
4174,37,0
4175,37,0
4176,37,0
4177,37,0
4178,37,0
4179,37,0
4180,37,0
4181,37,0
4182,37,0
4183,37,0
4184,37,0
4185,37,0
4186,37,0
4187,37,0
4188,37,0
4189,37,0
4190,37,0
4191,37,0
4192,37,0
4193,37,0
4194,37,0
4195,37,0
4196,37,0
4197,37,0
4198,37,0
4199,37,0
4200,37,0
4201,37,0
4202,37,0
4203,37,0
4204,37,0
4205,37,0
4206,37,0
4207,37,0
4208,37,0
4209,37,0
4210,37,0
4211,37,0
4212,37,0
4213,37,0
4214,37,0
4215,37,0
4216,37,0
4217,37,0
4218,37,0
4219,37,0
4220,37,0
4221,37,0
4222,37,0
4223,37,0
4224,37,0
4225,37,0
4226,37,0
4227,37,0
4228,37,0
4229,37,0
4230,37,0
4231,37,0
4232,37,0
4233,37,0
4234,37,0
4235,37,0
4236,37,0
4237,36,0
4238,36,0
4239,36,0
4240,36,0
4241,36,0
4242,36,0
4243,36,0
4244,36,0
4245,36,0
4246,36,0
4247,36,0
4248,36,0
4249,36,0
4250,36,0
4251,36,0
4252,36,0
4253,36,0
4254,36,0
4255,36,0
4256,36,0
4257,36,0
4258,36,0
4259,36,0
4260,36,0
4261,36,0
4262,36,0
4263,36,0
4264,36,0
4265,36,0
4266,36,0
4267,36,0
4268,36,0
4269,36,0
4270,36,0
4271,36,0
4272,36,0
4273,36,0
4274,36,0
4275,36,0
4276,36,0
4277,36,0
4278,36,0
4279,36,0
4280,36,0
4281,36,0
4282,36,0
4283,36,0
4284,36,0
4285,36,0
4286,36,0
4287,36,0
4288,36,0
4289,36,0
4290,36,0
4291,36,0
4292,36,0
4293,36,0
4294,36,0
4295,36,0
4296,36,0
4297,36,0
4298,36,0
4299,36,0
4300,36,0
4301,36,0
4302,36,0
4303,36,0
4304,36,0
4305,36,0
4306,36,0
4307,36,0
4308,36,0
4309,36,0
4310,36,0
4311,36,0
4312,36,0
4313,36,0
4314,36,0
4315,36,0
4316,36,0
4317,36,0
4318,36,0
4319,36,0
4320,36,0
4321,36,0
4322,36,0
4323,36,0
4324,36,0
4325,36,0
4326,36,0
4327,36,0
4328,36,0
4329,36,0
4330,36,0
4331,36,0
4332,36,0
4333,36,0
4334,36,0
4335,36,0
4336,36,0
4337,36,0
4338,36,0
4339,36,0
4340,36,0
4341,36,0
4342,36,0
4343,36,0
4344,36,0
4345,36,0
4346,36,0
4347,36,0
4348,36,0
4349,36,0
4350,36,0
4351,36,0
4352,36,0
4353,36,0
4354,36,0
4355,36,0
4356,36,0
4357,36,0
4358,36,0
4359,36,0
4360,36,0
4361,36,0
4362,36,0
4363,36,0
4364,36,0
4365,36,0
4366,36,0
4367,36,0
4368,36,0
4369,36,0
4370,37,0
4371,37,0
4372,37,0
4373,37,0
4374,37,0
4375,37,0
4376,37,0
4377,37,0
4378,37,0
4379,37,0
4380,37,0
4381,37,0
4382,36,0
4383,36,0
4384,36,0
4385,36,0
4386,36,0
4387,36,0
4388,36,0
4389,36,0
4390,36,0
4391,36,0
4392,36,0
4393,36,0
4394,36,0
4395,36,0
4396,36,0
4397,36,0
4398,37,0
4399,37,0
4400,37,0
4401,37,0
4402,37,0
4403,37,0
4404,37,0
4405,37,0
4406,37,0
4407,37,0
4408,37,0
4409,37,0
4410,37,0
4411,37,0
4412,37,0
4413,37,0
4414,37,0
4415,37,0
4416,37,0
4417,37,0
4418,37,0
4419,37,0
4420,37,0
4421,37,0
4422,37,0
4423,37,0
4424,37,0
4425,37,0
4426,37,0
4427,37,0
4428,37,0
4429,37,0
4430,37,0
4431,37,0
4432,37,0
4433,37,0
4434,37,0
4435,37,0
4436,37,0
4437,37,0
4438,37,0
4439,37,0
4440,37,0
4441,37,0
4442,37,0
4443,37,0
4444,37,0
4445,37,0
4446,37,0
4447,37,0
4448,37,0
4449,37,0
4450,37,0
4451,37,0
4452,37,0
4453,37,0
4454,37,0
4455,36,0
4456,36,0
4457,36,0
4458,36,0
4459,36,0
4460,36,0
4461,36,0
4462,36,0
4463,36,0
4464,36,0
4465,36,0
4466,36,0
4467,36,0
4468,36,0
4469,36,0
4470,36,0
4471,36,0
4472,37,0
4473,37,0
4474,37,0
4475,38,0
4476,38,0
4477,38,0
4478,38,0
4479,38,0
4480,38,0
4481,38,0
4482,38,0
4483,38,0
4484,38,0
4485,38,0
4486,38,0
4487,38,0
4488,38,0
4489,38,0
4490,37,0
4491,37,0
4492,37,0
4493,37,0
4494,37,0
4495,37,0
4496,37,0
4497,37,0
4498,37,0
4499,37,0
4500,37,0
4501,37,0
4502,37,0
4503,37,0
4504,37,0
4505,37,0
4506,37,0
4507,37,0
4508,37,0
4509,37,0
4510,37,0
4511,37,0
4512,37,0
4513,37,0
4514,37,0
4515,37,0
4516,37,0
4517,37,0
4518,37,0
4519,37,0
4520,37,0
4521,37,0
4522,37,0
4523,37,0
4524,37,0
4525,37,0
4526,37,0
4527,37,0
4528,37,0
4529,37,0
4530,37,0
4531,37,0
4532,37,0
4533,37,0
4534,37,0
4535,37,0
4536,37,0
4537,37,0
4538,37,0
4539,37,0
4540,37,0
4541,37,0
4542,37,0
4543,37,0
4544,37,0
4545,37,0
4546,37,0
4547,37,0
4548,37,0
4549,36,0
4550,36,0
4551,36,0
4552,36,0
4553,36,0
4554,36,0
4555,36,0
4556,35,0
4557,35,0
4558,35,0
4559,35,0
4560,35,0
4561,35,0
4562,35,0
4563,35,0
4564,35,0
4565,35,0
4566,35,0
4567,35,0
4568,35,0
4569,35,0
4570,35,0
4571,35,0
4572,35,0
4573,35,0
4574,35,0
4575,35,0
4576,35,0
4577,35,0
4578,35,0
4579,35,0
4580,35,0
4581,35,0
4582,35,0
4583,35,0
4584,35,0
4585,35,0
4586,35,0
4587,35,0
4588,35,0
4589,34,0
4590,34,0
4591,34,0
4592,34,0
4593,34,0
4594,34,0
4595,34,0
4596,35,0
4597,35,0
4598,35,0
4599,35,0
4600,35,0
4601,35,0
4602,35,0
4603,35,0
4604,35,0
4605,35,0
4606,35,0
4607,35,0
4608,35,0
4609,35,0
4610,35,0
4611,35,0
4612,35,0
4613,35,0
4614,35,0
4615,35,0
4616,35,0
4617,35,0
4618,35,0
4619,35,0
4620,35,0
4621,35,0
4622,35,0
4623,35,0
4624,35,0
4625,35,0
4626,35,0
4627,35,0
4628,35,0
4629,35,0
4630,35,0
4631,35,0
4632,35,0
4633,35,0
4634,35,0
4635,35,0
4636,35,0
4637,35,0
4638,35,0
4639,35,0
4640,35,0
4641,35,0
4642,35,0
4643,35,0
4644,35,0
4645,35,0
4646,35,0
4647,35,0
4648,35,0
4649,35,0
4650,35,0
4651,35,0
4652,35,0
4653,35,0
4654,35,0
4655,35,0
4656,35,0
4657,35,0
4658,35,0
4659,35,0
4660,35,0
4661,35,0
4662,35,0
4663,35,0
4664,35,0
4665,35,0
4666,35,0
4667,35,0
4668,35,0
4669,35,0
4670,35,0
4671,35,0
4672,35,0
4673,35,0
4674,35,0
4675,35,0
4676,35,0
4677,35,0
4678,35,0
4679,35,0
4680,35,0
4681,35,0
4682,35,0
4683,35,0
4684,35,0
4685,35,0
4686,35,0
4687,35,0
4688,35,0
4689,36,0
4690,36,0
4691,36,0
4692,36,0
4693,36,0
4694,36,0
4695,36,0
4696,37,0
4697,36,0
4698,37,0
4699,37,0
4700,37,0
4701,37,0
4702,37,0
4703,37,0
4704,37,0
4705,37,0
4706,37,0
4707,37,0
4708,37,0
4709,38,0
4710,38,0
4711,38,0
4712,38,0
4713,38,0
4714,38,0
4715,38,0
4716,38,0
4717,38,0
4718,38,0
4719,38,0
4720,38,0
4721,38,0
4722,38,0
4723,38,0
4724,38,0
4725,38,0
4726,38,0
4727,38,0
4728,38,0
4729,38,0
4730,38,0
4731,38,0
4732,38,0
4733,38,0
4734,38,0
4735,38,0
4736,39,0
4737,39,0
4738,39,0
4739,39,0
4740,39,0
4741,39,0
4742,39,0
4743,39,0
4744,39,0
4745,39,0
4746,39,0
4747,39,0
4748,39,0
4749,39,0
4750,39,0
4751,38,0
4752,38,0
4753,38,0
4754,38,0
4755,38,0
4756,38,0
4757,38,0
4758,38,0
4759,38,0
4760,38,0
4761,38,0
4762,38,0
4763,38,0
4764,38,0
4765,38,0
4766,38,0
4767,38,0
4768,38,0
4769,38,0
4770,38,0
4771,38,0
4772,38,0
4773,38,0
4774,38,0
4775,38,0
4776,38,0
4777,38,0
4778,38,0
4779,38,0
4780,38,0
4781,38,0
4782,38,0
4783,38,0
4784,38,0
4785,38,0
4786,38,0
4787,38,0
4788,38,0
4789,38,0
4790,38,0
4791,38,0
4792,38,0
4793,38,0
4794,38,0
4795,38,0
4796,38,0
4797,38,0
4798,38,0
4799,38,0
4800,38,0
4801,38,0
4802,38,0
4803,38,0
4804,38,0
4805,39,0
4806,39,0
4807,39,0
4808,39,0
4809,39,0
4810,39,0
4811,39,0
4812,39,0
4813,39,0
4814,39,0
4815,39,0
4816,39,0
4817,38,0
4818,38,0
4819,38,0
4820,38,0
4821,38,0
4822,38,0
4823,38,0
4824,38,0
4825,38,0
4826,38,0
4827,38,0
4828,38,0
4829,38,0
4830,38,0
4831,38,0
4832,38,0
4833,38,0
4834,38,0
4835,38,0
4836,38,0
4837,38,0
4838,38,0
4839,38,0
4840,38,0
4841,38,0
4842,38,0
4843,38,0
4844,38,0
4845,38,0
4846,38,0
4847,38,0
4848,38,0
4849,38,0
4850,37,0
4851,37,0
4852,37,0
4853,37,0
4854,37,0
4855,37,0
4856,37,0
4857,37,0
4858,37,0
4859,37,0
4860,37,0
4861,37,0
4862,37,0
4863,37,0
4864,37,0
4865,37,0
4866,37,0
4867,37,0
4868,37,0
4869,37,0
4870,37,0
4871,37,0
4872,37,0
4873,37,0
4874,37,0
4875,37,0
4876,37,0
4877,37,0
4878,37,0
4879,37,0
4880,37,0
4881,37,0
4882,37,0
4883,37,0
4884,37,0
4885,37,0
4886,37,0
4887,37,0
4888,37,0
4889,37,0
4890,37,0
4891,37,0
4892,37,0
4893,37,0
4894,37,0
4895,37,0
4896,37,0
4897,36,0
4898,36,0
4899,36,0
4900,36,0
4901,36,0
4902,36,0
4903,36,0
4904,36,0
4905,36,0
4906,36,0
4907,36,0
4908,36,0
4909,36,0
4910,36,0
4911,36,0
4912,36,0
4913,36,0
4914,36,0
4915,36,0
4916,37,0
4917,37,0
4918,37,0
4919,37,0
4920,37,0
4921,37,0
4922,37,0
4923,37,0
4924,37,0
4925,37,0
4926,37,0
4927,37,0
4928,37,0
4929,37,0
4930,37,0
4931,37,0
4932,37,0
4933,37,0
4934,37,0
4935,37,0
4936,37,0
4937,37,0
4938,37,0
4939,37,0
4940,37,0
4941,37,0
4942,37,0
4943,37,0
4944,37,0
4945,37,0
4946,37,0
4947,37,0
4948,37,0
4949,37,0
4950,38,0
4951,38,0
4952,38,0
4953,38,0
4954,38,0
4955,38,0
4956,38,0
4957,39,0
4958,39,0
4959,39,0
4960,39,0
4961,39,0
4962,39,0
4963,39,0
4964,39,0
4965,39,0
4966,39,0
4967,39,0
4968,39,0
4969,39,0
4970,39,0
4971,39,0
4972,39,0
4973,39,0
4974,39,0
4975,39,0
4976,39,0
4977,39,0
4978,39,0
4979,39,0
4980,39,0
4981,39,0
4982,39,0
4983,39,0
4984,39,0
4985,39,0
4986,39,0
4987,39,0
4988,39,0
4989,39,0
4990,39,0
4991,39,0
4992,39,0
4993,39,0
4994,39,0
4995,39,0
4996,40,0
4997,40,0
4998,40,0
4999,40,0
5000,40,0
5001,40,0
5002,40,0
5003,40,0
5004,40,0
5005,40,0
5006,40,0
5007,40,0
5008,41,0
5009,41,0
5010,41,0
5011,41,0
5012,41,0
5013,41,0
5014,41,0
5015,41,0
5016,41,0
5017,41,0
5018,41,0
5019,41,0
5020,41,0
5021,41,0
5022,41,0
5023,41,0
5024,41,0
5025,41,0
5026,41,0
5027,41,0
5028,41,0
5029,41,0
5030,41,0
5031,40,0
5032,40,0
5033,40,0
5034,40,0
5035,40,0
5036,40,0
5037,40,0
5038,40,0
5039,40,0
5040,40,0
5041,40,0
5042,40,0
5043,40,0
5044,40,0
5045,40,0
5046,40,0
5047,40,0
5048,40,0
5049,40,0
5050,40,0
5051,40,0
5052,40,0
5053,40,0
5054,40,0
5055,40,0
5056,40,0
5057,40,0
5058,40,0
5059,40,0
5060,40,0
5061,40,0
5062,40,0
5063,40,0
5064,40,0
5065,40,0
5066,39,0
5067,39,0
5068,39,0
5069,39,0
5070,39,0
5071,39,0
5072,39,0
5073,39,0
5074,39,0
5075,39,0
5076,39,0
5077,39,0
5078,39,0
5079,39,0
5080,39,0
5081,39,0
5082,39,0
5083,39,0
5084,39,0
5085,39,0
5086,39,0
5087,39,0
5088,39,0
5089,39,0
5090,39,0
5091,39,0
5092,39,0
5093,39,0
5094,39,0
5095,39,0
5096,39,0
5097,38,0
5098,38,0
5099,37,0
5100,37,0
5101,37,0
5102,37,0
5103,37,0
5104,37,0
5105,37,0
5106,37,0
5107,37,0
5108,37,0
5109,37,0
5110,37,0
5111,37,0
5112,37,0
5113,37,0
5114,37,0
5115,37,0
5116,37,0
5117,37,0
5118,37,0
5119,37,0
5120,37,0
5121,37,0
5122,37,0
5123,37,0
5124,37,0
5125,37,0
5126,37,0
5127,37,0
5128,37,0
5129,37,0
5130,37,0
5131,37,0
5132,36,0
5133,36,0
5134,36,0
5135,36,0
5136,36,0
5137,36,0
5138,36,0
5139,36,0
5140,36,0
5141,36,0
5142,36,0
5143,36,0
5144,37,0
5145,37,0
5146,37,0
5147,37,0
5148,37,0
5149,37,0
5150,37,0
5151,38,0
5152,38,0
5153,38,0
5154,38,0
5155,38,0
5156,38,0
5157,38,0
5158,38,0
5159,38,0
5160,38,0
5161,38,0
5162,38,0
5163,38,0
5164,38,0
5165,38,0
5166,38,0
5167,38,0
5168,38,0
5169,38,0
5170,38,0
5171,38,0
5172,38,0
5173,38,0
5174,38,0
5175,38,0
5176,38,0
5177,38,0
5178,38,0
5179,38,0
5180,38,0
5181,38,0
5182,38,0
5183,38,0
5184,38,0
5185,38,0
5186,38,0
5187,38,0
5188,38,0
5189,38,0
5190,38,0
5191,38,0
5192,38,0
5193,38,0
5194,38,0
5195,38,0
5196,38,0
5197,38,0
5198,38,0
5199,38,0
5200,38,0
5201,38,0
5202,38,0
5203,38,0
5204,38,0
5205,38,0
5206,38,0
5207,38,0
5208,38,0
5209,38,0
5210,38,0
5211,38,0
5212,39,0
5213,39,0
5214,39,0
5215,39,0
5216,39,0
5217,39,0
5218,39,0
5219,39,0
5220,39,0
5221,39,0
5222,39,0
5223,39,0
5224,39,0
5225,39,0
5226,39,0
5227,39,0
5228,39,0
5229,39,0
5230,39,0
5231,39,0
5232,39,0
5233,39,0
5234,39,0
5235,39,0
5236,39,0
5237,39,0
5238,39,0
5239,39,0
5240,39,0
5241,39,0
5242,39,0
5243,39,0
5244,39,0
5245,39,0
5246,39,0
5247,39,0
5248,39,0
5249,39,0
5250,39,0
5251,39,0
5252,39,0
5253,39,0
5254,39,0
5255,39,0
5256,39,0
5257,39,0
5258,39,0
5259,39,0
5260,39,0
5261,39,0
5262,39,0
5263,39,0
5264,39,0
5265,39,0
5266,39,0
5267,39,0
5268,39,0
5269,39,0
5270,39,0
5271,39,0
5272,39,0
5273,39,0
5274,39,0
5275,39,0
5276,39,0
5277,39,0
5278,39,0
5279,39,0
5280,39,0
5281,39,0
5282,39,0
5283,39,0
5284,39,0
5285,39,0
5286,39,0
5287,39,0
5288,39,0
5289,39,0
5290,39,0
5291,39,0
5292,39,0
5293,39,0
5294,39,0
5295,39,0
5296,39,0
5297,39,0
5298,39,0
5299,39,0
5300,39,0
5301,39,0
5302,39,0
5303,39,0
5304,39,0
5305,39,0
5306,39,0
5307,39,0
5308,39,0
5309,39,0
5310,39,0
5311,39,0
5312,39,0
5313,39,0
5314,39,0
5315,39,0
5316,39,0
5317,39,0
5318,39,0
5319,39,0
5320,39,0
5321,39,0
5322,39,0
5323,39,0
5324,39,0
5325,39,0
5326,39,0
5327,39,0
5328,39,0
5329,39,0
5330,39,0
5331,39,0
5332,39,0
5333,39,0
5334,39,0
5335,39,0
5336,39,0
5337,39,0
5338,39,0
5339,39,0
5340,39,0
5341,39,0
5342,39,0
5343,39,0
5344,39,0
5345,39,0
5346,39,0
5347,39,0
5348,39,0
5349,39,0
5350,39,0
5351,39,0
5352,39,0
5353,40,0
5354,40,0
5355,40,0
5356,40,0
5357,40,0
5358,40,0
5359,40,0
5360,40,0
5361,40,0
5362,40,0
5363,40,0
5364,41,0
5365,41,0
5366,41,0
5367,41,0
5368,41,0
5369,41,0
5370,41,0
5371,42,0
5372,42,0
5373,42,0
5374,42,0
5375,42,0
5376,42,0
5377,42,0
5378,42,0
5379,42,0
5380,42,0
5381,42,0
5382,42,0
5383,42,0
5384,42,0
5385,42,0
5386,42,0
5387,42,0
5388,42,0
5389,42,0
5390,42,0
5391,42,0
5392,42,0
5393,42,0
5394,42,0
5395,42,0
5396,42,0
5397,42,0
5398,41,0
5399,41,0
5400,41,0
5401,41,0
5402,41,0
5403,41,0
5404,41,0
5405,41,0
5406,41,0
5407,41,0
5408,41,0
5409,41,0
5410,41,0
5411,41,0
5412,41,0
5413,41,0
5414,41,0
5415,41,0
5416,41,0
5417,41,0
5418,41,0
5419,41,0
5420,41,0
5421,41,0
5422,41,0
5423,41,0
5424,41,0
5425,41,0
5426,41,0
5427,41,0
5428,41,0
5429,41,0
5430,41,0
5431,41,0
5432,41,0
5433,41,0
5434,41,0
5435,41,0
5436,41,0
5437,41,0
5438,41,0
5439,41,0
5440,41,0
5441,42,0
5442,42,0
5443,42,0
5444,42,0
5445,42,0
5446,42,0
5447,42,0
5448,42,0
5449,42,0
5450,42,0
5451,42,0
5452,42,0
5453,42,0
5454,42,0
5455,42,0
5456,42,0
5457,42,0
5458,42,0
5459,42,0
5460,42,0
5461,42,0
5462,42,0
5463,42,0
5464,42,0
5465,42,0
5466,42,0
5467,42,0
5468,42,0
5469,42,0
5470,42,0
5471,42,0
5472,42,0
5473,42,0
5474,42,0
5475,42,0
5476,42,0
5477,42,0
5478,42,0
5479,42,0
5480,42,0
5481,42,0
5482,42,0
5483,42,0
5484,42,0
5485,42,0
5486,42,0
5487,42,0
5488,42,0
5489,42,0
5490,42,0
5491,42,0
5492,42,0
5493,42,0
5494,42,0
5495,42,0
5496,42,0
5497,42,0
5498,42,0
5499,42,0
5500,42,0
5501,42,0
5502,42,0
5503,42,0
5504,42,0
5505,42,0
5506,42,0
5507,42,0
5508,42,0
5509,42,0
5510,42,0
5511,42,0
5512,42,0
5513,42,0
5514,42,0
5515,42,0
5516,42,0
5517,42,0
5518,42,0
5519,43,0
5520,43,0
5521,42,0
5522,42,0
5523,42,0
5524,43,0
5525,43,0
5526,43,0
5527,43,0
5528,43,0
5529,43,0
5530,43,0
5531,43,0
5532,43,0
5533,43,0
5534,43,0
5535,43,0
5536,43,0
5537,43,0
5538,43,0
5539,43,0
5540,43,0
5541,43,0
5542,43,0
5543,43,0
5544,43,0
5545,43,0
5546,43,0
5547,43,0
5548,43,0
5549,43,0
5550,43,0
5551,43,0
5552,43,0
5553,43,0
5554,42,0
5555,42,0
5556,42,0
5557,42,0
5558,42,0
5559,42,0
5560,42,0
5561,42,0
5562,42,0
5563,42,0
5564,42,0
5565,42,0
5566,42,0
5567,42,0
5568,42,0
5569,42,0
5570,42,0
5571,42,0
5572,43,1
5573,43,1
5574,43,1
5575,43,1
5576,43,1
5577,43,1
5578,43,1
5579,43,1
5580,43,1
5581,43,1
5582,43,1
5583,43,1
5584,43,1
5585,43,1
5586,43,1
5587,43,1
5588,43,1
5589,43,1
5590,43,1
5591,43,1
5592,43,1
5593,43,1
5594,43,1
5595,43,1
5596,43,1
5597,43,1
5598,43,1
5599,43,1
5600,43,1
5601,42,1
5602,42,1
5603,42,1
5604,42,1
5605,42,1
5606,42,1
5607,42,1
5608,42,1
5609,42,1
5610,42,1
5611,42,1
5612,42,1
5613,42,1
5614,42,1
5615,42,1
5616,42,1
5617,42,1
5618,42,1
5619,42,1
5620,41,1
5621,41,1
5622,41,1
5623,41,1
5624,41,1
5625,41,1
5626,41,1
5627,41,1
5628,41,1
5629,41,1
5630,41,1
5631,41,1
5632,41,1
5633,41,1
5634,42,1
5635,42,1
5636,42,1
5637,42,1
5638,42,1
5639,42,1
5640,42,1
5641,42,1
5642,42,1
5643,42,1
5644,42,1
5645,42,1
5646,42,1
5647,42,1
5648,42,1
5649,42,1
5650,42,1
5651,42,1
5652,42,1
5653,42,1
5654,42,1
5655,42,1
5656,42,1
5657,42,1
5658,42,1
5659,42,1
5660,42,1
5661,42,1
5662,42,1
5663,42,1
5664,42,1
5665,42,1
5666,42,1
5667,42,1
5668,42,1
5669,42,1
5670,42,1
5671,42,1
5672,42,1
5673,42,1
5674,42,1
5675,42,1
5676,42,1
5677,42,1
5678,42,1
5679,42,1
5680,42,1
5681,42,1
5682,42,1
5683,42,1
5684,42,1
5685,42,1
5686,42,1
5687,42,1
5688,42,1
5689,42,1
5690,42,1
5691,42,1
5692,42,1
5693,42,1
5694,42,1
5695,41,1
5696,41,1
5697,41,1
5698,41,1
5699,41,1
5700,41,1
5701,41,1
5702,41,1
5703,41,1
5704,41,1
5705,41,1
5706,41,1
5707,41,1
5708,41,1
5709,41,1
5710,41,1
5711,41,1
5712,41,1
5713,41,1
5714,41,1
5715,41,1
5716,41,1
5717,41,1
5718,41,1
5719,41,1
5720,41,1
5721,41,1
5722,41,1
5723,41,1
5724,41,1
5725,41,1
5726,41,1
5727,41,1
5728,40,1
5729,40,1
5730,40,1
5731,40,1
5732,40,1
5733,40,1
5734,40,1
5735,40,1
5736,40,1
5737,40,1
5738,40,1
5739,40,1
5740,40,1
5741,40,1
5742,40,1
5743,40,1
5744,40,1
5745,40,1
5746,40,1
5747,40,1
5748,40,1
5749,40,1
5750,40,1
5751,40,1
5752,40,1
5753,40,1
5754,40,1
5755,40,1
5756,40,1
5757,40,1
5758,40,1
5759,40,1
5760,40,1
5761,40,1
5762,40,1
5763,41,2
5764,41,2
5765,41,2
5766,41,2
5767,41,2
5768,41,2
5769,41,2
5770,41,2
5771,40,2
5772,40,2
5773,40,2
5774,40,2
5775,40,2
5776,40,2
5777,40,2
5778,40,2
5779,40,2
5780,40,2
5781,40,2
5782,40,2
5783,40,2
5784,40,2
5785,40,2
5786,40,2
5787,40,2
5788,40,2
5789,40,2
5790,40,2
5791,40,2
5792,40,2
5793,40,2
5794,40,2
5795,40,2
5796,40,2
5797,40,2
5798,40,2
5799,40,2
5800,40,2
5801,40,2
5802,40,2
5803,40,2
5804,40,2
5805,40,2
5806,40,2
5807,40,2
5808,40,2
5809,40,2
5810,40,2
5811,40,2
5812,40,2
5813,41,3
5814,41,3
5815,41,3
5816,41,3
5817,41,3
5818,41,3
5819,41,3
5820,41,3
5821,41,3
5822,41,3
5823,41,3
5824,41,3
5825,41,3
5826,41,3
5827,41,3
5828,41,3
5829,40,3
5830,40,3
5831,40,3
5832,40,3
5833,40,3
5834,40,3
5835,40,3
5836,40,3
5837,40,3
5838,40,3
5839,40,3
5840,40,3
5841,40,3
5842,40,3
5843,40,3
5844,40,3
5845,40,3
5846,40,3
5847,40,3
5848,40,3
5849,40,3
5850,40,3
5851,40,3
5852,40,3
5853,40,3
5854,40,3
5855,40,3
5856,40,3
5857,40,3
5858,40,3
5859,40,3
5860,40,3
5861,40,3
5862,40,3
5863,40,3
5864,40,3
5865,40,3
5866,40,3
5867,40,3
5868,40,3
5869,40,3
5870,40,3
5871,40,3
5872,40,3
5873,40,3
5874,40,3
5875,40,3
5876,40,3
5877,40,3
5878,40,3
5879,40,3
5880,40,3
5881,40,3
5882,40,3
5883,40,3
5884,40,3
5885,40,3
5886,40,3
5887,40,3
5888,40,3
5889,40,3
5890,40,3
5891,40,3
5892,40,3
5893,40,3
5894,40,3
5895,40,3
5896,40,3
5897,40,3
5898,39,3
5899,39,3
5900,39,3
5901,39,3
5902,39,3
5903,39,3
5904,39,3
5905,39,3
5906,39,3
5907,39,3
5908,39,3
5909,39,3
5910,39,3
5911,39,3
5912,39,3
5913,39,3
5914,39,3
5915,39,3
5916,39,3
5917,39,3
5918,39,3
5919,39,3
5920,39,3
5921,39,3
5922,39,3
5923,39,3
5924,39,3
5925,39,3
5926,39,3
5927,39,3
5928,39,3
5929,39,3
5930,39,3
5931,39,3
5932,39,3
5933,39,3
5934,39,3
5935,39,3
5936,39,3
5937,39,3
5938,39,3
5939,39,3
5940,39,3
5941,39,3
5942,39,3
5943,39,3
5944,39,3
5945,39,3
5946,39,3
5947,39,3
5948,39,3
5949,39,3
5950,39,3
5951,39,3
5952,39,3
5953,39,3
5954,39,3
5955,39,3
5956,39,3
5957,39,3
5958,39,3
5959,39,3
5960,39,3
5961,39,3
5962,39,3
5963,39,3
5964,38,3
5965,38,3
5966,38,3
5967,38,3
5968,38,3
5969,38,3
5970,38,3
5971,38,3
5972,37,3
5973,37,3
5974,37,3
5975,37,3
5976,37,3
5977,37,3
5978,37,3
5979,37,3
5980,37,3
5981,37,3
5982,37,3
5983,37,3
5984,37,3
5985,37,3
5986,37,3
5987,37,3
5988,37,3
5989,37,3
5990,37,3
5991,37,3
5992,37,3
5993,37,3
5994,37,3
5995,37,3
5996,37,3
5997,37,3
5998,37,3
5999,37,3
6000,37,3
6001,37,3
6002,37,3
6003,37,3
6004,37,3
6005,36,3
6006,36,3
6007,36,3
6008,37,3
6009,37,3
6010,37,3
6011,37,3
6012,37,3
6013,37,3
6014,37,3
6015,37,3
6016,37,3
6017,37,3
6018,37,3
6019,37,3
6020,37,3
6021,37,3
6022,37,3
6023,37,3
6024,37,3
6025,37,3
6026,37,3
6027,37,3
6028,37,3
6029,37,3
6030,37,3
6031,37,3
6032,36,3
6033,36,3
6034,36,3
6035,36,3
6036,36,3
6037,36,3
6038,36,3
6039,36,3
6040,36,3
6041,36,3
6042,36,3
6043,36,3
6044,36,3
6045,36,3
6046,36,3
6047,36,3
6048,36,3
6049,36,3
6050,36,3
6051,36,3
6052,37,3
6053,37,3
6054,37,3
6055,37,3
6056,37,3
6057,37,3
6058,37,3
6059,37,3
6060,37,3
6061,37,3
6062,37,3
6063,37,3
6064,37,3
6065,37,3
6066,37,3
6067,37,3
6068,37,3
6069,37,3
6070,37,3
6071,36,3
6072,36,3
6073,36,3
6074,36,3
6075,36,3
6076,36,3
6077,36,3
6078,36,3
6079,36,3
6080,36,3
6081,36,3
6082,36,3
6083,36,3
6084,36,3
6085,36,3
6086,36,3
6087,36,3
6088,36,3
6089,36,3
6090,36,3
6091,36,3
6092,36,3
6093,36,3
6094,36,3
6095,36,3
6096,36,3
6097,36,3
6098,36,3
6099,36,3
6100,36,3
6101,36,3
6102,36,3
6103,36,3
6104,36,3
6105,36,3
6106,36,3
6107,36,3
6108,36,3
6109,36,3
6110,36,3
6111,36,3
6112,36,3
6113,36,3
6114,36,3
6115,36,3
6116,36,3
6117,36,3
6118,36,3
6119,36,3
6120,36,3
6121,36,3
6122,36,3
6123,36,3
6124,36,3
6125,36,3
6126,36,3
6127,36,3
6128,36,3
6129,36,3
6130,36,3
6131,36,3
6132,36,3
6133,36,3
6134,36,3
6135,36,3
6136,36,3
6137,36,3
6138,36,3
6139,36,3
6140,36,3
6141,36,3
6142,36,3
6143,36,3
6144,36,3
6145,36,3
6146,36,3
6147,36,3
6148,36,3
6149,36,3
6150,37,3
6151,37,3
6152,37,3
6153,37,3
6154,37,3
6155,37,3
6156,37,3
6157,37,3
6158,37,3
6159,37,3
6160,37,3
6161,37,3
6162,37,3
6163,36,2
6164,36,2
6165,36,2
6166,36,2
6167,36,2
6168,36,2
6169,36,2
6170,36,2
6171,36,2
6172,36,2
6173,36,2
6174,36,2
6175,36,2
6176,36,2
6177,36,2
6178,36,2
6179,36,2
6180,36,2
6181,36,2
6182,36,2
6183,36,2
6184,36,2
6185,36,2
6186,36,2
6187,36,2
6188,36,2
6189,36,2
6190,36,2
6191,36,2
6192,36,2
6193,36,2
6194,36,2
6195,36,2
6196,35,1
6197,35,1
6198,35,1
6199,35,1
6200,35,1
6201,35,1
6202,35,1
6203,35,1
6204,35,1
6205,35,1
6206,35,1
6207,35,1
6208,35,1
6209,35,1
6210,35,1
6211,35,1
6212,35,1
6213,35,1
6214,35,1
6215,35,1
6216,35,1
6217,35,1
6218,35,1
6219,35,1
6220,35,1
6221,35,1
6222,35,1
6223,35,1
6224,35,1
6225,35,1
6226,35,1
6227,35,1
6228,35,1
6229,35,1
6230,35,1
6231,35,1
6232,35,1
6233,35,1
6234,35,1
6235,35,1
6236,35,1
6237,35,1
6238,35,1
6239,35,1
6240,35,1
6241,35,1
6242,35,1
6243,35,1
6244,35,1
6245,35,1
6246,35,1
6247,35,1
6248,35,1
6249,35,1
6250,35,1
6251,35,1
6252,35,1
6253,35,1
6254,35,1
6255,35,1
6256,35,1
6257,35,1
6258,35,1
6259,35,1
6260,35,1
6261,35,1
6262,35,1
6263,35,1
6264,35,1
6265,35,1
6266,35,1
6267,35,1
6268,35,1
6269,35,1
6270,35,1
6271,35,1
6272,35,1
6273,35,1
6274,35,1
6275,35,1
6276,35,1
6277,35,1
6278,35,1
6279,35,1
6280,35,1
6281,35,1
6282,35,1
6283,35,1
6284,35,1
6285,35,1
6286,35,1
6287,35,1
6288,35,1
6289,35,1
6290,35,1
6291,35,1
6292,35,1
6293,35,1
6294,35,1
6295,35,1
6296,35,1
6297,35,1
6298,35,1
6299,35,1
6300,35,1
6301,35,1
6302,35,1
6303,35,1
6304,35,1
6305,35,1
6306,35,1
6307,35,1
6308,35,1
6309,35,1
6310,35,1
6311,35,1
6312,35,1
6313,35,1
6314,35,1
6315,35,1
6316,35,1
6317,35,1
6318,35,1
6319,35,1
6320,36,1
6321,36,1
6322,36,1
6323,36,1
6324,36,1
6325,36,1
6326,36,1
6327,36,1
6328,36,1
6329,36,1
6330,36,1
6331,35,1
6332,35,1
6333,35,1
6334,35,1
6335,35,1
6336,35,1
6337,35,1
6338,35,1
6339,35,1
6340,35,1
6341,35,1
6342,35,1
6343,35,1
6344,36,1
6345,36,1
6346,36,1
6347,36,1
6348,36,1
6349,36,1
6350,36,1
6351,36,1
6352,36,1
6353,36,1
6354,36,1
6355,36,1
6356,36,1
6357,36,1
6358,36,1
6359,36,1
6360,36,1
6361,36,1
6362,36,1
6363,36,1
6364,36,1
6365,36,1
6366,35,1
6367,35,1
6368,35,1
6369,35,1
6370,35,1
6371,35,1
6372,36,1
6373,36,1
6374,36,1
6375,36,1
6376,36,1
6377,37,1
6378,37,1
6379,37,1
6380,37,1
6381,37,1
6382,37,1
6383,37,1
6384,37,1
6385,37,1
6386,37,1
6387,37,1
6388,37,1
6389,37,1
6390,37,1
6391,37,1
6392,37,1
6393,37,1
6394,37,1
6395,37,1
6396,37,1
6397,37,1
6398,37,1
6399,37,1
6400,37,1
6401,37,1
6402,37,1
6403,37,1
6404,37,1
6405,37,1
6406,37,1
6407,37,1
6408,37,1
6409,37,1
6410,37,1
6411,37,1
6412,37,1
6413,37,1
6414,37,1
6415,37,1
6416,37,1
6417,37,1
6418,37,1
6419,37,1
6420,37,1
6421,37,1
6422,37,1
6423,37,1
6424,37,1
6425,37,1
6426,37,1
6427,37,1
6428,37,1
6429,37,1
6430,37,1
6431,37,1
6432,37,1
6433,37,1
6434,37,1
6435,38,1
6436,38,1
6437,38,1
6438,38,1
6439,38,1
6440,38,1
6441,38,1
6442,38,1
6443,38,1
6444,38,1
6445,38,1
6446,37,1
6447,37,1
6448,37,1
6449,37,1
6450,37,1
6451,37,1
6452,37,1
6453,37,1
6454,37,1
6455,37,1
6456,37,1
6457,37,1
6458,37,1
6459,37,1
6460,37,1
6461,37,1
6462,37,1
6463,37,1
6464,37,1
6465,37,1
6466,37,1
6467,37,1
6468,37,1
6469,37,1
6470,37,1
6471,37,1
6472,37,1
6473,37,1
6474,37,1
6475,37,1
6476,37,1
6477,37,1
6478,37,1
6479,37,1
6480,37,1
6481,37,1
6482,37,1
6483,37,1
6484,37,1
6485,37,1
6486,37,1
6487,37,1
6488,37,1
6489,37,1
6490,37,1
6491,37,1
6492,37,1
6493,37,1
6494,37,1
6495,37,1
6496,37,1
6497,37,1
6498,37,1
6499,37,1
6500,37,1
6501,37,1
6502,37,1
6503,37,1
6504,37,1
6505,37,1
6506,37,1
6507,37,1
6508,37,1
6509,37,1
6510,37,1
6511,37,1
6512,37,1
6513,37,1
6514,37,1
6515,37,1
6516,37,1
6517,37,1
6518,37,1
6519,37,1
6520,37,1
6521,37,1
6522,37,1
6523,37,1
6524,37,1
6525,37,1
6526,36,1
6527,36,1
6528,36,1
6529,36,1
6530,36,1
6531,36,1
6532,36,1
6533,36,1
6534,36,1
6535,36,1
6536,36,1
6537,36,1
6538,36,1
6539,36,1
6540,36,1
6541,36,1
6542,36,1
6543,36,1
6544,36,1
6545,36,1
6546,36,1
6547,36,1
6548,36,1
6549,36,1
6550,36,1
6551,36,1
6552,36,1
6553,36,1
6554,36,1
6555,36,1
6556,36,1
6557,36,1
6558,36,1
6559,36,1
6560,36,1
6561,36,1
6562,36,1
6563,36,1
6564,36,1
6565,36,1
6566,36,1
6567,36,1
6568,36,1
6569,36,1
6570,36,1
6571,36,1
6572,37,1
6573,37,1
6574,37,1
6575,37,1
6576,37,1
6577,37,1
6578,37,1
6579,37,1
6580,37,1
6581,36,1
6582,36,1
6583,36,1
6584,36,1
6585,36,1
6586,36,1
6587,36,1
6588,36,1
6589,37,2
6590,37,2
6591,37,2
6592,37,2
6593,37,2
6594,37,2
6595,37,2
6596,37,2
6597,37,2
6598,37,2
6599,37,2
6600,37,2
6601,37,2
6602,37,2
6603,37,2
6604,37,2
6605,37,2
6606,37,2
6607,37,2
6608,37,2
6609,37,2
6610,37,2
6611,37,2
6612,37,2
6613,37,2
6614,36,2
6615,36,2
6616,36,2
6617,36,2
6618,36,2
6619,36,2
6620,36,2
6621,36,2
6622,36,2
6623,36,2
6624,36,2
6625,36,2
6626,36,2
6627,36,2
6628,36,2
6629,36,2
6630,36,2
6631,36,2
6632,36,2
6633,36,2
6634,36,2
6635,36,2
6636,36,2
6637,36,2
6638,36,2
6639,36,2
6640,36,2
6641,36,2
6642,36,2
6643,36,2
6644,36,2
6645,36,2
6646,36,2
6647,36,2
6648,36,2
6649,36,2
6650,36,2
6651,36,2
6652,36,2
6653,36,2
6654,36,2
6655,36,2
6656,36,2
6657,36,2
6658,36,2
6659,36,2
6660,36,2
6661,36,2
6662,36,2
6663,36,2
6664,36,2
6665,36,2
6666,36,2
6667,36,2
6668,36,2
6669,36,2
6670,36,2
6671,36,2
6672,37,2
6673,37,2
6674,37,2
6675,37,2
6676,37,2
6677,37,2
6678,37,2
6679,37,2
6680,37,2
6681,37,2
6682,37,2
6683,37,2
6684,37,2
6685,37,2
6686,37,2
6687,37,2
6688,37,2
6689,37,2
6690,37,2
6691,36,2
6692,36,2
6693,36,2
6694,36,2
6695,36,2
6696,36,2
6697,36,2
6698,36,2
6699,36,2
6700,36,2
6701,36,2
6702,36,2
6703,36,2
6704,36,2
6705,36,2
6706,36,2
6707,36,2
6708,36,2
6709,36,2
6710,36,2
6711,36,2
6712,36,2
6713,35,1
6714,35,1
6715,35,1
6716,35,1
6717,35,1
6718,35,1
6719,35,1
6720,35,1
6721,35,1
6722,35,1
6723,35,1
6724,35,1
6725,35,1
6726,35,1
6727,35,1
6728,35,1
6729,35,1
6730,35,1
6731,35,1
6732,35,1
6733,35,1
6734,35,1
6735,35,1
6736,35,1
6737,35,1
6738,35,1
6739,35,1
6740,35,1
6741,35,1
6742,34,1
6743,34,1
6744,34,1
6745,34,1
6746,34,1
6747,34,1
6748,34,1
6749,34,1
6750,34,1
6751,34,1
6752,34,1
6753,34,1
6754,34,1
6755,34,1
6756,34,1
6757,34,1
6758,34,1
6759,34,1
6760,34,1
6761,34,1
6762,34,1
6763,34,1
6764,34,1
6765,34,1
6766,34,1
6767,34,1
6768,34,1
6769,34,1
6770,34,1
6771,34,1
6772,34,1
6773,34,1
6774,34,1
6775,33,1
6776,33,1
6777,33,1
6778,33,1
6779,33,1
6780,33,1
6781,33,1
6782,32,1
6783,32,1
6784,32,1
6785,32,1
6786,32,1
6787,32,1
6788,32,1
6789,32,1
6790,32,1
6791,32,1
6792,32,1
6793,32,1
6794,32,1
6795,32,1
6796,32,1
6797,32,1
6798,32,1
6799,32,1
6800,32,1
6801,32,1
6802,32,1
6803,32,1
6804,32,1
6805,32,1
6806,32,1
6807,32,1
6808,32,1
6809,32,1
6810,32,1
6811,32,1
6812,32,1
6813,32,1
6814,32,1
6815,32,1
6816,32,1
6817,32,1
6818,32,1
6819,32,1
6820,32,1
6821,32,1
6822,32,1
6823,32,1
6824,32,1
6825,32,1
6826,32,1
6827,32,1
6828,32,1
6829,32,1
6830,32,1
6831,32,1
6832,32,1
6833,32,1
6834,32,1
6835,32,1
6836,32,1
6837,32,1
6838,32,1
6839,32,1
6840,32,1
6841,32,1
6842,32,1
6843,31,1
6844,31,1
6845,31,1
6846,31,1
6847,31,1
6848,31,1
6849,31,1
6850,31,1
6851,31,1
6852,31,1
6853,31,1
6854,31,1
6855,31,1
6856,30,1
6857,30,1
6858,30,1
6859,30,1
6860,30,1
6861,30,1
6862,30,1
6863,30,1
6864,30,1
6865,30,1
6866,30,1
6867,30,1
6868,30,1
6869,30,1
6870,30,1
6871,30,1
6872,30,1
6873,30,1
6874,30,1
6875,30,1
6876,30,1
6877,30,1
6878,30,1
6879,30,1
6880,30,1
6881,30,1
6882,30,1
6883,30,1
6884,31,1
6885,31,1
6886,31,1
6887,31,1
6888,31,1
6889,31,1
6890,31,1
6891,31,1
6892,31,1
6893,31,1
6894,31,1
6895,31,1
6896,31,1
6897,31,1
6898,31,1
6899,31,1
6900,31,1
6901,31,1
6902,31,1
6903,31,1
6904,31,1
6905,31,1
6906,31,1
6907,31,1
6908,31,1
6909,31,1
6910,31,1
6911,31,1
6912,31,1
6913,31,1
6914,31,1
6915,31,1
6916,31,1
6917,31,1
6918,31,1
6919,31,1
6920,31,1
6921,31,1
6922,31,1
6923,31,1
6924,31,1
6925,31,1
6926,31,1
6927,31,1
6928,31,1
6929,31,1
6930,31,1
6931,31,1
6932,31,1
6933,31,1
6934,31,1
6935,31,1
6936,31,1
6937,31,1
6938,31,1
6939,31,1
6940,31,1
6941,31,1
6942,31,1
6943,31,1
6944,31,1
6945,31,1
6946,31,1
6947,31,1
6948,31,1
6949,31,1
6950,31,1
6951,31,1
6952,31,1
6953,31,1
6954,31,1
6955,31,1
6956,31,1
6957,31,1
6958,31,1
6959,31,1
6960,31,1
6961,31,1
6962,31,1
6963,31,1
6964,31,1
6965,31,1
6966,31,1
6967,31,1
6968,31,1
6969,31,1
6970,31,1
6971,31,1
6972,31,1
6973,31,1
6974,31,1
6975,31,1
6976,31,1
6977,31,1
6978,31,1
6979,31,1
6980,31,1
6981,31,1
6982,31,1
6983,31,1
6984,31,1
6985,31,1
6986,31,1
6987,31,1
6988,31,1
6989,31,1
6990,31,1
6991,31,1
6992,31,1
6993,31,1
6994,31,1
6995,31,1
6996,31,1
6997,31,1
6998,31,1
6999,31,1
7000,31,1
7001,31,1
7002,31,1
7003,31,1
7004,31,1
7005,31,1
7006,31,1
7007,31,1
7008,31,1
7009,31,1
7010,31,1
7011,31,1
7012,31,1
7013,31,1
7014,31,1
7015,31,1
7016,31,1
7017,31,1
7018,31,1
7019,31,1
7020,32,1
7021,32,1
7022,32,1
7023,32,1
7024,32,1
7025,32,1
7026,32,1
7027,32,1
7028,32,1
7029,32,1
7030,32,1
7031,32,1
7032,32,1
7033,32,1
7034,32,1
7035,32,1
7036,32,1
7037,32,1
7038,32,1
7039,32,1
7040,32,1
7041,32,1
7042,33,1
7043,33,1
7044,32,1
7045,32,1
7046,32,1
7047,32,1
7048,32,1
7049,32,1
7050,32,1
7051,32,1
7052,32,1
7053,32,1
7054,32,1
7055,32,1
7056,32,1
7057,32,1
7058,32,1
7059,32,1
7060,32,1
7061,32,1
7062,32,1
7063,32,1
7064,32,1
7065,32,1
7066,32,1
7067,32,1
7068,32,1
7069,32,1
7070,32,1
7071,32,1
7072,32,1
7073,32,1
7074,32,1
7075,32,1
7076,32,1
7077,31,1
7078,31,1
7079,31,1
7080,31,1
7081,31,1
7082,31,1
7083,31,1
7084,31,1
7085,31,1
7086,31,1
7087,31,1
7088,31,1
7089,31,1
7090,31,1
7091,31,1
7092,31,1
7093,31,1
7094,31,1
7095,31,1
7096,31,1
7097,31,1
7098,31,1
7099,31,1
7100,31,1
7101,31,1
7102,31,1
7103,31,1
7104,31,1
7105,31,1
7106,31,1
7107,31,1
7108,31,1
7109,31,1
7110,31,1
7111,31,1
7112,31,1
7113,31,1
7114,31,1
7115,31,1
7116,31,1
7117,31,1
7118,31,1
7119,31,1
7120,31,1
7121,31,1
7122,31,1
7123,31,1
7124,31,1
7125,31,1
7126,31,1
7127,31,1
7128,31,1
7129,31,1
7130,31,1
7131,31,1
7132,31,1
7133,31,1
7134,31,1
7135,31,1
7136,31,1
7137,31,1
7138,31,1
7139,31,1
7140,31,1
7141,31,1
7142,31,1
7143,31,1
7144,31,1
7145,31,1
7146,31,1
7147,31,1
7148,31,1
7149,31,1
7150,31,1
7151,31,1
7152,31,1
7153,31,1
7154,31,1
7155,31,1
7156,31,1
7157,31,1
7158,31,1
7159,31,1
7160,31,1
7161,31,1
7162,32,1
7163,32,1
7164,32,1
7165,32,1
7166,32,1
7167,32,1
7168,32,1
7169,32,1
7170,32,1
7171,32,1
7172,32,1
7173,32,1
7174,32,1
7175,32,1
7176,32,1
7177,32,1
7178,32,1
7179,32,1
7180,32,1
7181,32,1
7182,32,1
7183,32,1
7184,32,1
7185,32,1
7186,32,1
7187,32,1
7188,32,1
7189,32,1
7190,32,1
7191,32,1
7192,32,1
7193,32,1
7194,32,1
7195,32,1
7196,32,1
7197,32,1
7198,32,1
7199,32,1
7200,32,1
7201,32,1
7202,32,1
7203,32,1
7204,32,1
7205,32,1
7206,32,1
7207,32,1
7208,32,1
7209,32,1
7210,33,1
7211,33,1
7212,33,1
7213,33,1
7214,33,1
7215,33,1
7216,33,1
7217,33,1
7218,33,1
7219,33,1
7220,33,1
7221,33,1
7222,33,1
7223,33,1
7224,33,1
7225,33,1
7226,33,1
7227,33,1
7228,33,1
7229,34,1
7230,34,1
7231,34,1
7232,34,1
7233,34,1
7234,34,1
7235,34,1
7236,35,1
7237,35,1
7238,35,1
7239,36,1
7240,36,1
7241,36,1
7242,36,1
7243,36,1
7244,36,1
7245,35,1
7246,35,1
7247,35,1
7248,35,1
7249,35,1
7250,35,1
7251,35,1
7252,35,1
7253,35,1
7254,35,1
7255,35,1
7256,35,1
7257,35,1
7258,35,1
7259,35,1
7260,35,1
7261,35,1
7262,35,1
7263,35,1
7264,35,1
7265,35,1
7266,35,1
7267,35,1
7268,35,1
7269,35,1
7270,35,1
7271,35,1
7272,35,1
7273,35,1
7274,35,1
7275,35,1
7276,35,1
7277,35,1
7278,34,1
7279,34,1
7280,34,1
7281,34,1
7282,34,1
7283,34,1
7284,34,1
7285,33,1
7286,33,1
7287,33,1
7288,32,0
7289,32,0
7290,32,0
7291,32,0
7292,32,0
7293,32,0
7294,32,0
7295,32,0
7296,32,0
7297,32,0
7298,32,0
7299,32,0
7300,32,0
7301,32,0
7302,32,0
7303,32,0
7304,32,0
7305,32,0
7306,32,0
7307,32,0
7308,33,0
7309,33,0
7310,33,0
7311,33,0
7312,33,0
7313,33,0
7314,33,0
7315,33,0
7316,33,0
7317,33,0
7318,33,0
7319,33,0
7320,33,0
7321,32,0
7322,32,0
7323,32,0
7324,32,0
7325,32,0
7326,32,0
7327,32,0
7328,32,0
7329,32,0
7330,32,0
7331,32,0
7332,32,0
7333,32,0
7334,32,0
7335,32,0
7336,32,0
7337,32,0
7338,32,0
7339,32,0
7340,32,0
7341,33,0
7342,33,0
7343,33,0
7344,33,0
7345,33,0
7346,33,0
7347,33,0
7348,33,0
7349,33,0
7350,33,0
7351,33,0
7352,33,0
7353,33,0
7354,33,0
7355,33,0
7356,33,0
7357,33,0
7358,33,0
7359,33,0
7360,33,0
7361,33,0
7362,33,0
7363,33,0
7364,33,0
7365,33,0
7366,33,0
7367,33,0
7368,33,0
7369,33,0
7370,33,0
7371,34,0
7372,34,0
7373,34,0
7374,34,0
7375,34,0
7376,34,0
7377,34,0
7378,34,0
7379,34,0
7380,34,0
7381,34,0
7382,34,0
7383,34,0
7384,34,0
7385,34,0
7386,34,0
7387,34,0
7388,34,0
7389,34,0
7390,34,0
7391,34,0
7392,34,0
7393,34,0
7394,34,0
7395,34,0
7396,34,0
7397,34,0
7398,34,0
7399,34,0
7400,34,0
7401,34,0
7402,34,0
7403,34,0
7404,34,0
7405,34,0
7406,34,0
7407,34,0
7408,34,0
7409,34,0
7410,34,0
7411,34,0
7412,34,0
7413,34,0
7414,34,0
7415,34,0
7416,34,0
7417,34,0
7418,34,0
7419,34,0
7420,34,0
7421,34,0
7422,34,0
7423,35,1
7424,35,1
7425,35,1
7426,35,1
7427,35,1
7428,35,1
7429,35,1
7430,35,1
7431,35,1
7432,35,1
7433,36,1
7434,36,1
7435,36,1
7436,36,1
7437,36,1
7438,36,1
7439,36,1
7440,36,1
7441,36,1
7442,36,1
7443,36,1
7444,36,1
7445,36,1
7446,36,1
7447,36,1
7448,36,1
7449,36,1
7450,36,1
7451,36,1
7452,36,1
7453,36,1
7454,36,1
7455,36,1
7456,36,1
7457,36,1
7458,36,1
7459,36,1
7460,36,1
7461,36,1
7462,36,1
7463,36,1
7464,36,1
7465,36,1
7466,36,1
7467,36,1
7468,36,1
7469,36,1
7470,36,1
7471,36,1
7472,36,1
7473,36,1
7474,36,1
7475,36,1
7476,36,1
7477,36,1
7478,36,1
7479,36,1
7480,36,1
7481,36,1
7482,36,1
7483,36,1
7484,36,1
7485,36,1
7486,36,1
7487,36,1
7488,36,1
7489,36,1
7490,36,1
7491,36,1
7492,36,1
7493,36,1
7494,36,1
7495,36,1
7496,36,1
7497,36,1
7498,36,1
7499,36,1
7500,36,1
7501,36,1
7502,36,1
7503,36,1
7504,36,1
7505,36,1
7506,36,1
7507,36,1
7508,36,1
7509,36,1
7510,36,1
7511,36,1
7512,36,1
7513,36,1
7514,36,1
7515,36,1
7516,36,1
7517,36,1
7518,36,1
7519,36,1
7520,36,1
7521,36,1
7522,36,1
7523,36,1
7524,36,1
7525,36,1
7526,36,1
7527,36,1
7528,36,1
7529,36,1
7530,36,1
7531,36,1
7532,36,1
7533,36,1
7534,36,1
7535,36,1
7536,36,1
7537,36,1
7538,36,1
7539,36,1
7540,36,1
7541,36,1
7542,36,1
7543,36,1
7544,36,1
7545,36,1
7546,36,1
7547,36,1
7548,36,1
7549,36,1
7550,36,1
7551,36,1
7552,36,1
7553,36,1
7554,36,1
7555,36,1
7556,36,1
7557,36,1
7558,36,1
7559,36,1
7560,36,1
7561,36,1
7562,36,1
7563,36,1
7564,36,1
7565,36,1
7566,36,1
7567,36,1
7568,37,1
7569,37,1
7570,37,1
7571,37,1
7572,37,1
7573,37,1
7574,37,1
7575,37,1
7576,37,1
7577,37,1
7578,37,1
7579,37,1
7580,37,1
7581,37,1
7582,36,1
7583,36,1
7584,36,1
7585,36,1
7586,36,1
7587,36,1
7588,36,1
7589,36,1
7590,36,1
7591,36,1
7592,36,1
7593,36,1
7594,36,1
7595,36,1
7596,36,1
7597,36,1
7598,36,1
7599,36,1
7600,36,1
7601,36,1
7602,36,1
7603,36,1
7604,36,1
7605,36,1
7606,36,1
7607,36,1
7608,36,1
7609,36,1
7610,36,1
7611,36,1
7612,36,1
7613,36,1
7614,36,1
7615,36,1
7616,36,1
7617,36,1
7618,36,1
7619,36,1
7620,36,1
7621,36,1
7622,36,1
7623,36,1
7624,36,1
7625,36,1
7626,36,1
7627,36,1
7628,36,1
7629,36,1
7630,36,1
7631,36,1
7632,36,1
7633,36,1
7634,37,1
7635,37,1
7636,37,1
7637,37,1
7638,37,1
7639,37,1
7640,37,1
7641,37,1
7642,37,1
7643,37,1
7644,37,1
7645,37,1
7646,38,1
7647,38,1
7648,38,1
7649,38,1
7650,38,1
7651,38,1
7652,38,1
7653,38,1
7654,38,1
7655,38,1
7656,38,1
7657,38,1
7658,38,1
7659,38,1
7660,38,1
7661,38,1
7662,38,1
7663,38,1
7664,38,1
7665,38,1
7666,38,1
7667,38,1
7668,38,1
7669,38,1
7670,38,1
7671,38,1
7672,38,1
7673,38,1
7674,38,1
7675,38,1
7676,38,1
7677,38,1
7678,38,1
7679,38,1
7680,38,1
7681,37,1
7682,37,1
7683,37,1
7684,37,1
7685,37,1
7686,37,1
7687,37,1
7688,37,1
7689,37,1
7690,37,1
7691,37,1
7692,37,1
7693,37,1
7694,37,1
7695,37,1
7696,37,1
7697,37,1
7698,37,1
7699,37,1
7700,37,1
7701,37,1
7702,37,1
7703,37,1
7704,37,1
7705,37,1
7706,37,1
7707,37,1
7708,37,1
7709,37,1
7710,37,1
7711,37,1
7712,37,1
7713,37,1
7714,37,1
7715,37,1
7716,37,1
7717,37,1
7718,37,1
7719,37,1
7720,37,1
7721,37,1
7722,37,1
7723,37,1
7724,37,1
7725,37,1
7726,37,1
7727,37,1
7728,37,1
7729,37,1
7730,37,1
7731,37,1
7732,37,1
7733,37,1
7734,37,1
7735,37,1
7736,37,1
7737,37,1
7738,37,1
7739,37,1
7740,37,1
7741,37,1
7742,37,1
7743,37,1
7744,37,1
7745,37,1
7746,38,1
7747,38,1
7748,38,1
7749,38,1
7750,38,1
7751,38,1
7752,38,1
7753,38,1
7754,38,1
7755,39,1
7756,39,1
7757,39,1
7758,39,1
7759,39,1
7760,39,1
7761,39,1
7762,40,1
7763,40,1
7764,40,1
7765,40,1
7766,40,1
7767,40,1
7768,40,1
7769,40,1
7770,40,1
7771,40,1
7772,40,1
7773,40,1
7774,40,1
7775,40,1
7776,40,1
7777,40,1
7778,40,1
7779,40,1
7780,40,1
7781,40,1
7782,40,1
7783,40,1
7784,40,1
7785,40,1
7786,40,1
7787,40,1
7788,40,1
7789,40,1
7790,41,1
7791,41,1
7792,41,1
7793,41,1
7794,41,1
7795,41,1
7796,41,1
7797,41,1
7798,41,1
7799,41,1
7800,41,1
7801,41,1
7802,41,1
7803,41,1
7804,41,1
7805,41,1
7806,41,1
7807,41,1
7808,41,1
7809,41,1
7810,41,1
7811,41,1
7812,41,1
7813,40,1
7814,40,1
7815,40,1
7816,40,1
7817,40,1
7818,40,1
7819,40,1
7820,40,1
7821,40,1
7822,40,1
7823,40,1
7824,39,1
7825,39,1
7826,39,1
7827,39,1
7828,39,1
7829,39,1
7830,39,1
7831,39,1
7832,39,1
7833,39,1
7834,39,1
7835,39,1
7836,39,1
7837,39,1
7838,39,1
7839,39,1
7840,39,1
7841,39,1
7842,39,1
7843,39,1
7844,39,1
7845,39,1
7846,39,1
7847,39,1
7848,39,1
7849,39,1
7850,39,1
7851,39,1
7852,39,1
7853,39,1
7854,39,1
7855,39,1
7856,39,1
7857,39,1
7858,39,1
7859,39,1
7860,39,1
7861,39,1
7862,39,1
7863,39,1
7864,39,1
7865,39,1
7866,39,1
7867,39,1
7868,39,1
7869,39,1
7870,39,1
7871,39,1
7872,39,1
7873,39,1
7874,39,1
7875,39,1
7876,39,1
7877,39,1
7878,40,1
7879,40,1
7880,40,1
7881,40,1
7882,40,1
7883,40,1
7884,40,1
7885,40,1
7886,40,1
7887,40,1
7888,40,1
7889,40,1
7890,40,1
7891,40,1
7892,40,1
7893,40,1
7894,40,1
7895,40,1
7896,40,1
7897,40,1
7898,39,1
7899,39,1
7900,39,1
7901,39,1
7902,39,1
7903,39,1
7904,39,1
7905,39,1
7906,39,1
7907,39,1
7908,39,1
7909,39,1
7910,39,1
7911,39,1
7912,39,1
7913,40,1
7914,40,1
7915,39,1
7916,39,1
7917,39,1
7918,39,1
7919,39,1
7920,39,1
7921,39,1
7922,39,1
7923,39,1
7924,39,1
7925,39,1
7926,39,1
7927,39,1
7928,39,1
7929,39,1
7930,39,1
7931,39,1
7932,39,1
7933,39,1
7934,39,1
7935,39,1
7936,39,1
7937,39,1
7938,39,1
7939,39,1
7940,39,1
7941,39,1
7942,39,1
7943,39,1
7944,40,1
7945,40,1
7946,40,1
7947,40,1
7948,39,1
7949,39,1
7950,39,1
7951,39,1
7952,39,1
7953,39,1
7954,39,1
7955,39,1
7956,39,1
7957,39,1
7958,39,1
7959,39,1
7960,39,1
7961,39,1
7962,39,1
7963,39,1
7964,39,1
7965,39,1
7966,39,1
7967,39,1
7968,39,1
7969,39,1
7970,39,1
7971,39,1
7972,39,1
7973,39,1
7974,39,1
7975,39,1
7976,39,1
7977,39,1
7978,39,1
7979,39,1
7980,39,1
7981,39,1
7982,39,1
7983,39,1
7984,39,1
7985,39,1
7986,39,1
7987,39,1
7988,39,1
7989,39,1
7990,39,1
7991,39,1
7992,39,1
7993,39,1
7994,39,1
7995,39,1
7996,39,1
7997,39,1
7998,39,1
7999,39,1
8000,39,1
8001,39,1
8002,39,1
8003,39,1
8004,39,1
8005,39,1
8006,39,1
8007,39,1
8008,39,1
8009,39,1
8010,39,1
8011,39,1
8012,39,1
8013,39,1
8014,39,1
8015,39,1
8016,39,1
8017,39,1
8018,39,1
8019,39,1
8020,39,1
8021,39,1
8022,39,1
8023,39,1
8024,39,1
8025,39,1
8026,39,1
8027,39,1
8028,39,1
8029,39,1
8030,39,1
8031,39,1
8032,38,1
8033,39,1
8034,39,1
8035,39,1
8036,39,1
8037,39,1
8038,39,1
8039,39,1
8040,39,1
8041,39,1
8042,39,1
8043,39,1
8044,38,1
8045,38,1
8046,38,1
8047,38,1
8048,38,1
8049,37,0
8050,37,0
8051,37,0
8052,37,0
8053,37,0
8054,37,0
8055,37,0
8056,37,0
8057,37,0
8058,37,0
8059,37,0
8060,37,0
8061,37,0
8062,37,0
8063,37,0
8064,37,0
8065,36,0
8066,36,0
8067,36,0
8068,36,0
8069,36,0
8070,36,0
8071,36,0
8072,36,0
8073,36,0
8074,36,0
8075,36,0
8076,36,0
8077,36,0
8078,36,0
8079,36,0
8080,36,0
8081,36,0
8082,35,0
8083,35,0
8084,35,0
8085,35,0
8086,35,0
8087,35,0
8088,35,0
8089,35,0
8090,35,0
8091,35,0
8092,35,0
8093,35,0
8094,35,0
8095,35,0
8096,35,0
8097,35,0
8098,35,0
8099,35,0
8100,35,0
8101,35,0
8102,35,0
8103,35,0
8104,35,0
8105,35,0
8106,35,0
8107,35,0
8108,35,0
8109,35,0
8110,35,0
8111,35,0
8112,35,0
8113,35,0
8114,35,0
8115,35,0
8116,35,0
8117,35,0
8118,35,0
8119,35,0
8120,35,0
8121,35,0
8122,35,0
8123,35,0
8124,35,0
8125,35,0
8126,35,0
8127,35,0
8128,35,0
8129,35,0
8130,35,0
8131,34,0
8132,34,0
8133,34,0
8134,34,0
8135,34,0
8136,34,0
8137,34,0
8138,34,0
8139,34,0
8140,34,0
8141,34,0
8142,34,0
8143,34,0
8144,34,0
8145,34,0
8146,34,0
8147,34,0
8148,34,0
8149,34,0
8150,34,0
8151,34,0
8152,34,0
8153,34,0
8154,34,0
8155,34,0
8156,34,0
8157,34,0
8158,34,0
8159,34,0
8160,34,0
8161,34,0
8162,34,0
8163,34,0
8164,34,0
8165,34,0
8166,34,0
8167,34,0
8168,34,0
8169,35,0
8170,35,0
8171,35,0
8172,35,0
8173,35,0
8174,35,0
8175,35,0
8176,36,0
8177,36,0
8178,36,0
8179,36,0
8180,36,0
8181,36,0
8182,36,0
8183,36,0
8184,36,0
8185,36,0
8186,36,0
8187,36,0
8188,36,0
8189,36,0
8190,36,0
8191,36,0
8192,36,0
8193,36,0
8194,36,0
8195,36,0
8196,36,0
8197,36,0
8198,36,0
8199,36,0
8200,36,0
8201,36,0
8202,36,0
8203,36,0
8204,36,0
8205,36,0
8206,36,0
8207,36,0
8208,36,0
8209,35,0
8210,35,0
8211,35,0
8212,35,0
8213,35,0
8214,35,0
8215,35,0
8216,35,0
8217,35,0
8218,35,0
8219,35,0
8220,35,0
8221,35,0
8222,35,0
8223,35,0
8224,35,0
8225,35,0
8226,35,0
8227,35,0
8228,35,0
8229,35,0
8230,35,0
8231,35,0
8232,35,0
8233,35,0
8234,35,0
8235,35,0
8236,35,0
8237,35,0
8238,35,0
8239,35,0
8240,35,0
8241,35,0
8242,35,0
8243,35,0
8244,35,0
8245,35,0
8246,35,0
8247,35,0
8248,35,0
8249,35,0
8250,35,0
8251,35,0
8252,35,0
8253,35,0
8254,35,0
8255,35,0
8256,35,0
8257,35,0
8258,35,0
8259,35,0
8260,35,0
8261,35,0
8262,35,0
8263,35,0
8264,35,0
8265,35,0
8266,35,0
8267,35,0
8268,35,0
8269,35,0
8270,35,0
8271,35,0
8272,35,0
8273,35,0
8274,35,0
8275,35,0
8276,35,0
8277,35,0
8278,35,0
8279,35,0
8280,35,0
8281,35,0
8282,35,0
8283,35,0
8284,35,0
8285,35,0
8286,35,0
8287,35,0
8288,35,0
8289,35,0
8290,35,0
8291,35,0
8292,35,0
8293,35,0
8294,35,0
8295,36,0
8296,36,0
8297,36,0
8298,36,0
8299,36,0
8300,36,0
8301,36,0
8302,36,0
8303,36,0
8304,36,0
8305,36,0
8306,36,0
8307,36,0
8308,36,0
8309,36,0
8310,36,0
8311,36,0
8312,36,0
8313,36,0
8314,36,0
8315,36,0
8316,36,0
8317,36,0
8318,36,0
8319,36,0
8320,36,0
8321,36,0
8322,36,0
8323,36,0
8324,36,0
8325,36,0
8326,36,0
8327,36,0
8328,36,0
8329,37,0
8330,37,0
8331,37,0
8332,37,0
8333,37,0
8334,37,0
8335,37,0
8336,37,0
8337,37,0
8338,37,0
8339,37,0
8340,37,0
8341,37,0
8342,37,0
8343,37,0
8344,37,0
8345,37,0
8346,37,0
8347,37,0
8348,37,0
8349,37,0
8350,37,0
8351,37,0
8352,37,0
8353,37,0
8354,37,0
8355,37,0
8356,37,0
8357,37,0
8358,37,0
8359,37,0
8360,37,0
8361,37,0
8362,37,0
8363,37,0
8364,37,0
8365,37,0
8366,37,0
8367,37,0
8368,36,0
8369,36,0
8370,36,0
8371,36,0
8372,36,0
8373,36,0
8374,36,0
8375,37,0
8376,37,0
8377,37,0
8378,37,0
8379,37,0
8380,37,0
8381,37,0
8382,37,0
8383,37,0
8384,37,0
8385,37,0
8386,37,0
8387,37,0
8388,37,0
8389,37,0
8390,37,0
8391,37,0
8392,37,0
8393,37,0
8394,37,0
8395,37,0
8396,37,0
8397,37,0
8398,37,0
8399,37,0
8400,37,0
8401,36,0
8402,36,0
8403,36,0
8404,36,0
8405,36,0
8406,36,0
8407,36,0
8408,36,0
8409,36,0
8410,36,0
8411,36,0
8412,36,0
8413,36,0
8414,36,0
8415,36,0
8416,36,0
8417,36,0
8418,36,0
8419,36,0
8420,36,0
8421,36,0
8422,36,0
8423,37,0
8424,37,0
8425,37,0
8426,37,0
8427,37,0
8428,37,0
8429,37,0
8430,37,0
8431,37,0
8432,37,0
8433,37,0
8434,36,0
8435,36,0
8436,36,0
8437,36,0
8438,36,0
8439,36,0
8440,35,0
8441,35,0
8442,35,0
8443,35,0
8444,35,0
8445,35,0
8446,35,0
8447,35,0
8448,35,0
8449,35,0
8450,35,0
8451,35,0
8452,35,0
8453,35,0
8454,35,0
8455,35,0
8456,35,0
8457,35,0
8458,35,0
8459,35,0
8460,35,0
8461,35,0
8462,35,0
8463,35,0
8464,35,0
8465,35,0
8466,35,0
8467,35,0
8468,35,0
8469,35,0
8470,35,0
8471,35,0
8472,35,0
8473,35,0
8474,35,0
8475,35,0
8476,35,0
8477,35,0
8478,35,0
8479,35,0
8480,35,0
8481,35,0
8482,35,0
8483,35,0
8484,35,0
8485,35,0
8486,35,0
8487,35,0
8488,35,0
8489,35,0
8490,35,0
8491,35,0
8492,35,0
8493,35,0
8494,35,0
8495,35,0
8496,36,0
8497,36,0
8498,36,0
8499,36,0
8500,36,0
8501,36,0
8502,36,0
8503,36,0
8504,36,0
8505,36,0
8506,36,0
8507,36,0
8508,36,0
8509,36,0
8510,36,0
8511,36,0
8512,36,0
8513,36,0
8514,36,0
8515,36,0
8516,36,0
8517,36,0
8518,36,0
8519,36,0
8520,36,0
8521,36,0
8522,36,0
8523,36,0
8524,36,0
8525,36,0
8526,36,0
8527,36,0
8528,36,0
8529,36,0
8530,36,0
8531,36,0
8532,36,0
8533,36,0
8534,36,0
8535,36,0
8536,36,0
8537,36,0
8538,36,0
8539,36,0
8540,36,0
8541,36,0
8542,36,0
8543,36,0
8544,36,0
8545,36,0
8546,36,0
8547,36,0
8548,36,0
8549,36,0
8550,36,0
8551,36,0
8552,36,0
8553,36,0
8554,36,0
8555,36,0
8556,36,0
8557,36,0
8558,36,0
8559,36,0
8560,36,0
8561,36,0
8562,36,0
8563,36,0
8564,36,0
8565,36,0
8566,37,0
8567,37,0
8568,37,0
8569,37,0
8570,37,0
8571,37,0
8572,36,0
8573,36,0
8574,36,0
8575,36,0
8576,36,0
8577,36,0
8578,36,0
8579,36,0
8580,36,0
8581,36,0
8582,36,0
8583,36,0
8584,36,0
8585,36,0
8586,36,0
8587,36,0
8588,36,0
8589,36,0
8590,36,0
8591,36,0
8592,36,0
8593,36,0
8594,36,0
8595,36,0
8596,36,0
8597,36,0
8598,36,0
8599,36,0
8600,36,0
8601,36,0
8602,36,0
8603,36,0
8604,36,0
8605,35,0
8606,35,0
8607,35,0
8608,35,0
8609,35,0
8610,35,0
8611,35,0
8612,35,0
8613,35,0
8614,35,0
8615,35,0
8616,35,0
8617,35,0
8618,35,0
8619,35,0
8620,35,0
8621,35,0
8622,35,0
8623,35,0
8624,35,0
8625,35,0
8626,35,0
8627,35,0
8628,35,0
8629,35,0
8630,35,0
8631,35,0
8632,35,0
8633,35,0
8634,35,0
8635,35,0
8636,35,0
8637,35,0
8638,35,0
8639,35,0
8640,35,0
8641,35,0
8642,35,0
8643,35,0
8644,35,0
8645,35,0
8646,35,0
8647,35,0
8648,35,0
8649,35,0
8650,35,0
8651,35,0
8652,35,0
8653,35,0
8654,35,0
8655,35,0
8656,35,0
8657,35,0
8658,35,0
8659,35,0
8660,35,0
8661,35,0
8662,35,0
8663,35,0
8664,35,0
8665,35,0
8666,35,0
8667,35,0
8668,35,0
8669,35,0
8670,35,0
8671,35,0
8672,35,0
8673,35,0
8674,35,0
8675,35,0
8676,35,0
8677,35,0
8678,35,0
8679,35,0
8680,35,0
8681,35,0
8682,35,0
8683,35,0
8684,35,0
8685,35,0
8686,35,0
8687,35,0
8688,35,0
8689,35,0
8690,35,0
8691,35,0
8692,35,0
8693,35,0
8694,35,0
8695,35,0
8696,35,0
8697,35,0
8698,35,0
8699,35,0
8700,35,0
8701,35,0
8702,35,0
8703,35,0
8704,35,0
8705,35,0
8706,35,0
8707,35,0
8708,35,0
8709,35,0
8710,35,0
8711,35,0
8712,35,0
8713,35,0
8714,35,0
8715,35,0
8716,35,0
8717,35,0
8718,35,0
8719,35,0
8720,35,0
8721,35,0
8722,35,0
8723,35,0
8724,35,0
8725,35,0
8726,35,0
8727,35,0
8728,35,0
8729,35,0
8730,35,0
8731,35,0
8732,35,0
8733,35,0
8734,35,0
8735,35,0
8736,35,0
8737,35,0
8738,35,0
8739,35,0
8740,35,0
8741,35,0
8742,35,0
8743,35,0
8744,35,0
8745,35,0
8746,35,0
8747,35,0
8748,35,0
8749,35,0
8750,35,0
8751,35,0
8752,35,0
8753,35,0
8754,35,0
8755,35,0
8756,35,0
8757,35,0
8758,35,0
8759,35,0
8760,35,0
8761,35,0
8762,35,0
8763,35,0
8764,35,0
8765,35,0
8766,35,0
8767,35,0
8768,35,0
8769,35,0
8770,35,0
8771,35,0
8772,35,0
8773,35,0
8774,35,0
8775,35,0
8776,35,0
8777,35,0
8778,35,0
8779,35,0
8780,35,0
8781,35,0
8782,35,0
8783,35,0
8784,35,0
8785,34,0
8786,34,0
8787,34,0
8788,34,0
8789,34,0
8790,34,0
8791,34,0
8792,34,0
8793,34,0
8794,34,0
8795,34,0
8796,34,0
8797,34,0
8798,34,0
8799,34,0
8800,34,0
8801,34,0
8802,34,0
8803,34,0
8804,34,0
8805,34,0
8806,34,0
8807,34,0
8808,34,0
8809,34,0
8810,34,0
8811,34,0
8812,34,0
8813,34,0
8814,34,0
8815,34,0
8816,34,0
8817,34,0
8818,34,0
8819,34,0
8820,34,0
8821,34,0
8822,34,0
8823,34,0
8824,34,0
8825,34,0
8826,34,0
8827,34,0
8828,34,0
8829,34,0
8830,34,0
8831,34,0
8832,34,0
8833,34,0
8834,34,0
8835,34,0
8836,34,0
8837,34,0
8838,34,0
8839,34,0
8840,34,0
8841,34,0
8842,34,0
8843,34,0
8844,34,0
8845,34,0
8846,34,0
8847,34,0
8848,34,0
8849,34,0
8850,34,0
8851,33,0
8852,33,0
8853,33,0
8854,33,0
8855,33,0
8856,33,0
8857,33,0
8858,33,0
8859,33,0
8860,33,0
8861,33,0
8862,33,0
8863,33,0
8864,33,0
8865,33,0
8866,33,0
8867,33,0
8868,33,0
8869,33,0
8870,33,0
8871,33,0
8872,33,0
8873,33,0
8874,33,0
8875,33,0
8876,33,0
8877,33,0
8878,33,0
8879,33,0
8880,33,0
8881,33,0
8882,33,0
8883,33,0
8884,33,0
8885,33,0
8886,33,0
8887,33,0
8888,33,0
8889,33,0
8890,33,0
8891,33,0
8892,33,0
8893,33,0
8894,33,0
8895,33,0
8896,33,0
8897,33,0
8898,33,0
8899,32,0
8900,32,0
8901,32,0
8902,32,0
8903,32,0
8904,32,0
8905,32,0
8906,32,0
8907,32,0
8908,32,0
8909,32,0
8910,32,0
8911,32,0
8912,32,0
8913,32,0
8914,32,0
8915,32,0
8916,32,0
8917,32,0
8918,32,0
8919,32,0
8920,32,0
8921,32,0
8922,32,0
8923,32,0
8924,32,0
8925,32,0
8926,32,0
8927,32,0
8928,32,0
8929,32,0
8930,32,0
8931,32,0
8932,32,0
8933,32,0
8934,32,0
8935,32,0
8936,32,0
8937,32,0
8938,32,0
8939,32,0
8940,32,0
8941,32,0
8942,32,0
8943,32,0
8944,32,0
8945,32,0
8946,32,0
8947,32,0
8948,32,0
8949,32,0
8950,32,0
8951,32,0
8952,32,0
8953,32,0
8954,32,0
8955,32,0
8956,32,0
8957,32,0
8958,32,0
8959,32,0
8960,32,0
8961,32,0
8962,32,0
8963,32,0
8964,32,0
8965,32,0
8966,32,0
8967,32,0
8968,32,0
8969,32,0
8970,32,0
8971,32,0
8972,32,0
8973,33,0
8974,33,0
8975,33,0
8976,33,0
8977,33,0
8978,33,0
8979,33,0
8980,33,0
8981,33,0
8982,33,0
8983,33,0
8984,33,0
8985,33,0
8986,33,0
8987,33,0
8988,33,0
8989,33,0
8990,33,0
8991,33,0
8992,33,0
8993,33,0
8994,33,0
8995,33,0
8996,33,0
8997,33,0
8998,33,0
8999,33,0
9000,33,0
9001,32,0
9002,32,0
9003,32,0
9004,32,0
9005,32,0
9006,32,0
9007,32,0
9008,32,0
9009,32,0
9010,32,0
9011,32,0
9012,32,0
9013,32,0
9014,32,0
9015,32,0
9016,32,0
9017,32,0
9018,32,0
9019,32,0
9020,32,0
9021,32,0
9022,32,0
9023,32,0
9024,32,0
9025,32,0
9026,32,0
9027,32,0
9028,32,0
9029,32,0
9030,32,0
9031,32,0
9032,32,0
9033,32,0
9034,32,0
9035,32,0
9036,32,0
9037,32,0
9038,32,0
9039,32,0
9040,32,0
9041,32,0
9042,32,0
9043,32,0
9044,32,0
9045,32,0
9046,32,0
9047,32,0
9048,32,0
9049,32,0
9050,32,0
9051,32,0
9052,32,0
9053,32,0
9054,32,0
9055,32,0
9056,32,0
9057,32,0
9058,32,0
9059,33,0
9060,33,0
9061,33,0
9062,33,0
9063,33,0
9064,33,0
9065,33,0
9066,33,0
9067,33,0
9068,33,0
9069,33,0
9070,33,0
9071,33,0
9072,33,0
9073,33,0
9074,33,0
9075,33,0
9076,33,0
9077,33,0
9078,33,0
9079,33,0
9080,33,0
9081,33,0
9082,33,0
9083,33,0
9084,33,0
9085,34,0
9086,34,0
9087,35,0
9088,35,0
9089,35,0
9090,35,0
9091,35,0
9092,35,0
9093,35,0
9094,35,0
9095,35,0
9096,35,0
9097,35,0
9098,35,0
9099,35,0
9100,35,0
9101,35,0
9102,35,0
9103,35,0
9104,35,0
9105,35,0
9106,35,0
9107,35,0
9108,35,0
9109,35,0
9110,35,0
9111,35,0
9112,35,0
9113,35,0
9114,35,0
9115,35,0
9116,35,0
9117,35,0
9118,35,0
9119,35,0
9120,35,0
9121,35,0
9122,35,0
9123,35,0
9124,35,0
9125,35,0
9126,35,0
9127,35,0
9128,35,0
9129,35,0
9130,35,0
9131,35,0
9132,35,0
9133,35,0
9134,35,0
9135,35,0
9136,35,0
9137,35,0
9138,35,0
9139,35,0
9140,35,0
9141,35,0
9142,35,0
9143,35,0
9144,35,0
9145,35,0
9146,35,0
9147,35,0
9148,35,0
9149,35,0
9150,35,0
9151,35,0
9152,35,0
9153,35,0
9154,35,0
9155,35,0
9156,35,0
9157,35,0
9158,35,0
9159,35,0
9160,35,0
9161,35,0
9162,35,0
9163,35,0
9164,35,0
9165,35,0
9166,35,0
9167,35,0
9168,35,0
9169,35,0
9170,35,0
9171,34,0
9172,34,0
9173,34,0
9174,34,0
9175,34,0
9176,34,0
9177,34,0
9178,34,0
9179,34,0
9180,34,0
9181,34,0
9182,34,0
9183,34,0
9184,34,0
9185,34,0
9186,34,0
9187,34,0
9188,34,0
9189,34,0
9190,34,0
9191,34,0
9192,34,0
9193,34,0
9194,34,0
9195,34,0
9196,34,0
9197,34,0
9198,34,0
9199,34,0
9200,34,0
9201,34,0
9202,34,0
9203,34,0
9204,34,0
9205,35,1
9206,35,1
9207,35,1
9208,36,1
9209,36,1
9210,36,1
9211,36,1
9212,36,1
9213,36,1
9214,36,1
9215,36,1
9216,36,1
9217,36,1
9218,36,1
9219,36,1
9220,36,1
9221,36,1
9222,36,1
9223,36,1
9224,36,1
9225,36,1
9226,36,1
9227,37,1
9228,37,1
9229,37,1
9230,37,1
9231,37,1
9232,37,1
9233,37,1
9234,37,1
9235,37,1
9236,37,1
9237,37,1
9238,37,1
9239,37,1
9240,38,1
9241,38,1
9242,38,1
9243,38,1
9244,38,1
9245,38,1
9246,38,1
9247,38,1
9248,38,1
9249,38,1
9250,38,1
9251,38,1
9252,38,1
9253,38,1
9254,38,1
9255,38,1
9256,38,1
9257,38,1
9258,38,1
9259,38,1
9260,38,1
9261,38,1
9262,38,1
9263,38,1
9264,38,1
9265,38,1
9266,38,1
9267,38,1
9268,38,1
9269,38,1
9270,38,1
9271,38,1
9272,37,1
9273,37,1
9274,37,1
9275,37,1
9276,37,1
9277,37,1
9278,37,1
9279,37,1
9280,37,1
9281,37,1
9282,37,1
9283,37,1
9284,37,1
9285,37,1
9286,37,1
9287,37,1
9288,37,1
9289,37,1
9290,37,1
9291,37,1
9292,37,1
9293,37,1
9294,37,1
9295,37,1
9296,37,1
9297,37,1
9298,37,1
9299,37,1
9300,37,1
9301,36,1
9302,36,1
9303,37,1
9304,37,1
9305,36,1
9306,36,1
9307,36,1
9308,36,1
9309,36,1
9310,36,1
9311,36,1
9312,36,1
9313,36,1
9314,36,1
9315,36,1
9316,36,1
9317,36,1
9318,36,1
9319,36,1
9320,36,1
9321,36,1
9322,36,1
9323,36,1
9324,36,1
9325,36,1
9326,36,1
9327,36,1
9328,36,1
9329,37,1
9330,37,1
9331,37,1
9332,37,1
9333,37,1
9334,37,1
9335,37,1
9336,37,1
9337,37,1
9338,37,1
9339,37,1
9340,37,1
9341,37,1
9342,37,1
9343,37,1
9344,37,1
9345,37,1
9346,37,1
9347,37,1
9348,37,1
9349,37,1
9350,37,1
9351,37,1
9352,37,1
9353,37,1
9354,37,1
9355,37,1
9356,37,1
9357,37,1
9358,37,1
9359,37,1
9360,37,1
9361,37,1
9362,37,1
9363,37,1
9364,37,1
9365,37,1
9366,37,1
9367,37,1
9368,37,1
9369,37,1
9370,37,1
9371,37,1
9372,37,1
9373,37,1
9374,37,1
9375,37,1
9376,37,1
9377,37,1
9378,37,1
9379,37,1
9380,37,1
9381,37,1
9382,37,1
9383,37,1
9384,37,1
9385,37,1
9386,37,1
9387,37,1
9388,37,1
9389,38,1
9390,38,1
9391,38,1
9392,38,1
9393,38,1
9394,38,1
9395,38,1
9396,38,1
9397,38,1
9398,38,1
9399,38,1
9400,38,1
9401,38,1
9402,38,1
9403,38,1
9404,38,1
9405,38,1
9406,38,1
9407,37,1
9408,37,1
9409,37,1
9410,37,1
9411,37,1
9412,37,1
9413,37,1
9414,37,1
9415,37,1
9416,37,1
9417,37,1
9418,37,1
9419,37,1
9420,37,1
9421,37,1
9422,37,1
9423,37,1
9424,37,1
9425,37,1
9426,37,1
9427,37,1
9428,37,1
9429,37,1
9430,37,1
9431,37,1
9432,37,1
9433,37,1
9434,37,1
9435,37,1
9436,37,1
9437,37,1
9438,37,1
9439,37,1
9440,36,1
9441,36,1
9442,36,1
9443,36,1
9444,36,1
9445,36,1
9446,36,1
9447,36,1
9448,36,1
9449,36,1
9450,36,1
9451,36,1
9452,36,1
9453,36,1
9454,36,1
9455,36,1
9456,36,1
9457,36,1
9458,36,1
9459,36,1
9460,36,1
9461,36,1
9462,36,1
9463,36,1
9464,36,1
9465,36,1
9466,36,1
9467,36,1
9468,36,1
9469,36,1
9470,36,1
9471,36,1
9472,36,1
9473,36,1
9474,36,1
9475,36,1
9476,36,1
9477,36,1
9478,36,1
9479,36,1
9480,36,1
9481,36,1
9482,36,1
9483,36,1
9484,36,1
9485,36,1
9486,36,1
9487,36,1
9488,36,1
9489,36,1
9490,36,1
9491,36,1
9492,36,1
9493,36,1
9494,36,1
9495,36,1
9496,36,1
9497,36,1
9498,36,1
9499,36,1
9500,36,1
9501,36,1
9502,36,1
9503,36,1
9504,36,1
9505,36,1
9506,36,1
9507,36,1
9508,36,1
9509,36,1
9510,36,1
9511,36,1
9512,36,1
9513,36,1
9514,36,1
9515,36,1
9516,36,1
9517,36,1
9518,36,1
9519,36,1
9520,36,1
9521,36,1
9522,36,1
9523,36,1
9524,36,1
9525,36,1
9526,36,1
9527,36,1
9528,36,1
9529,36,1
9530,36,1
9531,36,1
9532,36,1
9533,36,1
9534,36,1
9535,36,1
9536,36,1
9537,36,1
9538,36,1
9539,36,1
9540,36,1
9541,36,1
9542,36,1
9543,36,1
9544,36,1
9545,36,1
9546,36,1
9547,36,1
9548,37,1
9549,37,1
9550,37,1
9551,37,1
9552,37,1
9553,37,1
9554,37,1
9555,37,1
9556,37,1
9557,37,1
9558,37,1
9559,37,1
9560,37,1
9561,37,1
9562,37,1
9563,37,1
9564,37,1
9565,37,1
9566,37,1
9567,37,1
9568,37,1
9569,37,1
9570,37,1
9571,37,1
9572,37,1
9573,37,1
9574,37,1
9575,37,1
9576,37,1
9577,37,1
9578,37,1
9579,37,1
9580,37,1
9581,37,1
9582,37,1
9583,37,1
9584,37,1
9585,37,1
9586,37,1
9587,37,1
9588,37,1
9589,37,1
9590,37,1
9591,37,1
9592,37,1
9593,37,1
9594,37,1
9595,37,1
9596,37,1
9597,37,1
9598,37,1
9599,37,1
9600,37,1
9601,37,1
9602,37,1
9603,37,1
9604,37,1
9605,37,1
9606,37,1
9607,37,1
9608,37,1
9609,37,1
9610,37,1
9611,37,1
9612,37,1
9613,37,1
9614,37,1
9615,37,1
9616,37,1
9617,37,1
9618,37,1
9619,37,1
9620,37,1
9621,37,1
9622,37,1
9623,37,1
9624,37,1
9625,37,1
9626,37,1
9627,37,1
9628,37,1
9629,37,1
9630,37,1
9631,37,1
9632,37,1
9633,37,1
9634,37,1
9635,37,1
9636,37,1
9637,37,1
9638,37,1
9639,37,1
9640,37,1
9641,37,1
9642,37,1
9643,37,1
9644,37,1
9645,37,1
9646,36,1
9647,36,1
9648,36,1
9649,36,1
9650,36,1
9651,36,1
9652,36,1
9653,36,1
9654,36,1
9655,36,1
9656,36,1
9657,36,1
9658,37,1
9659,37,1
9660,37,1
9661,37,1
9662,37,1
9663,37,1
9664,37,1
9665,37,1
9666,37,1
9667,37,1
9668,37,1
9669,37,1
9670,37,1
9671,37,1
9672,37,1
9673,37,1
9674,37,1
9675,37,1
9676,37,1
9677,37,1
9678,37,1
9679,37,1
9680,37,1
9681,37,1
9682,37,1
9683,37,1
9684,37,1
9685,37,1
9686,37,1
9687,38,1
9688,38,1
9689,38,1
9690,38,1
9691,38,1
9692,38,1
9693,38,1
9694,38,1
9695,38,1
9696,38,1
9697,38,1
9698,38,1
9699,38,1
9700,38,1
9701,38,1
9702,38,1
9703,38,1
9704,38,1
9705,38,1
9706,38,1
9707,38,1
9708,38,1
9709,38,1
9710,38,1
9711,38,1
9712,38,1
9713,38,1
9714,38,1
9715,39,1
9716,39,1
9717,39,1
9718,39,1
9719,39,1
9720,39,1
9721,39,1
9722,39,1
9723,39,1
9724,39,1
9725,39,1
9726,39,1
9727,39,1
9728,39,1
9729,39,1
9730,39,1
9731,39,1
9732,39,1
9733,39,1
9734,39,1
9735,40,1
9736,40,1
9737,40,1
9738,40,1
9739,40,1
9740,40,1
9741,40,1
9742,40,1
9743,40,1
9744,40,1
9745,40,1
9746,40,1
9747,40,1
9748,40,1
9749,40,1
9750,40,1
9751,40,1
9752,40,1
9753,39,1
9754,39,1
9755,39,1
9756,39,1
9757,39,1
9758,39,1
9759,39,1
9760,39,1
9761,39,1
9762,39,1
9763,39,1
9764,39,1
9765,39,1
9766,39,1
9767,39,1
9768,39,1
9769,39,1
9770,39,1
9771,39,1
9772,39,1
9773,39,1
9774,39,1
9775,39,1
9776,39,1
9777,39,1
9778,39,1
9779,39,1
9780,39,1
9781,39,1
9782,39,1
9783,39,1
9784,39,1
9785,39,1
9786,38,1
9787,38,1
9788,38,1
9789,38,1
9790,38,1
9791,38,1
9792,38,1
9793,38,1
9794,38,1
9795,38,1
9796,38,1
9797,38,1
9798,38,1
9799,38,1
9800,38,1
9801,38,1
9802,38,1
9803,38,1
9804,38,1
9805,38,1
9806,38,1
9807,38,1
9808,38,1
9809,38,1
9810,38,1
9811,38,1
9812,38,1
9813,38,1
9814,38,1
9815,38,1
9816,38,1
9817,38,1
9818,38,1
9819,38,1
9820,38,1
9821,38,1
9822,38,1
9823,38,1
9824,38,1
9825,38,1
9826,39,1
9827,39,1
9828,39,1
9829,39,1
9830,39,1
9831,39,1
9832,39,1
9833,39,1
9834,39,1
9835,40,1
9836,40,1
9837,40,1
9838,40,1
9839,40,1
9840,40,1
9841,40,1
9842,40,1
9843,40,1
9844,40,1
9845,40,1
9846,40,1
9847,39,1
9848,39,1
9849,39,1
9850,39,1
9851,39,1
9852,39,1
9853,39,1
9854,39,1
9855,39,1
9856,39,1
9857,39,1
9858,39,1
9859,39,1
9860,39,1
9861,39,1
9862,39,1
9863,39,1
9864,39,1
9865,39,1
9866,39,1
9867,39,1
9868,39,1
9869,39,1
9870,39,1
9871,39,1
9872,39,1
9873,39,1
9874,39,1
9875,39,1
9876,39,1
9877,39,1
9878,39,1
9879,39,1
9880,39,1
9881,39,1
9882,39,1
9883,39,1
9884,39,1
9885,39,1
9886,39,1
9887,40,1
9888,40,1
9889,40,1
9890,40,1
9891,40,1
9892,40,1
9893,40,1
9894,40,1
9895,40,1
9896,40,1
9897,40,1
9898,40,1
9899,40,1
9900,40,1
9901,40,1
9902,40,1
9903,40,1
9904,40,1
9905,40,1
9906,40,1
9907,40,1
9908,40,1
9909,40,1
9910,39,1
9911,39,1
9912,39,1
9913,39,1
9914,39,1
9915,39,1
9916,39,1
9917,39,1
9918,39,1
9919,39,1
9920,39,1
9921,39,1
9922,39,1
9923,39,1
9924,39,1
9925,39,1
9926,39,1
9927,39,1
9928,39,1
9929,39,1
9930,39,1
9931,39,1
9932,39,1
9933,39,1
9934,39,1
9935,39,1
9936,39,1
9937,39,1
9938,39,1
9939,39,1
9940,39,1
9941,39,1
9942,39,1
9943,38,1
9944,38,1
9945,38,1
9946,38,1
9947,38,1
9948,38,1
9949,38,1
9950,38,1
9951,38,1
9952,38,1
9953,38,1
9954,38,1
9955,38,1
9956,38,1
9957,38,1
9958,38,1
9959,38,1
9960,38,1
9961,38,1
9962,38,1
9963,38,1
9964,38,1
9965,38,1
9966,38,1
9967,38,1
9968,38,1
9969,38,1
9970,38,1
9971,38,1
9972,39,1
9973,39,1
9974,39,1
9975,39,1
9976,39,1
9977,39,1
9978,39,1
9979,40,2
9980,40,2
9981,40,2
9982,40,2
9983,40,2
9984,40,2
9985,40,2
9986,39,2
9987,39,2
9988,39,2
9989,39,2
9990,39,2
9991,39,2
9992,39,2
9993,39,2
9994,39,2
9995,39,2
9996,39,2
9997,39,2
9998,39,2
9999,39,2
10000,39,2
10001,39,2
10002,39,2
10003,39,2
10004,39,2
10005,39,2
10006,39,2
10007,39,2
10008,39,2
10009,39,2
10010,39,2
10011,39,2
10012,39,2
10013,39,2
10014,39,2
10015,39,2
10016,39,2
10017,39,2
10018,39,2
10019,39,2
10020,39,2
10021,39,2
10022,39,2
10023,39,2
10024,39,2
10025,39,2
10026,39,2
10027,39,2
10028,39,2
10029,39,2
10030,39,2
10031,39,2
10032,39,2
10033,40,2
10034,40,2
10035,40,2
10036,40,2
10037,40,2
10038,40,2
10039,40,2
10040,40,2
10041,40,2
10042,40,2
10043,40,2
10044,40,2
10045,40,2
10046,40,2
10047,40,2
10048,40,2
10049,40,2
10050,40,2
10051,40,2
10052,40,2
10053,40,2
10054,39,2
10055,39,2
10056,39,2
10057,39,2
10058,39,2
10059,39,2
10060,39,2
10061,39,2
10062,39,2
10063,39,2
10064,39,2
10065,39,2
10066,39,2
10067,39,2
10068,39,2
10069,39,2
10070,39,2
10071,39,2
10072,39,2
10073,39,2
10074,39,2
10075,39,2
10076,39,2
10077,39,2
10078,39,2
10079,39,2
10080,39,2
10081,38,2
10082,38,2
10083,38,2
10084,38,2
10085,38,2
10086,38,2
10087,37,2
10088,37,2
10089,37,2
10090,37,2
10091,37,2
10092,37,2
10093,37,2
10094,37,2
10095,38,2
10096,38,2
10097,38,2
10098,38,2
10099,38,2
10100,38,2
10101,38,2
10102,38,2
10103,38,2
10104,38,2
10105,38,2
10106,38,2
10107,38,2
10108,38,2
10109,38,2
10110,38,2
10111,38,2
10112,38,2
10113,38,2
10114,38,2
10115,38,2
10116,38,2
10117,38,2
10118,38,2
10119,38,2
10120,38,2
10121,38,2
10122,38,2
10123,38,2
10124,38,2
10125,38,2
10126,38,2
10127,38,2
10128,38,2
10129,38,2
10130,38,2
10131,38,2
10132,38,2
10133,38,2
10134,38,2
10135,38,2
10136,38,2
10137,38,2
10138,38,2
10139,38,2
10140,38,2
10141,37,2
10142,37,2
10143,37,2
10144,37,2
10145,37,2
10146,37,2
10147,37,2
10148,37,2
10149,37,2
10150,37,2
10151,37,2
10152,37,2
10153,37,2
10154,37,2
10155,36,2
10156,36,2
10157,36,2
10158,36,2
10159,36,2
10160,36,2
10161,36,2
10162,36,2
10163,36,2
10164,36,2
10165,36,2
10166,36,2
10167,36,2
10168,36,2
10169,36,2
10170,36,2
10171,36,2
10172,36,2
10173,36,2
10174,36,2
10175,36,2
10176,36,2
10177,36,2
10178,36,2
10179,36,2
10180,36,2
10181,36,2
10182,36,2
10183,36,2
10184,36,2
10185,36,2
10186,36,2
10187,36,2
10188,37,2
10189,37,2
10190,37,2
10191,37,2
10192,37,2
10193,37,2
10194,37,2
10195,37,2
10196,37,2
10197,37,2
10198,37,2
10199,37,2
10200,37,2
10201,37,2
10202,37,2
10203,37,2
10204,37,2
10205,37,2
10206,37,2
10207,37,2
10208,37,2
10209,37,2
10210,37,2
10211,37,2
10212,37,2
10213,37,2
10214,37,2
10215,37,2
10216,37,2
10217,37,2
10218,37,2
10219,37,2
10220,37,2
10221,37,2
10222,37,2
10223,37,2
10224,37,2
10225,37,2
10226,37,2
10227,37,2
10228,37,2
10229,37,2
10230,37,2
10231,37,2
10232,37,2
10233,37,2
10234,37,2
10235,38,2
10236,38,2
10237,38,2
10238,38,2
10239,38,2
10240,38,2
10241,38,2
10242,38,2
10243,38,2
10244,38,2
10245,38,2
10246,38,2
10247,38,2
10248,37,2
10249,37,2
10250,37,2
10251,37,2
10252,37,2
10253,37,2
10254,37,2
10255,37,2
10256,37,2
10257,37,2
10258,37,2
10259,37,2
10260,37,2
10261,37,2
10262,37,2
10263,37,2
10264,37,2
10265,37,2
10266,37,2
10267,37,2
10268,37,2
10269,37,2
10270,37,2
10271,37,2
10272,37,2
10273,37,2
10274,37,2
10275,37,2
10276,37,2
10277,37,2
10278,37,2
10279,37,2
10280,37,2
10281,37,2
10282,37,2
10283,37,2
10284,37,2
10285,37,2
10286,37,2
10287,37,2
10288,37,2
10289,37,2
10290,37,2
10291,37,2
10292,37,2
10293,37,2
10294,37,2
10295,37,2
10296,37,2
10297,37,2
10298,37,2
10299,37,2
10300,37,2
10301,37,2
10302,37,2
10303,37,2
10304,37,2
10305,37,2
10306,37,2
10307,37,2
10308,37,2
10309,37,2
10310,37,2
10311,37,2
10312,37,2
10313,37,2
10314,37,2
10315,37,2
10316,37,2
10317,37,2
10318,37,2
10319,37,2
10320,37,2
10321,37,2
10322,37,2
10323,37,2
10324,37,2
10325,37,2
10326,37,2
10327,37,2
10328,37,2
10329,37,2
10330,37,2
10331,37,2
10332,37,2
10333,37,2
10334,37,2
10335,37,2
10336,37,2
10337,37,2
10338,37,2
10339,36,2
10340,36,2
10341,36,2
10342,36,2
10343,36,2
10344,36,2
10345,36,2
10346,36,2
10347,36,2
10348,36,2
10349,36,2
10350,36,2
10351,36,2
10352,36,2
10353,36,2
10354,36,2
10355,36,2
10356,36,2
10357,36,2
10358,36,2
10359,36,2
10360,36,2
10361,36,2
10362,36,2
10363,36,2
10364,36,2
10365,36,2
10366,36,2
10367,36,2
10368,36,2
10369,36,2
10370,36,2
10371,36,2
10372,36,2
10373,36,2
10374,37,2
10375,37,2
10376,37,2
10377,37,2
10378,37,2
10379,37,2
10380,37,2
10381,37,2
10382,37,2
10383,37,2
10384,37,2
10385,37,2
10386,38,2
10387,38,2
10388,38,2
10389,38,2
10390,38,2
10391,38,2
10392,37,2
10393,37,2
10394,37,2
10395,37,2
10396,37,2
10397,37,2
10398,37,2
10399,37,2
10400,37,2
10401,37,2
10402,37,2
10403,37,2
10404,37,2
10405,37,2
10406,37,2
10407,37,2
10408,37,2
10409,37,2
10410,37,2
10411,37,2
10412,37,2
10413,37,2
10414,37,2
10415,37,2
10416,37,2
10417,37,2
10418,37,2
10419,37,2
10420,37,2
10421,37,2
10422,37,2
10423,37,2
10424,37,2
10425,37,2
10426,37,2
10427,37,2
10428,37,2
10429,37,2
10430,37,2
10431,37,2
10432,37,2
10433,37,2
10434,37,2
10435,37,2
10436,37,2
10437,37,2
10438,37,2
10439,37,2
10440,37,2
10441,37,2
10442,37,2
10443,37,2
10444,37,2
10445,37,2
10446,37,2
10447,37,2
10448,37,2
10449,37,2
10450,37,2
10451,37,2
10452,37,2
10453,37,2
10454,37,2
10455,37,2
10456,37,2
10457,37,2
10458,37,2
10459,37,2
10460,37,2
10461,37,2
10462,37,2
10463,37,2
10464,37,2
10465,37,2
10466,37,2
10467,37,2
10468,37,2
10469,37,2
10470,37,2
10471,37,2
10472,37,2
10473,37,2
10474,37,2
10475,37,2
10476,37,2
10477,37,2
10478,37,2
10479,37,2
10480,37,2
10481,36,2
10482,36,2
10483,36,2
10484,36,2
10485,36,2
10486,36,2
10487,36,2
10488,36,2
10489,36,2
10490,36,2
10491,36,2
10492,37,2
10493,36,2
10494,36,2
10495,36,2
10496,36,2
10497,36,2
10498,36,2
10499,36,2
10500,36,2
10501,36,2
10502,36,2
10503,36,2
10504,36,2
10505,36,2
10506,36,2
10507,36,2
10508,36,2
10509,36,2
10510,36,2
10511,36,2
10512,36,2
10513,36,2
10514,36,2
10515,36,2
10516,36,2
10517,36,2
10518,36,2
10519,36,2
10520,36,2
10521,36,2
10522,36,2
10523,36,2
10524,36,2
10525,36,2
10526,36,2
10527,36,2
10528,36,2
10529,36,2
10530,36,2
10531,36,2
10532,36,2
10533,36,2
10534,36,2
10535,36,2
10536,36,2
10537,36,2
10538,36,2
10539,36,2
10540,36,2
10541,36,2
10542,36,2
10543,36,2
10544,36,2
10545,36,2
10546,36,2
10547,36,2
10548,36,2
10549,36,2
10550,36,2
10551,36,2
10552,36,2
10553,36,2
10554,36,2
10555,36,2
10556,36,2
10557,36,2
10558,36,2
10559,36,2
10560,36,2
10561,36,2
10562,36,2
10563,36,2
10564,36,2
10565,36,2
10566,36,2
10567,36,2
10568,36,2
10569,36,2
10570,35,2
10571,35,2
10572,35,2
10573,35,2
10574,35,2
10575,35,2
10576,35,2
10577,35,2
10578,35,2
10579,35,2
10580,35,2
10581,35,2
10582,35,2
10583,35,2
10584,35,2
10585,35,2
10586,35,2
10587,35,2
10588,35,2
10589,35,2
10590,35,2
10591,35,2
10592,35,2
10593,35,2
10594,35,2
10595,35,2
10596,35,2
10597,35,2
10598,35,2
10599,35,2
10600,35,2
10601,35,2
10602,35,2
10603,34,2
10604,34,2
10605,35,2
10606,35,2
10607,35,2
10608,35,2
10609,35,2
10610,35,2
10611,35,2
10612,35,2
10613,35,2
10614,36,2
10615,36,2
10616,36,2
10617,36,2
10618,36,2
10619,36,2
10620,36,2
10621,36,2
10622,36,2
10623,36,2
10624,36,2
10625,36,2
10626,36,2
10627,36,2
10628,35,2
10629,35,2
10630,35,2
10631,35,2
10632,35,2
10633,35,2
10634,35,2
10635,35,2
10636,35,2
10637,35,2
10638,35,2
10639,35,2
10640,35,2
10641,35,2
10642,35,2
10643,35,2
10644,35,2
10645,35,2
10646,35,2
10647,35,2
10648,35,2
10649,35,2
10650,35,2
10651,35,2
10652,35,2
10653,35,2
10654,35,2
10655,35,2
10656,35,2
10657,35,2
10658,35,2
10659,35,2
10660,35,2
10661,35,2
10662,35,2
10663,35,2
10664,35,2
10665,35,2
10666,35,2
10667,35,2
10668,35,2
10669,35,2
10670,35,2
10671,35,2
10672,35,2
10673,35,2
10674,35,2
10675,35,2
10676,35,2
10677,35,2
10678,35,2
10679,35,2
10680,35,2
10681,35,2
10682,35,2
10683,35,2
10684,35,2
10685,35,2
10686,35,2
10687,35,2
10688,35,2
10689,35,2
10690,35,2
10691,35,2
10692,35,2
10693,35,2
10694,35,2
10695,35,2
10696,35,2
10697,35,2
10698,35,2
10699,35,2
10700,35,2
10701,35,2
10702,35,2
10703,35,2
10704,35,2
10705,34,2
10706,34,2
10707,34,2
10708,34,2
10709,34,2
10710,34,2
10711,34,2
10712,34,2
10713,34,2
10714,34,2
10715,34,2
10716,34,2
10717,34,2
10718,34,2
10719,34,2
10720,34,2
10721,34,2
10722,34,2
10723,34,2
10724,34,2
10725,34,2
10726,34,2
10727,34,2
10728,34,2
10729,34,2
10730,34,2
10731,34,2
10732,34,2
10733,34,2
10734,34,2
10735,34,2
10736,34,2
10737,34,2
10738,34,2
10739,34,2
10740,34,2
10741,34,2
10742,34,2
10743,34,2
10744,34,2
10745,34,2
10746,34,2
10747,34,2
10748,34,2
10749,34,2
10750,34,2
10751,34,2
10752,34,2
10753,34,2
10754,34,2
10755,34,2
10756,34,2
10757,34,2
10758,34,2
10759,34,2
10760,35,2
10761,35,2
10762,35,2
10763,35,2
10764,35,2
10765,35,2
10766,35,2
10767,35,2
10768,35,2
10769,35,2
10770,35,2
10771,34,2
10772,34,2
10773,34,2
10774,34,2
10775,34,2
10776,34,2
10777,34,2
10778,34,2
10779,34,2
10780,34,2
10781,34,2
10782,34,2
10783,34,2
10784,34,2
10785,34,2
10786,34,2
10787,34,2
10788,34,2
10789,34,2
10790,34,2
10791,34,2
10792,34,2
10793,34,2
10794,34,2
10795,34,2
10796,34,2
10797,34,2
10798,34,2
10799,34,2
10800,34,2
10801,34,2
10802,34,2
10803,34,2
10804,34,2
10805,34,2
10806,34,2
10807,34,2
10808,34,2
10809,34,2
10810,34,2
10811,34,2
10812,34,2
10813,34,2
10814,34,2
10815,34,2
10816,34,2
10817,34,2
10818,34,2
10819,34,2
10820,34,2
10821,34,2
10822,34,2
10823,34,2
10824,34,2
10825,34,2
10826,34,2
10827,34,2
10828,34,2
10829,34,2
10830,34,2
10831,34,2
10832,34,2
10833,34,2
10834,34,2
10835,34,2
10836,34,2
10837,34,2
10838,34,2
10839,34,2
10840,34,2
10841,34,2
10842,34,2
10843,34,2
10844,34,2
10845,34,2
10846,34,2
10847,35,2
10848,35,2
10849,35,2
10850,35,2
10851,35,2
10852,35,2
10853,35,2
10854,35,2
10855,35,2
10856,35,2
10857,35,2
10858,35,2
10859,35,2
10860,35,2
10861,35,2
10862,34,2
10863,34,2
10864,34,2
10865,34,2
10866,34,2
10867,34,2
10868,34,2
10869,35,2
10870,35,2
10871,35,2
10872,35,2
10873,35,2
10874,35,2
10875,35,2
10876,35,2
10877,35,2
10878,35,2
10879,35,2
10880,35,2
10881,35,2
10882,35,2
10883,35,2
10884,35,2
10885,35,2
10886,35,2
10887,35,2
10888,35,2
10889,35,2
10890,35,2
10891,35,2
10892,35,2
10893,35,2
10894,35,2
10895,35,2
10896,35,2
10897,35,2
10898,35,2
10899,35,2
10900,35,2
10901,35,2
10902,35,2
10903,35,2
10904,35,2
10905,34,2
10906,34,2
10907,34,2
10908,34,2
10909,34,2
10910,34,2
10911,34,2
10912,34,2
10913,34,2
10914,34,2
10915,34,2
10916,34,2
10917,34,2
10918,34,2
10919,34,2
10920,34,2
10921,34,2
10922,34,2
10923,34,2
10924,34,2
10925,34,2
10926,35,2
10927,35,2
10928,36,3
10929,36,3
10930,36,3
10931,36,3
10932,36,3
10933,35,3
10934,35,3
10935,35,3
10936,35,3
10937,35,3
10938,35,3
10939,35,3
10940,35,3
10941,35,3
10942,35,3
10943,35,3
10944,35,3
10945,35,3
10946,35,3
10947,35,3
10948,35,3
10949,35,3
10950,35,3
10951,35,3
10952,35,3
10953,35,3
10954,35,3
10955,35,3
10956,35,3
10957,35,3
10958,35,3
10959,35,3
10960,35,3
10961,35,3
10962,35,3
10963,35,3
10964,35,3
10965,35,3
10966,35,3
10967,35,3
10968,35,3
10969,35,3
10970,35,3
10971,35,3
10972,35,3
10973,35,3
10974,35,3
10975,35,3
10976,35,3
10977,35,3
10978,35,3
10979,35,3
10980,35,3
10981,35,3
10982,35,3
10983,35,3
10984,35,3
10985,35,3
10986,35,3
10987,35,3
10988,35,3
10989,35,3
10990,35,3
10991,35,3
10992,35,3
10993,35,3
10994,35,3
10995,35,3
10996,35,3
10997,35,3
10998,35,3
10999,35,3
11000,35,3
11001,35,3
11002,35,3
11003,35,3
11004,35,3
11005,34,3
11006,34,3
11007,34,3
11008,34,3
11009,34,3
11010,34,3
11011,34,3
11012,34,3
11013,34,3
11014,34,3
11015,34,3
11016,34,3
11017,34,3
11018,34,3
11019,34,3
11020,34,3
11021,34,3
11022,34,3
11023,34,3
11024,34,3
11025,34,3
11026,34,3
11027,34,3
11028,34,3
11029,34,3
11030,34,3
11031,34,3
11032,34,3
11033,34,3
11034,34,3
11035,34,3
11036,34,3
11037,34,3
11038,33,3
11039,33,3
11040,33,3
11041,33,3
11042,33,3
11043,33,3
11044,33,3
11045,33,3
11046,33,3
11047,33,3
11048,33,3
11049,34,3
11050,34,3
11051,34,3
11052,34,3
11053,34,3
11054,34,3
11055,34,3
11056,34,3
11057,34,3
11058,34,3
11059,34,3
11060,34,3
11061,34,3
11062,34,3
11063,34,3
11064,34,3
11065,34,3
11066,34,3
11067,34,3
11068,34,3
11069,34,3
11070,34,3
11071,34,3
11072,34,3
11073,34,3
11074,34,3
11075,34,3
11076,34,3
11077,34,3
11078,34,3
11079,34,3
11080,34,3
11081,34,3
11082,34,3
11083,34,3
11084,34,3
11085,34,3
11086,34,3
11087,34,3
11088,34,3
11089,34,3
11090,34,3
11091,34,3
11092,34,3
11093,34,3
11094,34,3
11095,34,3
11096,34,3
11097,34,3
11098,34,3
11099,34,3
11100,34,3
11101,34,3
11102,34,3
11103,34,3
11104,34,3
11105,34,3
11106,34,3
11107,34,3
11108,34,3
11109,34,3
11110,34,3
11111,34,3
11112,34,3
11113,34,3
11114,34,3
11115,34,3
11116,34,3
11117,34,3
11118,34,3
11119,34,3
11120,34,3
11121,34,3
11122,34,3
11123,34,3
11124,34,3
11125,34,3
11126,33,3
11127,33,3
11128,33,3
11129,33,3
11130,33,3
11131,33,3
11132,33,3
11133,33,3
11134,33,3
11135,33,3
11136,33,3
11137,33,3
11138,33,3
11139,33,3
11140,33,3
11141,33,3
11142,33,3
11143,33,3
11144,33,3
11145,33,3
11146,33,3
11147,33,3
11148,33,3
11149,33,3
11150,33,3
11151,33,3
11152,33,3
11153,33,3
11154,33,3
11155,33,3
11156,33,3
11157,33,3
11158,33,3
11159,33,3
11160,33,3
11161,33,3
11162,33,3
11163,33,3
11164,33,3
11165,33,3
11166,33,3
11167,33,3
11168,33,3
11169,33,3
11170,33,3
11171,33,3
11172,33,3
11173,33,3
11174,33,3
11175,33,3
11176,33,3
11177,33,3
11178,33,3
11179,33,3
11180,33,3
11181,33,3
11182,33,3
11183,33,3
11184,33,3
11185,33,3
11186,33,3
11187,33,3
11188,33,3
11189,33,3
11190,33,3
11191,33,3
11192,32,3
11193,32,3
11194,32,3
11195,32,3
11196,32,3
11197,32,3
11198,32,3
11199,32,3
11200,32,3
11201,32,3
11202,32,3
11203,32,3
11204,32,3
11205,32,3
11206,32,3
11207,32,3
11208,32,3
11209,32,3
11210,32,3
11211,32,3
11212,32,3
11213,32,3
11214,32,3
11215,32,3
11216,32,3
11217,32,3
11218,32,3
11219,32,3
11220,32,3
11221,32,3
11222,32,3
11223,32,3
11224,32,3
11225,31,3
11226,31,3
11227,31,3
11228,31,3
11229,31,3
11230,31,3
11231,31,3
11232,31,3
11233,31,3
11234,31,3
11235,31,3
11236,31,3
11237,31,3
11238,31,3
11239,31,3
11240,31,3
11241,31,3
11242,31,3
11243,31,3
11244,31,3
11245,31,3
11246,31,3
11247,31,3
11248,31,3
11249,31,3
11250,31,3
11251,31,3
11252,31,3
11253,31,3
11254,31,3
11255,31,3
11256,31,3
11257,31,3
11258,31,3
11259,31,3
11260,31,3
11261,31,3
11262,31,3
11263,31,3
11264,31,3
11265,31,3
11266,31,3
11267,31,3
11268,31,3
11269,31,3
11270,31,3
11271,31,3
11272,31,3
11273,31,3
11274,31,3
11275,31,3
11276,31,3
11277,31,3
11278,31,3
11279,31,3
11280,31,3
11281,31,3
11282,31,3
11283,31,3
11284,31,3
11285,31,3
11286,31,3
11287,31,3
11288,31,3
11289,31,3
11290,32,3
11291,32,3
11292,32,3
11293,31,3
11294,31,3
11295,31,3
11296,30,2
11297,30,2
11298,30,2
11299,30,2
11300,30,2
11301,30,2
11302,31,2
11303,31,2
11304,31,2
11305,31,2
11306,31,2
11307,31,2
11308,31,2
11309,31,2
11310,31,2
11311,31,2
11312,31,2
11313,31,2
11314,31,2
11315,31,2
11316,31,2
11317,31,2
11318,31,2
11319,31,2
11320,31,2
11321,31,2
11322,31,2
11323,31,2
11324,31,2
11325,31,2
11326,31,2
11327,31,2
11328,31,2
11329,31,2
11330,31,2
11331,31,2
11332,31,2
11333,31,2
11334,31,2
11335,31,2
11336,31,2
11337,31,2
11338,31,2
11339,31,2
11340,30,2
11341,30,2
11342,30,2
11343,30,2
11344,30,2
11345,30,2
11346,30,2
11347,30,2
11348,30,2
11349,30,2
11350,30,2
11351,30,2
11352,30,2
11353,30,2
11354,30,2
11355,30,2
11356,30,2
11357,30,2
11358,30,2
11359,30,2
11360,30,2
11361,30,2
11362,29,2
11363,29,2
11364,29,2
11365,29,2
11366,29,2
11367,29,2
11368,29,2
11369,29,2
11370,29,2
11371,29,2
11372,29,2
11373,29,2
11374,29,2
11375,29,2
11376,29,2
11377,29,2
11378,29,2
11379,29,2
11380,29,2
11381,29,2
11382,29,2
11383,29,2
11384,29,2
11385,29,2
11386,29,2
11387,29,2
11388,29,2
11389,29,2
11390,29,2
11391,29,2
11392,29,2
11393,29,2
11394,30,2
11395,30,2
11396,30,2
11397,30,2
11398,30,2
11399,30,2
11400,30,2
11401,30,2
11402,30,2
11403,30,2
11404,30,2
11405,30,2
11406,30,2
11407,30,2
11408,30,2
11409,29,2
11410,29,2
11411,29,2
11412,29,2
11413,29,2
11414,29,2
11415,29,2
11416,29,2
11417,29,2
11418,29,2
11419,29,2
11420,29,2
11421,29,2
11422,29,2
11423,29,2
11424,29,2
11425,29,2
11426,29,2
11427,29,2
11428,29,2
11429,29,2
11430,29,2
11431,29,2
11432,29,2
11433,29,2
11434,29,2
11435,29,2
11436,29,2
11437,29,2
11438,29,2
11439,29,2
11440,29,2
11441,29,2
11442,29,2
11443,29,2
11444,29,2
11445,29,2
11446,29,2
11447,29,2
11448,29,2
11449,29,2
11450,29,2
11451,29,2
11452,29,2
11453,29,2
11454,29,2
11455,29,2
11456,29,2
11457,29,2
11458,29,2
11459,29,2
11460,29,2
11461,29,2
11462,29,2
11463,29,2
11464,29,2
11465,29,2
11466,29,2
11467,29,2
11468,29,2
11469,29,2
11470,29,2
11471,29,2
11472,29,2
11473,29,2
11474,29,2
11475,29,2
11476,29,2
11477,29,2
11478,29,2
11479,29,2
11480,29,2
11481,29,2
11482,29,2
11483,29,2
11484,29,2
11485,29,2
11486,29,2
11487,29,2
11488,29,2
11489,29,2
11490,29,2
11491,29,2
11492,29,2
11493,29,2
11494,28,2
11495,28,2
11496,28,2
11497,28,2
11498,28,2
11499,28,2
11500,28,2
11501,28,2
11502,28,2
11503,28,2
11504,28,2
11505,28,2
11506,28,2
11507,28,2
11508,28,2
11509,28,2
11510,28,2
11511,28,2
11512,28,2
11513,28,2
11514,28,2
11515,28,2
11516,28,2
11517,28,2
11518,28,2
11519,28,2
11520,28,2
11521,28,2
11522,28,2
11523,28,2
11524,28,2
11525,28,2
11526,28,2
11527,28,2
11528,28,2
11529,28,2
11530,28,2
11531,28,2
11532,28,2
11533,28,2
11534,28,2
11535,28,2
11536,28,2
11537,28,2
11538,28,2
11539,28,2
11540,28,2
11541,28,2
11542,28,2
11543,28,2
11544,28,2
11545,28,2
11546,28,2
11547,28,2
11548,28,2
11549,28,2
11550,29,2
11551,29,2
11552,29,2
11553,29,2
11554,29,2
11555,29,2
11556,29,2
11557,29,2
11558,29,2
11559,29,2
11560,28,1
11561,28,1
11562,28,1
11563,27,1
11564,27,1
11565,27,1
11566,27,1
11567,27,1
11568,27,1
11569,27,1
11570,27,1
11571,27,1
11572,27,1
11573,27,1
11574,27,1
11575,27,1
11576,27,1
11577,27,1
11578,27,1
11579,27,1
11580,27,1
11581,27,1
11582,27,1
11583,27,1
11584,27,1
11585,27,1
11586,27,1
11587,27,1
11588,27,1
11589,27,1
11590,27,1
11591,27,1
11592,27,1
11593,27,1
11594,27,1
11595,27,1
11596,27,1
11597,27,1
11598,27,1
11599,27,1
11600,27,1
11601,27,1
11602,27,1
11603,27,1
11604,27,1
11605,27,1
11606,27,1
11607,27,1
11608,27,1
11609,27,1
11610,27,1
11611,27,1
11612,27,1
11613,27,1
11614,27,1
11615,27,1
11616,27,1
11617,27,1
11618,27,1
11619,27,1
11620,27,1
11621,27,1
11622,27,1
11623,27,1
11624,27,1
11625,27,1
11626,27,1
11627,27,1
11628,27,1
11629,26,1
11630,26,1
11631,26,1
11632,26,1
11633,26,1
11634,26,1
11635,26,1
11636,26,1
11637,26,1
11638,26,1
11639,26,1
11640,26,1
11641,26,1
11642,26,1
11643,27,2
11644,27,2
11645,27,2
11646,27,2
11647,27,2
11648,27,2
11649,27,2
11650,27,2
11651,27,2
11652,27,2
11653,27,2
11654,27,2
11655,27,2
11656,27,2
11657,27,2
11658,27,2
11659,26,2
11660,26,2
11661,26,2
11662,25,2
11663,25,2
11664,25,2
11665,25,2
11666,25,2
11667,25,2
11668,25,2
11669,26,2
11670,26,2
11671,26,2
11672,26,2
11673,26,2
11674,26,2
11675,26,2
11676,26,2
11677,26,2
11678,26,2
11679,26,2
11680,26,2
11681,26,2
11682,26,2
11683,26,2
11684,26,2
11685,26,2
11686,26,2
11687,26,2
11688,26,2
11689,26,2
11690,26,2
11691,26,2
11692,26,2
11693,26,2
11694,26,2
11695,26,2
11696,26,2
11697,26,2
11698,26,2
11699,26,2
11700,26,2
11701,26,2
11702,26,2
11703,26,2
11704,26,2
11705,26,2
11706,26,2
11707,26,2
11708,26,2
11709,26,2
11710,26,2
11711,26,2
11712,26,2
11713,26,2
11714,26,2
11715,26,2
11716,26,2
11717,26,2
11718,26,2
11719,26,2
11720,26,2
11721,26,2
11722,26,2
11723,26,2
11724,26,2
11725,26,2
11726,26,2
11727,26,2
11728,26,2
11729,26,2
11730,26,2
11731,26,2
11732,26,2
11733,26,2
11734,26,2
11735,26,2
11736,26,2
11737,26,2
11738,26,2
11739,26,2
11740,26,2
11741,26,2
11742,26,2
11743,27,2
11744,27,2
11745,27,2
11746,27,2
11747,27,2
11748,27,2
11749,27,2
11750,27,2
11751,27,2
11752,27,2
11753,27,2
11754,27,2
11755,27,2
11756,27,2
11757,27,2
11758,27,2
11759,27,2
11760,27,2
11761,27,2
11762,27,2
11763,27,2
11764,27,2
11765,27,2
11766,27,2
11767,27,2
11768,27,2
11769,27,2
11770,27,2
11771,27,2
11772,27,2
11773,27,2
11774,27,2
11775,27,2
11776,27,2
11777,28,2
11778,28,2
11779,28,2
11780,28,2
11781,29,2
11782,29,2
11783,29,2
11784,29,2
11785,29,2
11786,29,2
11787,29,2
11788,29,2
11789,29,2
11790,29,2
11791,29,2
11792,29,2
11793,29,2
11794,29,2
11795,29,2
11796,29,2
11797,29,2
11798,29,2
11799,29,2
11800,29,2
11801,29,2
11802,29,2
11803,29,2
11804,29,2
11805,29,2
11806,29,2
11807,29,2
11808,29,2
11809,29,2
11810,29,2
11811,29,2
11812,29,2
11813,29,2
11814,29,2
11815,29,2
11816,29,2
11817,29,2
11818,29,2
11819,29,2
11820,29,2
11821,29,2
11822,29,2
11823,29,2
11824,29,2
11825,29,2
11826,29,2
11827,29,2
11828,29,2
11829,29,2
11830,28,1
11831,28,1
11832,28,1
11833,28,1
11834,28,1
11835,28,1
11836,28,1
11837,28,1
11838,28,1
11839,28,1
11840,28,1
11841,28,1
11842,28,1
11843,28,1
11844,28,1
11845,28,1
11846,28,1
11847,28,1
11848,28,1
11849,28,1
11850,28,1
11851,29,1
11852,29,1
11853,29,1
11854,29,1
11855,29,1
11856,29,1
11857,29,1
11858,29,1
11859,29,1
11860,29,1
11861,29,1
11862,29,1
11863,29,1
11864,28,1
11865,28,1
11866,28,1
11867,28,1
11868,28,1
11869,28,1
11870,28,1
11871,28,1
11872,28,1
11873,28,1
11874,28,1
11875,28,1
11876,28,1
11877,28,1
11878,28,1
11879,28,1
11880,28,1
11881,28,1
11882,28,1
11883,28,1
11884,28,1
11885,28,1
11886,28,1
11887,28,1
11888,28,1
11889,28,1
11890,28,1
11891,28,1
11892,28,1
11893,28,1
11894,28,1
11895,27,0
11896,27,0
11897,27,0
11898,27,0
11899,27,0
11900,27,0
11901,27,0
11902,27,0
11903,27,0
11904,27,0
11905,27,0
11906,27,0
11907,27,0
11908,27,0
11909,27,0
11910,27,0
11911,27,0
11912,28,0
11913,28,0
11914,28,0
11915,28,0
11916,28,0
11917,28,0
11918,28,0
11919,28,0
11920,28,0
11921,28,0
11922,28,0
11923,28,0
11924,28,0
11925,28,0
11926,28,0
11927,28,0
11928,28,0
11929,28,0
11930,27,0
11931,27,0
11932,27,0
11933,27,0
11934,28,0
11935,28,0
11936,28,0
11937,28,0
11938,28,0
11939,28,0
11940,28,0
11941,28,0
11942,28,0
11943,28,0
11944,28,0
11945,28,0
11946,28,0
11947,28,0
11948,28,0
11949,28,0
11950,28,0
11951,28,0
11952,28,0
11953,28,0
11954,28,0
11955,28,0
11956,28,0
11957,28,0
11958,28,0
11959,28,0
11960,28,0
11961,27,0
11962,27,0
11963,27,0
11964,27,0
11965,27,0
11966,27,0
11967,27,0
11968,27,0
11969,27,0
11970,27,0
11971,27,0
11972,27,0
11973,27,0
11974,27,0
11975,27,0
11976,27,0
11977,27,0
11978,27,0
11979,27,0
11980,27,0
11981,27,0
11982,27,0
11983,27,0
11984,27,0
11985,27,0
11986,27,0
11987,27,0
11988,27,0
11989,27,0
11990,27,0
11991,27,0
11992,27,0
11993,27,0
11994,27,0
11995,27,0
11996,27,0
11997,27,0
11998,27,0
11999,27,0
12000,27,0
12001,27,0
12002,27,0
12003,27,0
12004,27,0
12005,27,0
12006,27,0
12007,27,0
12008,27,0
12009,27,0
12010,27,0
12011,27,0
12012,27,0
12013,27,0
12014,27,0
12015,27,0
12016,27,0
12017,27,0
12018,27,0
12019,27,0
12020,27,0
12021,27,0
12022,27,0
12023,27,0
12024,27,0
12025,27,0
12026,27,0
12027,27,0
12028,26,0
12029,26,0
12030,26,0
12031,25,0
12032,25,0
12033,25,0
12034,25,0
12035,25,0
12036,25,0
12037,25,0
12038,25,0
12039,25,0
12040,25,0
12041,25,0
12042,25,0
12043,25,0
12044,25,0
12045,25,0
12046,25,0
12047,26,0
12048,26,0
12049,26,0
12050,26,0
12051,26,0
12052,26,0
12053,26,0
12054,26,0
12055,26,0
12056,26,0
12057,26,0
12058,26,0
12059,26,0
12060,26,0
12061,27,0
12062,27,0
12063,27,0
12064,26,0
12065,26,0
12066,26,0
12067,26,0
12068,26,0
12069,26,0
12070,26,0
12071,26,0
12072,27,0
12073,27,0
12074,27,0
12075,27,0
12076,27,0
12077,27,0
12078,27,0
12079,27,0
12080,27,0
12081,27,0
12082,27,0
12083,27,0
12084,27,0
12085,27,0
12086,27,0
12087,27,0
12088,27,0
12089,27,0
12090,27,0
12091,27,0
12092,27,0
12093,27,0
12094,27,0
12095,27,0
12096,27,0
12097,27,0
12098,27,0
12099,27,0
12100,27,0
12101,27,0
12102,27,0
12103,27,0
12104,27,0
12105,27,0
12106,27,0
12107,27,0
12108,27,0
12109,27,0
12110,27,0
12111,27,0
12112,27,0
12113,27,0
12114,27,0
12115,27,0
12116,27,0
12117,27,0
12118,27,0
12119,27,0
12120,27,0
12121,27,0
12122,27,0
12123,27,0
12124,27,0
12125,27,0
12126,27,0
12127,27,0
12128,27,0
12129,27,0
12130,27,0
12131,27,0
12132,27,0
12133,27,0
12134,27,0
12135,27,0
12136,27,0
12137,27,0
12138,27,0
12139,27,0
12140,27,0
12141,27,0
12142,27,0
12143,27,0
12144,27,0
12145,27,0
12146,27,0
12147,27,0
12148,27,0
12149,27,0
12150,27,0
12151,27,0
12152,27,0
12153,27,0
12154,27,0
12155,27,0
12156,27,0
12157,27,0
12158,27,0
12159,27,0
12160,27,0
12161,27,0
12162,27,0
12163,27,0
12164,27,0
12165,27,0
12166,27,0
12167,27,0
12168,27,0
12169,27,0
12170,27,0
12171,27,0
12172,27,0
12173,27,0
12174,27,0
12175,27,0
12176,27,0
12177,27,0
12178,27,0
12179,27,0
12180,27,0
12181,27,0
12182,27,0
12183,27,0
12184,27,0
12185,27,0
12186,27,0
12187,27,0
12188,27,0
12189,27,0
12190,27,0
12191,27,0
12192,27,0
12193,26,0
12194,26,0
12195,26,0
12196,25,0
12197,25,0
12198,25,0
12199,25,0
12200,26,0
12201,26,0
12202,26,0
12203,26,0
12204,26,0
12205,26,0
12206,26,0
12207,26,0
12208,26,0
12209,26,0
12210,26,0
12211,26,0
12212,26,0
12213,26,0
12214,26,0
12215,26,0
12216,26,0
12217,26,0
12218,27,0
12219,27,0
12220,27,0
12221,27,0
12222,27,0
12223,27,0
12224,27,0
12225,27,0
12226,27,0
12227,27,0
12228,27,0
12229,27,0
12230,27,0
12231,27,0
12232,27,0
12233,27,0
12234,27,0
12235,27,0
12236,27,0
12237,27,0
12238,27,0
12239,27,0
12240,27,0
12241,27,0
12242,27,0
12243,27,0
12244,27,0
12245,27,0
12246,27,0
12247,27,0
12248,27,0
12249,27,0
12250,27,0
12251,27,0
12252,27,0
12253,27,0
12254,27,0
12255,27,0
12256,27,0
12257,27,0
12258,27,0
12259,27,0
12260,27,0
12261,27,0
12262,27,0
12263,27,0
12264,27,0
12265,27,0
12266,27,0
12267,27,0
12268,27,0
12269,27,0
12270,27,0
12271,27,0
12272,27,0
12273,27,0
12274,27,0
12275,27,0
12276,27,0
12277,27,0
12278,27,0
12279,27,0
12280,27,0
12281,27,0
12282,27,0
12283,27,0
12284,27,0
12285,27,0
12286,27,0
12287,27,0
12288,27,0
12289,27,0
12290,27,0
12291,27,0
12292,27,0
12293,27,0
12294,27,0
12295,27,0
12296,27,0
12297,27,0
12298,27,0
12299,27,0
12300,27,0
12301,27,0
12302,27,0
12303,27,0
12304,27,0
12305,27,0
12306,27,0
12307,27,0
12308,27,0
12309,27,0
12310,27,0
12311,27,0
12312,27,0
12313,27,0
12314,28,0
12315,28,0
12316,28,0
12317,28,0
12318,28,0
12319,28,0
12320,28,0
12321,28,0
12322,28,0
12323,28,0
12324,28,0
12325,27,0
12326,27,0
12327,27,0
12328,27,0
12329,27,0
12330,27,0
12331,27,0
12332,27,0
12333,27,0
12334,27,0
12335,27,0
12336,27,0
12337,27,0
12338,27,0
12339,27,0
12340,27,0
12341,27,0
12342,27,0
12343,27,0
12344,27,0
12345,27,0
12346,27,0
12347,27,0
12348,27,0
12349,27,0
12350,27,0
12351,27,0
12352,27,0
12353,27,0
12354,27,0
12355,27,0
12356,27,0
12357,27,0
12358,27,0
12359,27,0
12360,27,0
12361,27,0
12362,27,0
12363,27,0
12364,27,0
12365,27,0
12366,27,0
12367,27,0
12368,27,0
12369,27,0
12370,27,0
12371,27,0
12372,27,0
12373,27,0
12374,27,0
12375,27,0
12376,27,0
12377,27,0
12378,27,0
12379,27,0
12380,27,0
12381,27,0
12382,27,0
12383,27,0
12384,27,0
12385,27,0
12386,27,0
12387,27,0
12388,27,0
12389,27,0
12390,27,0
12391,26,0
12392,26,0
12393,26,0
12394,26,0
12395,26,0
12396,26,0
12397,26,0
12398,26,0
12399,26,0
12400,26,0
12401,26,0
12402,26,0
12403,26,0
12404,26,0
12405,26,0
12406,26,0
12407,26,0
12408,26,0
12409,26,0
12410,26,0
12411,26,0
12412,26,0
12413,26,0
12414,26,0
12415,26,0
12416,26,0
12417,27,0
12418,27,0
12419,27,0
12420,27,0
12421,27,0
12422,27,0
12423,27,0
12424,27,0
12425,27,0
12426,27,0
12427,28,0
12428,28,0
12429,28,0
12430,28,0
12431,28,0
12432,28,0
12433,29,0
12434,29,0
12435,29,0
12436,29,0
12437,29,0
12438,29,0
12439,29,0
12440,29,0
12441,29,0
12442,29,0
12443,29,0
12444,29,0
12445,29,0
12446,29,0
12447,29,0
12448,29,0
12449,29,0
12450,29,0
12451,29,0
12452,29,0
12453,29,0
12454,29,0
12455,29,0
12456,29,0
12457,29,0
12458,29,0
12459,29,0
12460,29,0
12461,29,0
12462,29,0
12463,29,0
12464,29,0
12465,29,0
12466,29,0
12467,29,0
12468,29,0
12469,29,0
12470,29,0
12471,29,0
12472,29,0
12473,29,0
12474,29,0
12475,29,0
12476,29,0
12477,29,0
12478,29,0
12479,29,0
12480,29,0
12481,29,0
12482,29,0
12483,29,0
12484,29,0
12485,29,0
12486,29,0
12487,29,0
12488,29,0
12489,29,0
12490,29,0
12491,29,0
12492,29,0
12493,29,0
12494,29,0
12495,29,0
12496,29,0
12497,29,0
12498,29,0
12499,29,0
12500,29,0
12501,29,0
12502,29,0
12503,29,0
12504,29,0
12505,29,0
12506,29,0
12507,29,0
12508,29,0
12509,29,0
12510,29,0
12511,29,0
12512,29,0
12513,29,0
12514,29,0
12515,29,0
12516,29,0
12517,29,0
12518,29,0
12519,29,0
12520,29,0
12521,29,0
12522,29,0
12523,29,0
12524,29,0
12525,29,0
12526,29,0
12527,29,0
12528,29,0
12529,29,0
12530,29,0
12531,29,0
12532,29,0
12533,29,0
12534,29,0
12535,29,0
12536,28,0
12537,28,0
12538,28,0
12539,28,0
12540,28,0
12541,28,0
12542,28,0
12543,28,0
12544,28,0
12545,28,0
12546,28,0
12547,28,0
12548,28,0
12549,28,0
12550,28,0
12551,28,0
12552,28,0
12553,28,0
12554,28,0
12555,28,0
12556,27,0
12557,27,0
12558,27,0
12559,27,0
12560,27,0
12561,27,0
12562,27,0
12563,27,0
12564,27,0
12565,27,0
12566,27,0
12567,27,0
12568,27,0
12569,27,0
12570,27,0
12571,27,0
12572,27,0
12573,27,0
12574,27,0
12575,28,1
12576,28,1
12577,28,1
12578,28,1
12579,28,1
12580,28,1
12581,28,1
12582,28,1
12583,28,1
12584,28,1
12585,28,1
12586,28,1
12587,28,1
12588,28,1
12589,28,1
12590,28,1
12591,28,1
12592,28,1
12593,28,1
12594,28,1
12595,28,1
12596,28,1
12597,28,1
12598,28,1
12599,28,1
12600,28,1
12601,28,1
12602,28,1
12603,28,1
12604,28,1
12605,27,1
12606,27,1
12607,27,1
12608,27,1
12609,27,1
12610,27,1
12611,27,1
12612,27,1
12613,27,1
12614,27,1
12615,27,1
12616,27,1
12617,27,1
12618,27,1
12619,27,1
12620,27,1
12621,27,1
12622,27,1
12623,27,1
12624,27,1
12625,27,1
12626,27,1
12627,27,1
12628,27,1
12629,27,1
12630,27,1
12631,27,1
12632,27,1
12633,27,1
12634,27,1
12635,27,1
12636,27,1
12637,27,1
12638,27,1
12639,27,1
12640,27,1
12641,27,1
12642,27,1
12643,27,1
12644,27,1
12645,27,1
12646,27,1
12647,27,1
12648,27,1
12649,28,1
12650,28,1
12651,28,1
12652,28,1
12653,28,1
12654,28,1
12655,28,1
12656,28,1
12657,28,1
12658,28,1
12659,28,1
12660,28,1
12661,28,1
12662,28,1
12663,28,1
12664,28,1
12665,28,1
12666,29,1
12667,29,1
12668,29,1
12669,29,1
12670,29,1
12671,28,1
12672,28,1
12673,28,1
12674,28,1
12675,28,1
12676,28,1
12677,28,1
12678,28,1
12679,28,1
12680,28,1
12681,28,1
12682,28,1
12683,28,1
12684,28,1
12685,28,1
12686,28,1
12687,28,1
12688,28,1
12689,28,1
12690,28,1
12691,28,1
12692,28,1
12693,28,1
12694,28,1
12695,28,1
12696,28,1
12697,28,1
12698,28,1
12699,28,1
12700,28,1
12701,29,1
12702,29,1
12703,29,1
12704,29,1
12705,29,1
12706,29,1
12707,29,1
12708,29,1
12709,29,1
12710,29,1
12711,29,1
12712,29,1
12713,29,1
12714,29,1
12715,29,1
12716,29,1
12717,29,1
12718,29,1
12719,29,1
12720,29,1
12721,29,1
12722,29,1
12723,29,1
12724,29,1
12725,29,1
12726,29,1
12727,29,1
12728,29,1
12729,29,1
12730,29,1
12731,29,1
12732,29,1
12733,29,1
12734,29,1
12735,29,1
12736,29,1
12737,29,1
12738,29,1
12739,29,1
12740,29,1
12741,29,1
12742,29,1
12743,29,1
12744,29,1
12745,29,1
12746,29,1
12747,29,1
12748,29,1
12749,29,1
12750,29,1
12751,29,1
12752,29,1
12753,29,1
12754,29,1
12755,29,1
12756,29,1
12757,29,1
12758,29,1
12759,29,1
12760,29,1
12761,29,1
12762,29,1
12763,29,1
12764,29,1
12765,28,1
12766,28,1
12767,28,1
12768,28,1
12769,28,1
12770,28,1
12771,28,1
12772,28,1
12773,28,1
12774,28,1
12775,28,1
12776,28,1
12777,28,1
12778,28,1
12779,28,1
12780,28,1
12781,28,1
12782,28,1
12783,28,1
12784,28,1
12785,28,1
12786,28,1
12787,27,1
12788,27,1
12789,27,1
12790,27,1
12791,27,1
12792,27,1
12793,27,1
12794,27,1
12795,27,1
12796,27,1
12797,27,1
12798,27,1
12799,27,1
12800,27,1
12801,27,1
12802,27,1
12803,27,1
12804,27,1
12805,28,1
12806,28,1
12807,28,1
12808,28,1
12809,28,1
12810,28,1
12811,28,1
12812,28,1
12813,28,1
12814,28,1
12815,28,1
12816,28,1
12817,28,1
12818,28,1
12819,28,1
12820,27,1
12821,27,1
12822,27,1
12823,27,1
12824,27,1
12825,27,1
12826,27,1
12827,27,1
12828,27,1
12829,27,1
12830,27,1
12831,26,1
12832,26,1
12833,26,1
12834,26,1
12835,26,1
12836,26,1
12837,26,1
12838,26,1
12839,26,1
12840,26,1
12841,26,1
12842,26,1
12843,26,1
12844,26,1
12845,26,1
12846,26,1
12847,26,1
12848,26,1
12849,26,1
12850,26,1
12851,26,1
12852,26,1
12853,26,1
12854,26,1
12855,26,1
12856,26,1
12857,26,1
12858,26,1
12859,26,1
12860,26,1
12861,26,1
12862,26,1
12863,26,1
12864,26,1
12865,26,1
12866,26,1
12867,26,1
12868,26,1
12869,26,1
12870,26,1
12871,26,1
12872,26,1
12873,26,1
12874,26,1
12875,26,1
12876,27,1
12877,27,1
12878,27,1
12879,27,1
12880,27,1
12881,27,1
12882,27,1
12883,27,1
12884,27,1
12885,27,1
12886,27,1
12887,27,1
12888,27,1
12889,27,1
12890,27,1
12891,27,1
12892,27,1
12893,27,1
12894,27,1
12895,27,1
12896,27,1
12897,27,1
12898,27,1
12899,27,1
12900,27,1
12901,27,1
12902,27,1
12903,27,1
12904,27,1
12905,27,1
12906,27,1
12907,27,1
12908,27,1
12909,27,1
12910,27,1
12911,27,1
12912,27,1
12913,27,1
12914,27,1
12915,27,1
12916,27,1
12917,27,1
12918,27,1
12919,27,1
12920,27,1
12921,27,1
12922,27,1
12923,27,1
12924,27,1
12925,27,1
12926,27,1
12927,27,1
12928,27,1
12929,27,1
12930,27,1
12931,27,1
12932,26,1
12933,26,1
12934,26,1
12935,26,1
12936,26,1
12937,26,1
12938,26,1
12939,26,1
12940,26,1
12941,26,1
12942,26,1
12943,26,1
12944,26,1
12945,26,1
12946,26,1
12947,26,1
12948,26,1
12949,26,1
12950,26,1
12951,26,1
12952,26,1
12953,26,1
12954,26,1
12955,26,1
12956,26,1
12957,26,1
12958,26,1
12959,26,1
12960,26,1
12961,26,1
12962,26,1
12963,26,1
12964,26,1
12965,26,1
12966,26,1
12967,26,1
12968,26,1
12969,26,1
12970,26,1
12971,26,1
12972,26,1
12973,26,1
12974,26,1
12975,26,1
12976,26,1
12977,27,1
12978,27,1
12979,27,1
12980,27,1
12981,27,1
12982,27,1
12983,27,1
12984,27,1
12985,27,1
12986,27,1
12987,27,1
12988,27,1
12989,27,1
12990,27,1
12991,27,1
12992,27,1
12993,27,1
12994,27,1
12995,27,1
12996,27,1
12997,27,1
12998,27,1
12999,27,1
13000,27,1
13001,27,1
13002,27,1
13003,27,1
13004,27,1
13005,27,1
13006,27,1
13007,27,1
13008,27,1
13009,27,1
13010,27,1
13011,28,1
13012,28,1
13013,28,1
13014,28,1
13015,28,1
13016,28,1
13017,28,1
13018,28,1
13019,28,1
13020,28,1
13021,28,1
13022,28,1
13023,28,1
13024,28,1
13025,28,1
13026,28,1
13027,28,1
13028,28,1
13029,28,1
13030,28,1
13031,28,1
13032,28,1
13033,28,1
13034,28,1
13035,28,1
13036,28,1
13037,28,1
13038,28,1
13039,28,1
13040,28,1
13041,28,1
13042,28,1
13043,28,1
13044,28,1
13045,28,1
13046,28,1
13047,28,1
13048,28,1
13049,28,1
13050,28,1
13051,28,1
13052,28,1
13053,28,1
13054,28,1
13055,28,1
13056,28,1
13057,28,1
13058,28,1
13059,28,1
13060,29,1
13061,29,1
13062,29,1
13063,29,1
13064,29,1
13065,29,1
13066,28,1
13067,28,1
13068,28,1
13069,28,1
13070,28,1
13071,28,1
13072,28,1
13073,28,1
13074,28,1
13075,28,1
13076,28,1
13077,28,1
13078,28,1
13079,28,1
13080,28,1
13081,28,1
13082,28,1
13083,28,1
13084,28,1
13085,28,1
13086,28,1
13087,28,1
13088,28,1
13089,28,1
13090,28,1
13091,28,1
13092,28,1
13093,28,1
13094,28,1
13095,28,1
13096,28,1
13097,28,1
13098,28,1
13099,28,1
13100,28,1
13101,28,1
13102,28,1
13103,28,1
13104,28,1
13105,28,1
13106,28,1
13107,28,1
13108,28,1
13109,28,1
13110,28,1
13111,28,1
13112,28,1
13113,28,1
13114,28,1
13115,28,1
13116,28,1
13117,28,1
13118,28,1
13119,28,1
13120,28,1
13121,28,1
13122,29,1
13123,29,1
13124,29,1
13125,29,1
13126,29,1
13127,29,1
13128,29,1
13129,29,1
13130,29,1
13131,29,1
13132,28,1
13133,29,1
13134,29,1
13135,29,1
13136,29,1
13137,29,1
13138,29,1
13139,29,1
13140,29,1
13141,29,1
13142,29,1
13143,29,1
13144,29,1
13145,29,1
13146,29,1
13147,29,1
13148,29,1
13149,29,1
13150,29,1
13151,29,1
13152,29,1
13153,29,1
13154,29,1
13155,29,1
13156,29,1
13157,29,1
13158,29,1
13159,29,1
13160,29,1
13161,29,1
13162,29,1
13163,29,1
13164,29,1
13165,29,1
13166,29,1
13167,29,1
13168,29,1
13169,29,1
13170,29,1
13171,29,1
13172,29,1
13173,29,1
13174,29,1
13175,29,1
13176,29,1
13177,29,1
13178,29,1
13179,28,0
13180,28,0
13181,28,0
13182,28,0
13183,28,0
13184,28,0
13185,28,0
13186,29,0
13187,29,0
13188,29,0
13189,29,0
13190,29,0
13191,29,0
13192,29,0
13193,29,0
13194,29,0
13195,29,0
13196,29,0
13197,29,0
13198,29,0
13199,29,0
13200,29,0
13201,29,0
13202,29,0
13203,29,0
13204,29,0
13205,29,0
13206,29,0
13207,29,0
13208,29,0
13209,29,0
13210,29,0
13211,29,0
13212,29,0
13213,29,0
13214,29,0
13215,29,0
13216,28,0
13217,28,0
13218,28,0
13219,28,0
13220,28,0
13221,28,0
13222,28,0
13223,28,0
13224,28,0
13225,28,0
13226,28,0
13227,28,0
13228,28,0
13229,28,0
13230,28,0
13231,28,0
13232,28,0
13233,28,0
13234,28,0
13235,28,0
13236,28,0
13237,28,0
13238,28,0
13239,28,0
13240,28,0
13241,28,0
13242,28,0
13243,28,0
13244,28,0
13245,27,0
13246,27,0
13247,27,0
13248,27,0
13249,27,0
13250,27,0
13251,27,0
13252,27,0
13253,27,0
13254,27,0
13255,27,0
13256,27,0
13257,27,0
13258,27,0
13259,27,0
13260,27,0
13261,27,0
13262,27,0
13263,27,0
13264,27,0
13265,27,0
13266,27,0
13267,27,0
13268,27,0
13269,27,0
13270,27,0
13271,27,0
13272,27,0
13273,27,0
13274,27,0
13275,27,0
13276,27,0
13277,27,0
13278,26,0
13279,26,0
13280,26,0
13281,26,0
13282,26,0
13283,26,0
13284,26,0
13285,26,0
13286,26,0
13287,26,0
13288,26,0
13289,26,0
13290,26,0
13291,26,0
13292,26,0
13293,27,0
13294,27,0
13295,27,0
13296,27,0
13297,27,0
13298,27,0
13299,27,0
13300,27,0
13301,27,0
13302,27,0
13303,27,0
13304,27,0
13305,27,0
13306,27,0
13307,27,0
13308,27,0
13309,27,0
13310,27,0
13311,27,0
13312,27,0
13313,27,0
13314,27,0
13315,27,0
13316,27,0
13317,27,0
13318,27,0
13319,27,0
13320,27,0
13321,27,0
13322,27,0
13323,27,0
13324,27,0
13325,27,0
13326,27,0
13327,27,0
13328,27,0
13329,27,0
13330,27,0
13331,27,0
13332,27,0
13333,27,0
13334,27,0
13335,27,0
13336,27,0
13337,27,0
13338,27,0
13339,27,0
13340,27,0
13341,27,0
13342,27,0
13343,27,0
13344,27,0
13345,27,0
13346,27,0
13347,27,0
13348,27,0
13349,27,0
13350,27,0
13351,27,0
13352,27,0
13353,27,0
13354,27,0
13355,27,0
13356,27,0
13357,27,0
13358,27,0
13359,27,0
13360,27,0
13361,27,0
13362,27,0
13363,27,0
13364,27,0
13365,27,0
13366,27,0
13367,27,0
13368,27,0
13369,27,0
13370,28,0
13371,28,0
13372,28,0
13373,28,0
13374,28,0
13375,28,0
13376,28,0
13377,28,0
13378,28,0
13379,28,0
13380,28,0
13381,28,0
13382,28,0
13383,28,0
13384,28,0
13385,28,0
13386,28,0
13387,28,0
13388,28,0
13389,28,0
13390,28,0
13391,28,0
13392,28,0
13393,27,0
13394,27,0
13395,27,0
13396,27,0
13397,27,0
13398,27,0
13399,27,0
13400,27,0
13401,27,0
13402,27,0
13403,27,0
13404,27,0
13405,27,0
13406,27,0
13407,27,0
13408,27,0
13409,27,0
13410,27,0
13411,27,0
13412,27,0
13413,27,0
13414,27,0
13415,27,0
13416,27,0
13417,27,0
13418,27,0
13419,27,0
13420,27,0
13421,27,0
13422,27,0
13423,27,0
13424,27,0
13425,27,0
13426,27,0
13427,27,0
13428,27,0
13429,27,0
13430,27,0
13431,27,0
13432,27,0
13433,27,0
13434,27,0
13435,27,0
13436,27,0
13437,27,0
13438,27,0
13439,27,0
13440,27,0
13441,27,0
13442,27,0
13443,27,0
13444,27,0
13445,27,0
13446,27,0
13447,27,0
13448,27,0
13449,27,0
13450,27,0
13451,27,0
13452,27,0
13453,27,0
13454,27,0
13455,27,0
13456,27,0
13457,27,0
13458,27,0
13459,27,0
13460,27,0
13461,27,0
13462,28,0
13463,28,0
13464,28,0
13465,29,0
13466,29,0
13467,29,0
13468,29,0
13469,29,0
13470,29,0
13471,29,0
13472,29,0
13473,29,0
13474,29,0
13475,29,0
13476,29,0
13477,29,0
13478,29,0
13479,29,0
13480,29,0
13481,29,0
13482,29,0
13483,29,0
13484,29,0
13485,29,0
13486,29,0
13487,29,0
13488,29,0
13489,29,0
13490,29,0
13491,29,0
13492,29,0
13493,29,0
13494,28,0
13495,28,0
13496,28,0
13497,28,0
13498,28,0
13499,28,0
13500,28,0
13501,28,0
13502,28,0
13503,28,0
13504,28,0
13505,28,0
13506,28,0
13507,28,0
13508,28,0
13509,28,0
13510,28,0
13511,28,0
13512,28,0
13513,28,0
13514,28,0
13515,28,0
13516,28,0
13517,28,0
13518,28,0
13519,28,0
13520,28,0
13521,28,0
13522,28,0
13523,28,0
13524,28,0
13525,28,0
13526,28,0
13527,28,0
13528,28,0
13529,28,0
13530,28,0
13531,28,0
13532,28,0
13533,28,0
13534,28,0
13535,28,0
13536,29,0
13537,29,0
13538,29,0
13539,29,0
13540,30,0
13541,30,0
13542,30,0
13543,30,0
13544,30,0
13545,30,0
13546,30,0
13547,30,0
13548,30,0
13549,30,0
13550,30,0
13551,30,0
13552,30,0
13553,30,0
13554,30,0
13555,30,0
13556,30,0
13557,30,0
13558,30,0
13559,30,0
13560,29,0
13561,29,0
13562,29,0
13563,29,0
13564,29,0
13565,29,0
13566,29,0
13567,29,0
13568,29,0
13569,29,0
13570,29,0
13571,29,0
13572,29,0
13573,29,0
13574,30,0
13575,30,0
13576,30,0
13577,30,0
13578,31,0
13579,31,0
13580,31,0
13581,31,0
13582,31,0
13583,31,0
13584,31,0
13585,31,0
13586,31,0
13587,31,0
13588,31,0
13589,31,0
13590,31,0
13591,31,0
13592,31,0
13593,31,0
13594,31,0
13595,31,0
13596,31,0
13597,31,0
13598,31,0
13599,31,0
13600,31,0
13601,31,0
13602,31,0
13603,31,0
13604,31,0
13605,31,0
13606,31,0
13607,31,0
13608,31,0
13609,32,0
13610,32,0
13611,32,0
13612,32,0
13613,32,0
13614,32,0
13615,32,0
13616,33,0
13617,33,0
13618,33,0
13619,33,0
13620,33,0
13621,33,0
13622,33,0
13623,33,0
13624,33,0
13625,33,0
13626,33,0
13627,33,0
13628,33,0
13629,33,0
13630,33,0
13631,33,0
13632,33,0
13633,34,0
13634,34,0
13635,34,0
13636,34,0
13637,34,0
13638,34,0
13639,34,0
13640,34,0
13641,34,0
13642,34,0
13643,34,0
13644,34,0
13645,34,0
13646,34,0
13647,34,0
13648,34,0
13649,34,0
13650,34,0
13651,34,0
13652,34,0
13653,34,0
13654,34,0
13655,34,0
13656,34,0
13657,35,0
13658,35,0
13659,35,0
13660,35,0
13661,35,0
13662,35,0
13663,35,0
13664,35,0
13665,35,0
13666,35,0
13667,35,0
13668,35,0
13669,35,0
13670,35,0
13671,35,0
13672,35,0
13673,35,0
13674,35,0
13675,35,0
13676,35,0
13677,35,0
13678,35,0
13679,35,0
13680,35,0
13681,35,0
13682,35,0
13683,35,0
13684,35,0
13685,35,0
13686,35,0
13687,35,0
13688,35,0
13689,35,0
13690,35,0
13691,35,0
13692,35,0
13693,35,0
13694,35,0
13695,35,0
13696,35,0
13697,35,0
13698,35,0
13699,35,0
13700,35,0
13701,35,0
13702,35,0
13703,35,0
13704,35,0
13705,35,0
13706,35,0
13707,35,0
13708,35,0
13709,35,0
13710,35,0
13711,35,0
13712,35,0
13713,35,0
13714,35,0
13715,35,0
13716,35,0
13717,35,0
13718,35,0
13719,35,0
13720,35,0
13721,35,0
13722,35,0
13723,35,0
13724,35,0
13725,35,0
13726,35,0
13727,35,0
13728,35,0
13729,35,0
13730,35,0
13731,35,0
13732,35,0
13733,35,0
13734,35,0
13735,35,0
13736,35,0
13737,35,0
13738,35,0
13739,35,0
13740,35,0
13741,35,0
13742,35,0
13743,35,0
13744,35,0
13745,35,0
13746,35,0
13747,35,0
13748,35,0
13749,35,0
13750,35,0
13751,35,0
13752,35,0
13753,35,0
13754,35,0
13755,35,0
13756,35,0
13757,35,0
13758,36,0
13759,36,0
13760,36,0
13761,36,0
13762,36,0
13763,36,0
13764,36,0
13765,36,0
13766,36,0
13767,36,0
13768,36,0
13769,36,0
13770,36,0
13771,36,0
13772,36,0
13773,36,0
13774,36,0
13775,36,0
13776,36,0
13777,36,0
13778,36,0
13779,36,0
13780,36,0
13781,36,0
13782,36,0
13783,36,0
13784,37,0
13785,37,0
13786,37,0
13787,37,0
13788,37,0
13789,37,0
13790,37,0
13791,37,0
13792,37,0
13793,37,0
13794,37,0
13795,37,0
13796,37,0
13797,37,0
13798,37,0
13799,37,0
13800,37,0
13801,37,0
13802,37,0
13803,37,0
13804,37,0
13805,37,0
13806,37,0
13807,37,0
13808,37,0
13809,37,0
13810,37,0
13811,37,0
13812,37,0
13813,37,0
13814,37,0
13815,37,0
13816,37,0
13817,37,0
13818,37,0
13819,37,0
13820,37,0
13821,37,0
13822,37,0
13823,37,0
13824,37,0
13825,37,0
13826,37,0
13827,37,0
13828,37,0
13829,37,0
13830,36,0
13831,36,0
13832,36,0
13833,36,0
13834,36,0
13835,36,0
13836,36,0
13837,36,0
13838,36,0
13839,36,0
13840,36,0
13841,36,0
13842,36,0
13843,36,0
13844,36,0
13845,36,0
13846,36,0
13847,36,0
13848,36,0
13849,36,0
13850,36,0
13851,36,0
13852,36,0
13853,36,0
13854,36,0
13855,36,0
13856,36,0
13857,36,0
13858,36,0
13859,36,0
13860,36,0
13861,36,0
13862,36,0
13863,36,0
13864,36,0
13865,36,0
13866,36,0
13867,37,0
13868,37,0
13869,37,0
13870,37,0
13871,37,0
13872,37,0
13873,37,0
13874,37,0
13875,37,0
13876,37,0
13877,37,0
13878,37,0
13879,37,0
13880,37,0
13881,37,0
13882,37,0
13883,37,0
13884,37,0
13885,37,0
13886,37,0
13887,37,0
13888,37,0
13889,37,0
13890,37,0
13891,37,0
13892,37,0
13893,37,0
13894,37,0
13895,37,0
13896,37,0
13897,37,0
13898,37,0
13899,37,0
13900,37,0
13901,37,0
13902,37,0
13903,37,0
13904,37,0
13905,37,0
13906,37,0
13907,37,0
13908,37,0
13909,37,0
13910,37,0
13911,37,0
13912,37,0
13913,37,0
13914,37,0
13915,37,0
13916,37,0
13917,37,0
13918,37,0
13919,38,0
13920,38,0
13921,38,0
13922,38,0
13923,38,0
13924,38,0
13925,38,0
13926,38,0
13927,38,0
13928,38,0
13929,38,0
13930,38,0
13931,38,0
13932,38,0
13933,38,0
13934,38,0
13935,38,0
13936,38,0
13937,38,0
13938,38,0
13939,38,0
13940,38,0
13941,38,0
13942,38,0
13943,38,0
13944,38,0
13945,38,0
13946,38,0
13947,38,0
13948,38,0
13949,38,0
13950,38,0
13951,38,0
13952,38,0
13953,38,0
13954,38,0
13955,38,0
13956,38,0
13957,38,0
13958,38,0
13959,38,0
13960,38,0
13961,38,0
13962,38,0
13963,38,0
13964,38,0
13965,38,0
13966,38,0
13967,38,0
13968,38,0
13969,38,0
13970,38,0
13971,38,0
13972,38,0
13973,38,0
13974,38,0
13975,37,0
13976,37,0
13977,37,0
13978,37,0
13979,37,0
13980,37,0
13981,37,0
13982,36,0
13983,36,0
13984,36,0
13985,36,0
13986,36,0
13987,36,0
13988,37,1
13989,37,1
13990,37,1
13991,37,1
13992,37,1
13993,37,1
13994,37,1
13995,37,1
13996,37,1
13997,37,1
13998,37,1
13999,37,1
14000,37,1
14001,37,1
14002,37,1
14003,37,1
14004,37,1
14005,37,1
14006,37,1
14007,37,1
14008,37,1
14009,37,1
14010,37,1
14011,37,1
14012,37,1
14013,37,1
14014,37,1
14015,37,1
14016,37,1
14017,37,1
14018,37,1
14019,37,1
14020,37,1
14021,37,1
14022,37,1
14023,37,1
14024,37,1
14025,37,1
14026,37,1
14027,37,1
14028,37,1
14029,37,1
14030,37,1
14031,37,1
14032,37,1
14033,37,1
14034,37,1
14035,37,1
14036,37,1
14037,37,1
14038,37,1
14039,37,1
14040,37,1
14041,37,1
14042,37,1
14043,37,1
14044,37,1
14045,37,1
14046,37,1
14047,37,1
14048,37,1
14049,37,1
14050,37,1
14051,37,1
14052,37,1
14053,37,1
14054,37,1
14055,37,1
14056,37,1
14057,37,1
14058,37,1
14059,37,1
14060,36,1
14061,36,1
14062,36,1
14063,36,1
14064,36,1
14065,36,1
14066,36,1
14067,36,1
14068,36,1
14069,36,1
14070,36,1
14071,36,1
14072,36,1
14073,36,1
14074,36,1
14075,36,1
14076,36,1
14077,36,1
14078,36,1
14079,36,1
14080,36,1
14081,36,1
14082,36,1
14083,36,1
14084,36,1
14085,36,1
14086,36,1
14087,36,1
14088,36,1
14089,36,1
14090,36,1
14091,36,1
14092,36,1
14093,36,1
14094,36,1
14095,36,1
14096,36,1
14097,36,1
14098,36,1
14099,36,1
14100,36,1
14101,36,1
14102,36,1
14103,36,1
14104,36,1
14105,36,1
14106,36,1
14107,36,1
14108,36,1
14109,36,1
14110,36,1
14111,36,1
14112,36,1
14113,36,1
14114,36,1
14115,37,1
14116,37,1
14117,37,1
14118,37,1
14119,37,1
14120,37,1
14121,37,1
14122,37,1
14123,37,1
14124,37,1
14125,37,1
14126,37,1
14127,37,1
14128,37,1
14129,37,1
14130,37,1
14131,37,1
14132,37,1
14133,37,1
14134,37,1
14135,37,1
14136,37,1
14137,37,1
14138,37,1
14139,37,1
14140,37,1
14141,37,1
14142,37,1
14143,37,1
14144,37,1
14145,37,1
14146,37,1
14147,37,1
14148,37,1
14149,37,1
14150,37,1
14151,37,1
14152,37,1
14153,37,1
14154,37,1
14155,37,1
14156,37,1
14157,37,1
14158,37,1
14159,37,1
14160,37,1
14161,38,1
14162,38,1
14163,38,1
14164,38,1
14165,38,1
14166,38,1
14167,38,1
14168,38,1
14169,38,1
14170,38,1
14171,38,1
14172,38,1
14173,38,1
14174,38,1
14175,38,1
14176,38,1
14177,38,1
14178,38,1
14179,38,1
14180,38,1
14181,38,1
14182,37,1
14183,37,1
14184,38,1
14185,38,1
14186,38,1
14187,38,1
14188,38,1
14189,38,1
14190,38,1
14191,38,1
14192,38,1
14193,38,1
14194,39,2
14195,39,2
14196,39,2
14197,39,2
14198,39,2
14199,39,2
14200,39,2
14201,39,2
14202,39,2
14203,39,2
14204,39,2
14205,39,2
14206,39,2
14207,39,2
14208,39,2
14209,39,2
14210,39,2
14211,39,2
14212,39,2
14213,39,2
14214,39,2
14215,39,2
14216,39,2
14217,39,2
14218,39,2
14219,39,2
14220,39,2
14221,39,2
14222,39,2
14223,39,2
14224,39,2
14225,39,2
14226,39,2
14227,39,2
14228,39,2
14229,39,2
14230,39,2
14231,39,2
14232,39,2
14233,39,2
14234,39,2
14235,39,2
14236,39,2
14237,39,2
14238,39,2
14239,39,2
14240,39,2
14241,39,2
14242,39,2
14243,39,2
14244,39,2
14245,39,2
14246,39,2
14247,39,2
14248,39,2
14249,39,2
14250,39,2
14251,39,2
14252,40,2
14253,40,2
14254,40,2
14255,40,2
14256,40,2
14257,40,2
14258,40,2
14259,40,2
14260,40,2
14261,40,2
14262,40,2
14263,40,2
14264,40,2
14265,40,2
14266,40,2
14267,40,2
14268,40,2
14269,40,2
14270,40,2
14271,40,2
14272,40,2
14273,40,2
14274,40,2
14275,40,2
14276,40,2
14277,40,2
14278,40,2
14279,40,2
14280,40,2
14281,40,2
14282,40,2
14283,40,2
14284,40,2
14285,40,2
14286,40,2
14287,40,2
14288,40,2
14289,40,2
14290,40,2
14291,40,2
14292,40,2
14293,40,2
14294,40,2
14295,39,2
14296,39,2
14297,39,2
14298,39,2
14299,39,2
14300,39,2
14301,39,2
14302,39,2
14303,39,2
14304,39,2
14305,39,2
14306,39,2
14307,39,2
14308,39,2
14309,39,2
14310,39,2
14311,39,2
14312,39,2
14313,39,2
14314,39,2
14315,39,2
14316,39,2
14317,39,2
14318,39,2
14319,39,2
14320,39,2
14321,39,2
14322,39,2
14323,39,2
14324,39,2
14325,39,2
14326,39,2
14327,39,2
14328,39,2
14329,39,2
14330,39,2
14331,39,2
14332,39,2
14333,39,2
14334,38,2
14335,38,2
14336,38,2
14337,38,2
14338,38,2
14339,38,2
14340,38,2
14341,38,2
14342,38,2
14343,38,2
14344,38,2
14345,38,2
14346,38,2
14347,38,2
14348,38,2
14349,38,2
14350,38,2
14351,38,2
14352,38,2
14353,38,2
14354,38,2
14355,38,2
14356,38,2
14357,38,2
14358,38,2
14359,39,2
14360,39,2
14361,38,2
14362,38,2
14363,38,2
14364,38,2
14365,39,2
14366,39,2
14367,39,2
14368,39,2
14369,39,2
14370,39,2
14371,39,2
14372,39,2
14373,39,2
14374,39,2
14375,39,2
14376,39,2
14377,39,2
14378,39,2
14379,39,2
14380,39,2
14381,39,2
14382,39,2
14383,38,2
14384,38,2
14385,38,2
14386,38,2
14387,38,2
14388,38,2
14389,38,2
14390,38,2
14391,38,2
14392,38,2
14393,38,2
14394,38,2
14395,38,2
14396,38,2
14397,38,2
14398,38,2
14399,38,2
14400,38,2
14401,38,2
14402,38,2
14403,38,2
14404,38,2
14405,38,2
14406,38,2
14407,38,2
14408,38,2
14409,38,2
14410,38,2
14411,38,2
14412,38,2
14413,38,2
14414,38,2
14415,38,2
14416,38,2
14417,38,2
14418,38,2
14419,38,2
14420,38,2
14421,38,2
14422,38,2
14423,38,2
14424,38,2
14425,38,2
14426,38,2
14427,38,2
14428,38,2
14429,38,2
14430,38,2
14431,38,2
14432,38,2
14433,38,2
14434,38,2
14435,38,2
14436,38,2
14437,38,2
14438,38,2
14439,38,2
14440,38,2
14441,38,2
14442,38,2
14443,38,2
14444,38,2
14445,38,2
14446,38,2
14447,38,2
14448,38,2
14449,38,2
14450,39,2
14451,39,2
14452,38,2
14453,38,2
14454,38,2
14455,38,2
14456,38,2
14457,38,2
14458,38,2
14459,38,2
14460,38,2
14461,38,2
14462,37,2
14463,37,2
14464,37,2
14465,37,2
14466,37,2
14467,37,2
14468,37,2
14469,37,2
14470,37,2
14471,37,2
14472,37,2
14473,37,2
14474,37,2
14475,37,2
14476,37,2
14477,37,2
14478,37,2
14479,37,2
14480,37,2
14481,37,2
14482,37,2
14483,37,2
14484,37,2
14485,36,2
14486,36,2
14487,36,2
14488,36,2
14489,36,2
14490,36,2
14491,36,2
14492,36,2
14493,36,2
14494,36,2
14495,35,2
14496,35,2
14497,35,2
14498,35,2
14499,35,2
14500,35,2
14501,35,2
14502,35,2
14503,35,2
14504,35,2
14505,35,2
14506,35,2
14507,35,2
14508,35,2
14509,35,2
14510,35,2
14511,35,2
14512,36,2
14513,36,2
14514,36,2
14515,36,2
14516,36,2
14517,36,2
14518,36,2
14519,36,2
14520,36,2
14521,36,2
14522,36,2
14523,36,2
14524,36,2
14525,36,2
14526,36,2
14527,36,2
14528,35,2
14529,35,2
14530,35,2
14531,35,2
14532,35,2
14533,35,2
14534,35,2
14535,35,2
14536,35,2
14537,35,2
14538,35,2
14539,35,2
14540,35,2
14541,35,2
14542,35,2
14543,35,2
14544,35,2
14545,35,2
14546,35,2
14547,35,2
14548,35,2
14549,35,2
14550,35,2
14551,35,2
14552,35,2
14553,35,2
14554,35,2
14555,35,2
14556,35,2
14557,35,2
14558,35,2
14559,35,2
14560,35,2
14561,35,2
14562,35,2
14563,35,2
14564,35,2
14565,35,2
14566,35,2
14567,35,2
14568,35,2
14569,35,2
14570,35,2
14571,35,2
14572,35,2
14573,35,2
14574,35,2
14575,35,2
14576,36,2
14577,36,2
14578,36,2
14579,36,2
14580,36,2
14581,36,2
14582,36,2
14583,36,2
14584,36,2
14585,36,2
14586,36,2
14587,36,2
14588,36,2
14589,36,2
14590,36,2
14591,36,2
14592,36,2
14593,36,2
14594,36,2
14595,36,2
14596,36,2
14597,36,2
14598,36,2
14599,36,2
14600,36,2
14601,36,2
14602,36,2
14603,36,2
14604,36,2
14605,36,2
14606,36,2
14607,36,2
14608,36,2
14609,36,2
14610,36,2
14611,36,2
14612,36,2
14613,36,2
14614,36,2
14615,36,2
14616,36,2
14617,36,2
14618,36,2
14619,36,2
14620,36,2
14621,36,2
14622,36,2
14623,36,2
14624,36,2
14625,36,2
14626,36,2
14627,36,2
14628,36,2
14629,36,2
14630,36,2
14631,36,2
14632,36,2
14633,36,2
14634,36,2
14635,36,2
14636,36,2
14637,36,2
14638,36,2
14639,36,2
14640,36,2
14641,36,2
14642,36,2
14643,36,2
14644,36,2
14645,36,2
14646,36,2
14647,36,2
14648,36,2
14649,36,2
14650,36,2
14651,36,2
14652,36,2
14653,36,2
14654,36,2
14655,36,2
14656,36,2
14657,36,2
14658,36,2
14659,36,2
14660,36,2
14661,36,2
14662,36,2
14663,36,2
14664,36,2
14665,36,2
14666,36,2
14667,36,2
14668,36,2
14669,36,2
14670,36,2
14671,36,2
14672,36,2
14673,36,2
14674,36,2
14675,36,2
14676,36,2
14677,36,2
14678,36,2
14679,36,2
14680,36,2
14681,36,2
14682,36,2
14683,36,2
14684,36,2
14685,36,2
14686,36,2
14687,36,2
14688,36,2
14689,36,2
14690,36,2
14691,36,2
14692,36,2
14693,36,2
14694,36,2
14695,36,2
14696,36,2
14697,36,2
14698,36,2
14699,36,2
14700,36,2
14701,36,2
14702,36,2
14703,36,2
14704,36,2
14705,36,2
14706,36,2
14707,36,2
14708,36,2
14709,36,2
14710,36,2
14711,36,2
14712,36,2
14713,36,2
14714,36,2
14715,36,2
14716,36,2
14717,36,2
14718,36,2
14719,36,2
14720,36,2
14721,36,2
14722,36,2
14723,36,2
14724,36,2
14725,36,2
14726,36,2
14727,36,2
14728,36,2
14729,36,2
14730,36,2
14731,36,2
14732,36,2
14733,36,2
14734,36,2
14735,36,2
14736,36,2
14737,36,2
14738,36,2
14739,36,2
14740,36,2
14741,36,2
14742,36,2
14743,36,2
14744,36,2
14745,36,2
14746,36,2
14747,36,2
14748,36,2
14749,36,2
14750,36,2
14751,36,2
14752,36,2
14753,36,2
14754,36,2
14755,36,2
14756,36,2
14757,36,2
14758,36,2
14759,36,2
14760,36,2
14761,36,2
14762,36,2
14763,36,2
14764,36,2
14765,36,2
14766,36,2
14767,36,2
14768,36,2
14769,36,2
14770,36,2
14771,35,2
14772,35,2
14773,35,2
14774,35,2
14775,35,2
14776,35,2
14777,35,2
14778,35,2
14779,35,2
14780,34,2
14781,34,2
14782,34,2
14783,34,2
14784,34,2
14785,34,2
14786,34,2
14787,34,2
14788,34,2
14789,34,2
14790,34,2
14791,34,2
14792,34,2
14793,34,2
14794,34,2
14795,34,2
14796,34,2
14797,34,2
14798,34,2
14799,34,2
14800,34,2
14801,34,2
14802,34,2
14803,34,2
14804,34,2
14805,34,2
14806,34,2
14807,34,2
14808,34,2
14809,34,2
14810,34,2
14811,34,2
14812,34,2
14813,34,2
14814,34,2
14815,34,2
14816,34,2
14817,34,2
14818,34,2
14819,34,2
14820,34,2
14821,34,2
14822,34,2
14823,34,2
14824,34,2
14825,34,2
14826,34,2
14827,34,2
14828,34,2
14829,34,2
14830,34,2
14831,34,2
14832,34,2
14833,34,2
14834,34,2
14835,34,2
14836,34,2
14837,34,2
14838,34,2
14839,34,2
14840,34,2
14841,34,2
14842,34,2
14843,34,2
14844,34,2
14845,34,2
14846,34,2
14847,34,2
14848,34,2
14849,34,2
14850,34,2
14851,34,2
14852,34,2
14853,34,2
14854,34,2
14855,34,2
14856,34,2
14857,34,2
14858,34,2
14859,34,2
14860,34,2
14861,34,2
14862,34,2
14863,34,2
14864,34,2
14865,34,2
14866,34,2
14867,34,2
14868,34,2
14869,34,2
14870,34,2
14871,34,2
14872,34,2
14873,34,2
14874,34,2
14875,34,2
14876,34,2
14877,34,2
14878,34,2
14879,34,2
14880,34,2
14881,34,2
14882,34,2
14883,34,2
14884,34,2
14885,34,2
14886,34,2
14887,34,2
14888,34,2
14889,34,2
14890,34,2
14891,35,2
14892,35,2
14893,35,2
14894,35,2
14895,35,2
14896,35,2
14897,35,2
14898,35,2
14899,35,2
14900,35,2
14901,35,2
14902,35,2
14903,35,2
14904,35,2
14905,35,2
14906,35,2
14907,35,2
14908,35,2
14909,35,2
14910,35,2
14911,35,2
14912,35,2
14913,35,2
14914,35,2
14915,35,2
14916,35,2
14917,35,2
14918,35,2
14919,35,2
14920,35,2
14921,35,2
14922,35,2
14923,35,2
14924,35,2
14925,35,2
14926,35,2
14927,35,2
14928,35,2
14929,35,2
14930,35,2
14931,35,2
14932,35,2
14933,35,2
14934,35,2
14935,35,2
14936,35,2
14937,35,2
14938,35,2
14939,35,2
14940,35,2
14941,35,2
14942,35,2
14943,35,2
14944,35,2
14945,35,2
14946,36,2
14947,36,2
14948,36,2
14949,36,2
14950,36,2
14951,36,2
14952,36,2
14953,36,2
14954,36,2
14955,36,2
14956,36,2
14957,36,2
14958,36,2
14959,36,2
14960,36,2
14961,36,2
14962,36,2
14963,36,2
14964,36,2
14965,36,2
14966,36,2
14967,36,2
14968,36,2
14969,36,2
14970,36,2
14971,36,2
14972,36,2
14973,36,2
14974,36,2
14975,36,2
14976,36,2
14977,36,2
14978,36,2
14979,36,2
14980,36,2
14981,36,2
14982,36,2
14983,36,2
14984,36,2
14985,36,2
14986,36,2
14987,36,2
14988,36,2
14989,36,2
14990,36,2
14991,36,2
14992,36,2
14993,36,2
14994,36,2
14995,36,2
14996,36,2
14997,36,2
14998,36,2
14999,36,2
15000,36,2
15001,36,2
15002,36,2
15003,36,2
15004,36,2
15005,35,2
15006,35,2
15007,35,2
15008,35,2
15009,35,2
15010,35,2
15011,35,2
15012,35,2
15013,35,2
15014,35,2
15015,34,2
15016,34,2
15017,34,2
15018,34,2
15019,34,2
15020,34,2
15021,34,2
15022,34,2
15023,34,2
15024,34,2
15025,34,2
15026,34,2
15027,34,2
15028,34,2
15029,34,2
15030,34,2
15031,34,2
15032,34,2
15033,34,2
15034,34,2
15035,34,2
15036,34,2
15037,34,2
15038,34,2
15039,34,2
15040,34,2
15041,34,2
15042,34,2
15043,34,2
15044,34,2
15045,34,2
15046,34,2
15047,34,2
15048,34,2
15049,34,2
15050,34,2
15051,34,2
15052,34,2
15053,34,2
15054,34,2
15055,34,2
15056,34,2
15057,34,2
15058,34,2
15059,34,2
15060,34,2
15061,34,2
15062,34,2
15063,34,2
15064,34,2
15065,34,2
15066,34,2
15067,34,2
15068,34,2
15069,34,2
15070,34,2
15071,34,2
15072,34,2
15073,34,2
15074,34,2
15075,34,2
15076,34,2
15077,34,2
15078,34,2
15079,34,2
15080,34,2
15081,34,2
15082,34,2
15083,34,2
15084,34,2
15085,34,2
15086,34,2
15087,34,2
15088,34,2
15089,34,2
15090,35,2
15091,35,2
15092,35,2
15093,35,2
15094,35,2
15095,35,2
15096,35,2
15097,35,2
15098,35,2
15099,35,2
15100,35,2
15101,35,2
15102,35,2
15103,35,2
15104,35,2
15105,35,2
15106,35,2
15107,36,2
15108,36,2
15109,36,2
15110,36,2
15111,36,2
15112,36,2
15113,36,2
15114,36,2
15115,37,2
15116,37,2
15117,37,2
15118,37,2
15119,37,2
15120,37,2
15121,37,2
15122,37,2
15123,37,2
15124,37,2
15125,37,2
15126,37,2
15127,37,2
15128,37,2
15129,37,2
15130,37,2
15131,37,2
15132,37,2
15133,37,2
15134,37,2
15135,37,2
15136,37,2
15137,37,2
15138,37,2
15139,37,2
15140,37,2
15141,37,2
15142,37,2
15143,37,2
15144,37,2
15145,37,2
15146,37,2
15147,37,2
15148,37,2
15149,37,2
15150,37,2
15151,37,2
15152,37,2
15153,37,2
15154,37,2
15155,37,2
15156,37,2
15157,37,2
15158,37,2
15159,37,2
15160,37,2
15161,37,2
15162,37,2
15163,37,2
15164,37,2
15165,37,2
15166,37,2
15167,37,2
15168,37,2
15169,37,2
15170,37,2
15171,37,2
15172,37,2
15173,36,2
15174,36,2
15175,36,2
15176,36,2
15177,36,2
15178,36,2
15179,36,2
15180,36,2
15181,36,2
15182,36,2
15183,36,2
15184,36,2
15185,36,2
15186,36,2
15187,36,2
15188,36,2
15189,36,2
15190,36,2
15191,36,2
15192,36,2
15193,36,2
15194,36,2
15195,36,2
15196,36,2
15197,36,2
15198,36,2
15199,36,2
15200,36,2
15201,36,2
15202,36,2
15203,37,2
15204,37,2
15205,37,2
15206,37,2
15207,37,2
15208,37,2
15209,37,2
15210,37,2
15211,37,2
15212,37,2
15213,37,2
15214,37,2
15215,37,2
15216,37,2
15217,37,2
15218,37,2
15219,37,2
15220,38,2
15221,38,2
15222,38,2
15223,38,2
15224,38,2
15225,38,2
15226,38,2
15227,38,2
15228,38,2
15229,38,2
15230,38,2
15231,38,2
15232,38,2
15233,38,2
15234,38,2
15235,38,2
15236,38,2
15237,38,2
15238,38,2
15239,38,2
15240,38,2
15241,38,2
15242,38,2
15243,38,2
15244,38,2
15245,38,2
15246,38,2
15247,38,2
15248,38,2
15249,38,2
15250,38,2
15251,38,2
15252,38,2
15253,38,2
15254,38,2
15255,39,2
15256,39,2
15257,39,2
15258,39,2
15259,39,2
15260,39,2
15261,39,2
15262,39,2
15263,39,2
15264,39,2
15265,39,2
15266,39,2
15267,39,2
15268,39,2
15269,38,2
15270,38,2
15271,38,2
15272,38,2
15273,38,2
15274,38,2
15275,38,2
15276,38,2
15277,38,2
15278,38,2
15279,38,2
15280,38,2
15281,38,2
15282,38,2
15283,38,2
15284,38,2
15285,39,2
15286,39,2
15287,39,2
15288,39,2
15289,38,2
15290,38,2
15291,38,2
15292,38,2
15293,38,2
15294,38,2
15295,38,2
15296,38,2
15297,38,2
15298,38,2
15299,38,2
15300,38,2
15301,38,2
15302,38,2
15303,38,2
15304,38,2
15305,38,2
15306,38,2
15307,38,2
15308,38,2
15309,38,2
15310,38,2
15311,38,2
15312,38,2
15313,38,2
15314,38,2
15315,38,2
15316,38,2
15317,38,2
15318,38,2
15319,38,2
15320,38,2
15321,38,2
15322,38,2
15323,38,2
15324,38,2
15325,38,2
15326,38,2
15327,38,2
15328,38,2
15329,38,2
15330,38,2
15331,38,2
15332,38,2
15333,38,2
15334,38,2
15335,38,2
15336,38,2
15337,37,2
15338,37,2
15339,37,2
15340,37,2
15341,37,2
15342,37,2
15343,37,2
15344,37,2
15345,38,2
15346,38,2
15347,38,2
15348,38,2
15349,38,2
15350,38,2
15351,38,2
15352,38,2
15353,38,2
15354,38,2
15355,38,2
15356,37,2
15357,37,2
15358,37,2
15359,37,2
15360,37,2
15361,37,2
15362,37,2
15363,37,2
15364,37,2
15365,37,2
15366,37,2
15367,37,2
15368,37,2
15369,37,2
15370,37,2
15371,37,2
15372,37,2
15373,37,2
15374,37,2
15375,37,2
15376,37,2
15377,37,2
15378,37,2
15379,37,2
15380,37,2
15381,37,2
15382,37,2
15383,38,2
15384,38,2
15385,38,2
15386,38,2
15387,38,2
15388,38,2
15389,38,2
15390,38,2
15391,38,2
15392,38,2
15393,38,2
15394,38,2
15395,39,2
15396,39,2
15397,39,2
15398,39,2
15399,39,2
15400,39,2
15401,39,2
15402,39,2
15403,39,2
15404,39,2
15405,39,2
15406,39,2
15407,39,2
15408,40,2
15409,40,2
15410,40,2
15411,40,2
15412,40,2
15413,40,2
15414,40,2
15415,40,2
15416,40,2
15417,41,2
15418,41,2
15419,41,2
15420,41,2
15421,41,2
15422,41,2
15423,41,2
15424,41,2
15425,41,2
15426,41,2
15427,41,2
15428,41,2
15429,41,2
15430,41,2
15431,41,2
15432,41,2
15433,41,2
15434,41,2
15435,41,2
15436,41,2
15437,41,2
15438,41,2
15439,41,2
15440,41,2
15441,41,2
15442,41,2
15443,41,2
15444,41,2
15445,41,2
15446,41,2
15447,41,2
15448,41,2
15449,41,2
15450,41,2
15451,41,2
15452,41,2
15453,41,2
15454,41,2
15455,41,2
15456,40,2
15457,40,2
15458,40,2
15459,40,2
15460,40,2
15461,40,2
15462,40,2
15463,40,2
15464,40,2
15465,40,2
15466,40,2
15467,40,2
15468,40,2
15469,40,2
15470,40,2
15471,40,2
15472,40,2
15473,40,2
15474,40,2
15475,40,2
15476,40,2
15477,40,2
15478,40,2
15479,40,2
15480,40,2
15481,40,2
15482,40,2
15483,40,2
15484,40,2
15485,40,2
15486,40,2
15487,40,2
15488,40,2
15489,39,2
15490,39,2
15491,39,2
15492,39,2
15493,39,2
15494,39,2
15495,39,2
15496,39,2
15497,39,2
15498,39,2
15499,40,2
15500,40,2
15501,40,2
15502,40,2
15503,40,2
15504,40,2
15505,39,2
15506,39,2
15507,39,2
15508,39,2
15509,39,2
15510,39,2
15511,39,2
15512,39,2
15513,39,2
15514,39,2
15515,39,2
15516,39,2
15517,39,2
15518,39,2
15519,39,2
15520,39,2
15521,39,2
15522,39,2
15523,39,2
15524,38,2
15525,38,2
15526,38,2
15527,38,2
15528,38,2
15529,38,2
15530,38,2
15531,38,2
15532,38,2
15533,38,2
15534,38,2
15535,38,2
15536,38,2
15537,38,2
15538,38,2
15539,38,2
15540,38,2
15541,38,2
15542,38,2
15543,39,2
15544,39,2
15545,39,2
15546,39,2
15547,39,2
15548,39,2
15549,39,2
15550,39,2
15551,39,2
15552,39,2
15553,39,2
15554,39,2
15555,39,2
15556,39,2
15557,39,2
15558,39,2
15559,39,2
15560,39,2
15561,39,2
15562,39,2
15563,39,2
15564,39,2
15565,39,2
15566,39,2
15567,39,2
15568,39,2
15569,39,2
15570,39,2
15571,38,2
15572,38,2
15573,38,2
15574,38,2
15575,38,2
15576,38,2
15577,38,2
15578,38,2
15579,39,2
15580,39,2
15581,39,2
15582,39,2
15583,39,2
15584,39,2
15585,39,2
15586,39,2
15587,39,2
15588,39,2
15589,39,2
15590,39,2
15591,38,2
15592,38,2
15593,38,2
15594,38,2
15595,38,2
15596,38,2
15597,38,2
15598,38,2
15599,39,2
15600,39,2
15601,39,2
15602,39,2
15603,39,2
15604,39,2
15605,39,2
15606,39,2
15607,39,2
15608,39,2
15609,39,2
15610,39,2
15611,39,2
15612,39,2
15613,39,2
15614,39,2
15615,39,2
15616,39,2
15617,39,2
15618,39,2
15619,39,2
15620,39,2
15621,39,2
15622,39,2
15623,39,2
15624,38,2
15625,38,2
15626,38,2
15627,38,2
15628,38,2
15629,38,2
15630,38,2
15631,38,2
15632,38,2
15633,38,2
15634,38,2
15635,38,2
15636,38,2
15637,38,2
15638,38,2
15639,38,2
15640,38,2
15641,38,2
15642,38,2
15643,38,2
15644,38,2
15645,38,2
15646,38,2
15647,38,2
15648,38,2
15649,39,2
15650,39,2
15651,39,2
15652,39,2
15653,39,2
15654,39,2
15655,39,2
15656,39,2
15657,38,1
15658,38,1
15659,38,1
15660,38,1
15661,38,1
15662,38,1
15663,38,1
15664,38,1
15665,38,1
15666,38,1
15667,38,1
15668,38,1
15669,38,1
15670,38,1
15671,38,1
15672,38,1
15673,38,1
15674,38,1
15675,38,1
15676,38,1
15677,38,1
15678,38,1
15679,38,1
15680,38,1
15681,38,1
15682,38,1
15683,38,1
15684,38,1
15685,38,1
15686,38,1
15687,38,1
15688,38,1
15689,38,1
15690,38,1
15691,38,1
15692,38,1
15693,38,1
15694,38,1
15695,38,1
15696,38,1
15697,38,1
15698,38,1
15699,38,1
15700,38,1
15701,38,1
15702,38,1
15703,38,1
15704,38,1
15705,38,1
15706,38,1
15707,38,1
15708,38,1
15709,38,1
15710,38,1
15711,38,1
15712,38,1
15713,38,1
15714,38,1
15715,38,1
15716,38,1
15717,38,1
15718,38,1
15719,38,1
15720,38,1
15721,38,1
15722,38,1
15723,38,1
15724,38,1
15725,38,1
15726,38,1
15727,38,1
15728,38,1
15729,38,1
15730,38,1
15731,38,1
15732,38,1
15733,38,1
15734,38,1
15735,38,1
15736,38,1
15737,38,1
15738,38,1
15739,38,1
15740,38,1
15741,38,1
15742,38,1
15743,38,1
15744,38,1
15745,38,1
15746,38,1
15747,38,1
15748,38,1
15749,38,1
15750,38,1
15751,38,1
15752,38,1
15753,38,1
15754,38,1
15755,38,1
15756,38,1
15757,38,1
15758,37,1
15759,36,1
15760,36,1
15761,36,1
15762,36,1
15763,36,1
15764,36,1
15765,36,1
15766,36,1
15767,36,1
15768,36,1
15769,36,1
15770,36,1
15771,36,1
15772,36,1
15773,36,1
15774,36,1
15775,36,1
15776,36,1
15777,36,1
15778,36,1
15779,36,1
15780,36,1
15781,36,1
15782,36,1
15783,36,1
15784,36,1
15785,36,1
15786,36,1
15787,36,1
15788,36,1
15789,36,1
15790,36,1
15791,36,1
15792,36,1
15793,36,1
15794,36,1
15795,36,1
15796,36,1
15797,36,1
15798,36,1
15799,36,1
15800,36,1
15801,36,1
15802,36,1
15803,36,1
15804,36,1
15805,36,1
15806,36,1
15807,36,1
15808,36,1
15809,36,1
15810,36,1
15811,36,1
15812,36,1
15813,36,1
15814,36,1
15815,36,1
15816,36,1
15817,36,1
15818,36,1
15819,36,1
15820,36,1
15821,36,1
15822,36,1
15823,36,1
15824,36,1
15825,36,1
15826,36,1
15827,36,1
15828,36,1
15829,36,1
15830,36,1
15831,36,1
15832,36,1
15833,36,1
15834,36,1
15835,36,1
15836,36,1
15837,36,1
15838,36,1
15839,36,1
15840,36,1
15841,36,1
15842,36,1
15843,36,1
15844,36,1
15845,36,1
15846,36,1
15847,36,1
15848,36,1
15849,36,1
15850,36,1
15851,36,1
15852,36,1
15853,36,1
15854,36,1
15855,36,1
15856,36,1
15857,36,1
15858,36,1
15859,36,1
15860,36,1
15861,36,1
15862,36,1
15863,36,1
15864,36,1
15865,36,1
15866,36,1
15867,36,1
15868,36,1
15869,36,1
15870,36,1
15871,36,1
15872,36,1
15873,36,1
15874,36,1
15875,36,1
15876,36,1
15877,36,1
15878,36,1
15879,36,1
15880,36,1
15881,36,1
15882,36,1
15883,36,1
15884,36,1
15885,36,1
15886,36,1
15887,36,1
15888,36,1
15889,36,1
15890,36,1
15891,36,1
15892,36,1
15893,36,1
15894,36,1
15895,36,1
15896,36,1
15897,36,1
15898,36,1
15899,36,1
15900,36,1
15901,36,1
15902,37,1
15903,37,1
15904,37,1
15905,37,1
15906,37,1
15907,37,1
15908,37,1
15909,37,1
15910,37,1
15911,37,1
15912,37,1
15913,37,1
15914,37,1
15915,37,1
15916,37,1
15917,37,1
15918,37,1
15919,37,1
15920,37,1
15921,37,1
15922,37,1
15923,37,1
15924,37,1
15925,37,1
15926,37,1
15927,37,1
15928,37,1
15929,37,1
15930,37,1
15931,37,1
15932,37,1
15933,37,1
15934,37,1
15935,38,1
15936,38,1
15937,38,1
15938,38,1
15939,38,1
15940,38,1
15941,38,1
15942,38,1
15943,38,1
15944,38,1
15945,38,1
15946,38,1
15947,38,1
15948,38,1
15949,38,1
15950,38,1
15951,38,1
15952,38,1
15953,38,1
15954,38,1
15955,38,1
15956,38,1
15957,38,1
15958,38,1
15959,38,1
15960,38,1
15961,38,1
15962,38,1
15963,38,1
15964,38,1
15965,38,1
15966,38,1
15967,38,1
15968,38,1
15969,38,1
15970,38,1
15971,38,1
15972,38,1
15973,37,1
15974,37,1
15975,37,1
15976,37,1
15977,37,1
15978,37,1
15979,37,1
15980,37,1
15981,37,1
15982,37,1
15983,37,1
15984,37,1
15985,37,1
15986,37,1
15987,37,1
15988,37,1
15989,37,1
15990,37,1
15991,37,1
15992,37,1
15993,37,1
15994,37,1
15995,37,1
15996,37,1
15997,37,1
15998,37,1
15999,37,1
16000,37,1
16001,37,1
16002,37,1
16003,37,1
16004,37,1
16005,37,1
16006,37,1
16007,37,1
16008,36,1
16009,36,1
16010,36,1
16011,36,1
16012,36,1
16013,36,1
16014,36,1
16015,36,1
16016,36,1
16017,36,1
16018,36,1
16019,36,1
16020,36,1
16021,36,1
16022,36,1
16023,36,1
16024,36,1
16025,36,1
16026,36,1
16027,36,1
16028,36,1
16029,36,1
16030,36,1
16031,36,1
16032,36,1
16033,36,1
16034,36,1
16035,36,1
16036,36,1
16037,36,1
16038,36,1
16039,36,1
16040,36,1
16041,36,1
16042,36,1
16043,36,1
16044,36,1
16045,36,1
16046,36,1
16047,36,1
16048,36,1
16049,36,1
16050,37,1
16051,37,1
16052,37,1
16053,37,1
16054,37,1
16055,37,1
16056,37,1
16057,37,1
16058,37,1
16059,37,1
16060,37,1
16061,37,1
16062,37,1
16063,37,1
16064,37,1
16065,37,1
16066,37,1
16067,37,1
16068,37,1
16069,37,1
16070,37,1
16071,37,1
16072,37,1
16073,37,1
16074,36,1
16075,36,1
16076,36,1
16077,36,1
16078,36,1
16079,36,1
16080,36,1
16081,36,1
16082,36,1
16083,36,1
16084,36,1
16085,36,1
16086,36,1
16087,36,1
16088,36,1
16089,36,1
16090,36,1
16091,36,1
16092,36,1
16093,36,1
16094,36,1
16095,36,1
16096,36,1
16097,36,1
16098,36,1
16099,36,1
16100,36,1
16101,36,1
16102,36,1
16103,36,1
16104,36,1
16105,36,1
16106,36,1
16107,36,1
16108,36,1
16109,36,1
16110,36,1
16111,36,1
16112,36,1
16113,36,1
16114,36,1
16115,36,1
16116,36,1
16117,36,1
16118,36,1
16119,36,1
16120,36,1
16121,36,1
16122,36,1
16123,36,1
16124,36,1
16125,36,1
16126,36,1
16127,36,1
16128,36,1
16129,36,1
16130,36,1
16131,36,1
16132,36,1
16133,36,1
16134,36,1
16135,36,1
16136,36,1
16137,36,1
16138,35,1
16139,35,1
16140,35,1
16141,35,1
16142,35,1
16143,35,1
16144,35,1
16145,35,1
16146,35,1
16147,35,1
16148,35,1
16149,35,1
16150,35,1
16151,35,1
16152,35,1
16153,35,1
16154,35,1
16155,35,1
16156,35,1
16157,35,1
16158,35,1
16159,35,1
16160,35,1
16161,35,1
16162,35,1
16163,35,1
16164,35,1
16165,35,1
16166,35,1
16167,35,1
16168,35,1
16169,35,1
16170,35,1
16171,34,1
16172,34,1
16173,34,1
16174,34,1
16175,34,1
16176,34,1
16177,34,1
16178,34,1
16179,34,1
16180,34,1
16181,34,1
16182,34,1
16183,34,1
16184,34,1
16185,34,1
16186,34,1
16187,34,1
16188,34,1
16189,34,1
16190,34,1
16191,34,1
16192,34,1
16193,34,1
16194,34,1
16195,34,1
16196,34,1
16197,34,1
16198,34,1
16199,34,1
16200,34,1
16201,34,1
16202,34,1
16203,34,1
16204,34,1
16205,34,1
16206,34,1
16207,34,1
16208,34,1
16209,34,1
16210,34,1
16211,34,1
16212,34,1
16213,34,1
16214,34,1
16215,34,1
16216,34,1
16217,34,1
16218,34,1
16219,34,1
16220,34,1
16221,35,1
16222,35,1
16223,35,1
16224,35,1
16225,35,1
16226,35,1
16227,35,1
16228,35,1
16229,35,1
16230,35,1
16231,35,1
16232,35,1
16233,35,1
16234,35,1
16235,35,1
16236,35,1
16237,35,1
16238,35,1
16239,35,1
16240,35,1
16241,35,1
16242,35,1
16243,35,1
16244,35,1
16245,35,1
16246,35,1
16247,35,1
16248,35,1
16249,35,1
16250,35,1
16251,35,1
16252,36,1
16253,36,1
16254,36,1
16255,36,1
16256,36,1
16257,36,1
16258,36,1
16259,36,1
16260,36,1
16261,36,1
16262,36,1
16263,36,1
16264,36,1
16265,36,1
16266,36,1
16267,36,1
16268,36,1
16269,36,1
16270,36,1
16271,36,1
16272,36,1
16273,36,1
16274,36,1
16275,36,1
16276,36,1
16277,36,1
16278,36,1
16279,36,1
16280,36,1
16281,36,1
16282,36,1
16283,36,1
16284,36,1
16285,36,1
16286,36,1
16287,36,1
16288,36,1
16289,36,1
16290,36,1
16291,36,1
16292,36,1
16293,36,1
16294,36,1
16295,35,1
16296,35,1
16297,35,1
16298,35,1
16299,35,1
16300,35,1
16301,35,1
16302,35,1
16303,34,1
16304,34,1
16305,34,1
16306,34,1
16307,34,1
16308,34,1
16309,34,1
16310,34,1
16311,34,1
16312,34,1
16313,34,1
16314,34,1
16315,34,1
16316,34,1
16317,34,1
16318,34,1
16319,34,1
16320,34,1
16321,34,1
16322,34,1
16323,34,1
16324,34,1
16325,34,1
16326,34,1
16327,34,1
16328,34,1
16329,34,1
16330,34,1
16331,34,1
16332,34,1
16333,34,1
16334,34,1
16335,34,1
16336,34,1
16337,34,1
16338,34,1
16339,34,1
16340,34,1
16341,34,1
16342,34,1
16343,34,1
16344,34,1
16345,34,1
16346,34,1
16347,34,1
16348,34,1
16349,34,1
16350,34,1
16351,34,1
16352,34,1
16353,34,1
16354,34,1
16355,34,1
16356,34,1
16357,34,1
16358,34,1
16359,34,1
16360,34,1
16361,34,1
16362,34,1
16363,34,1
16364,34,1
16365,34,1
16366,34,1
16367,34,1
16368,34,1
16369,34,1
16370,34,1
16371,34,1
16372,34,1
16373,34,1
16374,34,1
16375,34,1
16376,34,1
16377,34,1
16378,34,1
16379,34,1
16380,34,1
16381,34,1
16382,34,1
16383,34,1
16384,34,1
16385,34,1
16386,34,1
16387,34,1
16388,35,1
16389,35,1
16390,35,1
16391,35,1
16392,35,1
16393,35,1
16394,35,1
16395,35,1
16396,35,1
16397,35,1
16398,35,1
16399,35,1
16400,35,1
16401,35,1
16402,35,1
16403,35,1
16404,35,1
16405,35,1
16406,35,1
16407,35,1
16408,35,1
16409,35,1
16410,35,1
16411,35,1
16412,35,1
16413,35,1
16414,35,1
16415,35,1
16416,35,1
16417,35,1
16418,35,1
16419,35,1
16420,35,1
16421,35,1
16422,35,1
16423,35,1
16424,35,1
16425,35,1
16426,35,1
16427,35,1
16428,35,1
16429,35,1
16430,35,1
16431,35,1
16432,35,1
16433,35,1
16434,35,1
16435,35,1
16436,35,1
16437,35,1
16438,35,1
16439,35,1
16440,35,1
16441,35,1
16442,35,1
16443,35,1
16444,35,1
16445,35,1
16446,36,1
16447,36,1
16448,36,1
16449,36,1
16450,36,1
16451,36,1
16452,36,1
16453,36,1
16454,36,1
16455,36,1
16456,36,1
16457,36,1
16458,36,1
16459,36,1
16460,36,1
16461,36,1
16462,36,1
16463,36,1
16464,36,1
16465,36,1
16466,36,1
16467,36,1
16468,36,1
16469,36,1
16470,36,1
16471,36,1
16472,36,1
16473,36,1
16474,36,1
16475,36,1
16476,36,1
16477,36,1
16478,36,1
16479,36,1
16480,36,1
16481,36,1
16482,36,1
16483,36,1
16484,36,1
16485,36,1
16486,36,1
16487,36,1
16488,36,1
16489,36,1
16490,36,1
16491,36,1
16492,36,1
16493,35,1
16494,35,1
16495,35,1
16496,35,1
16497,35,1
16498,35,1
16499,35,1
16500,35,1
16501,35,1
16502,35,1
16503,35,1
16504,35,1
16505,35,1
16506,35,1
16507,35,1
16508,35,1
16509,35,1
16510,35,1
16511,35,1
16512,35,1
16513,35,1
16514,35,1
16515,35,1
16516,35,1
16517,35,1
16518,35,1
16519,35,1
16520,35,1
16521,35,1
16522,35,1
16523,35,1
16524,35,1
16525,34,1
16526,34,1
16527,34,1
16528,34,1
16529,34,1
16530,34,1
16531,34,1
16532,34,1
16533,34,1
16534,34,1
16535,34,1
16536,34,1
16537,34,1
16538,34,1
16539,34,1
16540,34,1
16541,34,1
16542,34,1
16543,34,1
16544,34,1
16545,34,1
16546,34,1
16547,34,1
16548,34,1
16549,34,1
16550,34,1
16551,34,1
16552,34,1
16553,34,1
16554,34,1
16555,34,1
16556,34,1
16557,34,1
16558,34,1
16559,34,1
16560,34,1
16561,34,1
16562,34,1
16563,34,1
16564,34,1
16565,34,1
16566,34,1
16567,34,1
16568,34,1
16569,34,1
16570,34,1
16571,34,1
16572,34,1
16573,34,1
16574,34,1
16575,34,1
16576,34,1
16577,34,1
16578,34,1
16579,34,1
16580,34,1
16581,34,1
16582,34,1
16583,34,1
16584,34,1
16585,34,1
16586,34,1
16587,34,1
16588,34,1
16589,34,1
16590,34,1
16591,34,1
16592,34,1
16593,34,1
16594,34,1
16595,34,1
16596,34,1
16597,34,1
16598,34,1
16599,34,1
16600,33,1
16601,33,1
16602,33,1
16603,34,1
16604,34,1
16605,34,1
16606,34,1
16607,34,1
16608,34,1
16609,34,1
16610,34,1
16611,34,1
16612,34,1
16613,34,1
16614,34,1
16615,34,1
16616,34,1
16617,34,1
16618,34,1
16619,34,1
16620,34,1
16621,34,1
16622,34,1
16623,34,1
16624,34,1
16625,34,1
16626,34,1
16627,34,1
16628,34,1
16629,34,1
16630,34,1
16631,34,1
16632,34,1
16633,34,1
16634,34,1
16635,34,1
16636,34,1
16637,34,1
16638,34,1
16639,34,1
16640,34,1
16641,34,1
16642,34,1
16643,34,1
16644,34,1
16645,34,1
16646,34,1
16647,34,1
16648,34,1
16649,34,1
16650,34,1
16651,34,1
16652,34,1
16653,34,1
16654,35,1
16655,35,1
16656,35,1
16657,35,1
16658,35,1
16659,35,1
16660,34,1
16661,34,1
16662,34,1
16663,34,1
16664,34,1
16665,34,1
16666,34,1
16667,34,1
16668,34,1
16669,34,1
16670,34,1
16671,34,1
16672,34,1
16673,34,1
16674,34,1
16675,34,1
16676,34,1
16677,34,1
16678,34,1
16679,34,1
16680,34,1
16681,34,1
16682,34,1
16683,34,1
16684,34,1
16685,34,1
16686,34,1
16687,34,1
16688,34,1
16689,34,1
16690,34,1
16691,34,1
16692,34,1
16693,34,1
16694,34,1
16695,34,1
16696,34,1
16697,34,1
16698,34,1
16699,34,1
16700,34,1
16701,34,1
16702,34,1
16703,34,1
16704,34,1
16705,34,1
16706,34,1
16707,34,1
16708,34,1
16709,34,1
16710,34,1
16711,34,1
16712,34,1
16713,34,1
16714,34,1
16715,34,1
16716,34,1
16717,34,1
16718,34,1
16719,34,1
16720,34,1
16721,34,1
16722,34,1
16723,34,1
16724,34,1
16725,34,1
16726,34,1
16727,34,1
16728,34,1
16729,34,1
16730,34,1
16731,34,1
16732,34,1
16733,34,1
16734,34,1
16735,34,1
16736,34,1
16737,34,1
16738,34,1
16739,34,1
16740,34,1
16741,34,1
16742,34,1
16743,34,1
16744,34,1
16745,34,1
16746,34,1
16747,34,1
16748,34,1
16749,34,1
16750,34,1
16751,34,1
16752,35,1
16753,35,1
16754,35,1
16755,35,1
16756,35,1
16757,35,1
16758,35,1
16759,35,1
16760,35,1
16761,35,1
16762,35,1
16763,35,1
16764,35,1
16765,35,1
16766,35,1
16767,35,1
16768,35,1
16769,35,1
16770,35,1
16771,35,1
16772,35,1
16773,35,1
16774,35,1
16775,35,1
16776,35,1
16777,35,1
16778,35,1
16779,35,1
16780,35,1
16781,35,1
16782,35,1
16783,35,1
16784,35,1
16785,35,1
16786,35,1
16787,35,1
16788,35,1
16789,35,1
16790,35,1
16791,35,1
16792,35,1
16793,35,1
16794,35,1
16795,35,1
16796,35,1
16797,35,1
16798,35,1
16799,35,1
16800,35,1
16801,35,1
16802,35,1
16803,35,1
16804,35,1
16805,35,1
16806,35,1
16807,35,1
16808,35,1
16809,35,1
16810,35,1
16811,35,1
16812,35,1
16813,35,1
16814,35,1
16815,35,1
16816,35,1
16817,35,1
16818,35,1
16819,35,1
16820,35,1
16821,35,1
16822,35,1
16823,35,1
16824,35,1
16825,35,1
16826,35,1
16827,35,1
16828,35,1
16829,34,1
16830,34,1
16831,34,1
16832,34,1
16833,34,1
16834,34,1
16835,34,1
16836,34,1
16837,34,1
16838,34,1
16839,34,1
16840,34,1
16841,34,1
16842,34,1
16843,34,1
16844,34,1
16845,34,1
16846,34,1
16847,35,1
16848,35,1
16849,35,1
16850,35,1
16851,35,1
16852,35,1
16853,35,1
16854,35,1
16855,35,1
16856,35,1
16857,35,1
16858,35,1
16859,35,1
16860,35,1
16861,35,1
16862,35,1
16863,35,1
16864,35,1
16865,35,1
16866,35,1
16867,35,1
16868,35,1
16869,35,1
16870,35,1
16871,35,1
16872,35,1
16873,35,1
16874,35,1
16875,35,1
16876,35,1
16877,35,1
16878,35,1
16879,35,1
16880,35,1
16881,35,1
16882,35,1
16883,35,1
16884,35,1
16885,35,1
16886,35,1
16887,35,1
16888,35,1
16889,35,1
16890,35,1
16891,35,1
16892,35,1
16893,35,1
16894,35,1
16895,35,1
16896,35,1
16897,34,0
16898,34,0
16899,34,0
16900,34,0
16901,34,0
16902,34,0
16903,34,0
16904,34,0
16905,34,0
16906,34,0
16907,34,0
16908,34,0
16909,34,0
16910,35,0
16911,35,0
16912,35,0
16913,35,0
16914,35,0
16915,35,0
16916,35,0
16917,35,0
16918,35,0
16919,35,0
16920,36,0
16921,36,0
16922,36,0
16923,36,0
16924,36,0
16925,36,0
16926,36,0
16927,35,0
16928,35,0
16929,35,0
16930,35,0
16931,35,0
16932,35,0
16933,35,0
16934,35,0
16935,35,0
16936,35,0
16937,35,0
16938,35,0
16939,35,0
16940,35,0
16941,35,0
16942,35,0
16943,35,0
16944,35,0
16945,35,0
16946,35,0
16947,36,0
16948,36,0
16949,36,0
16950,36,0
16951,36,0
16952,36,0
16953,36,0
16954,36,0
16955,36,0
16956,36,0
16957,36,0
16958,36,0
16959,36,0
16960,35,0
16961,35,0
16962,35,0
16963,35,0
16964,35,0
16965,35,0
16966,35,0
16967,35,0
16968,35,0
16969,36,0
16970,36,0
16971,36,0
16972,36,0
16973,36,0
16974,36,0
16975,36,0
16976,36,0
16977,36,0
16978,36,0
16979,36,0
16980,36,0
16981,36,0
16982,36,0
16983,36,0
16984,36,0
16985,36,0
16986,37,0
16987,37,0
16988,37,0
16989,37,0
16990,37,0
16991,37,0
16992,37,0
16993,37,0
16994,37,0
16995,37,0
16996,37,0
16997,37,0
16998,37,0
16999,37,0
17000,37,0
17001,37,0
17002,37,0
17003,37,0
17004,37,0
17005,37,0
17006,37,0
17007,37,0
17008,37,0
17009,37,0
17010,37,0
17011,37,0
17012,37,0
17013,37,0
17014,37,0
17015,37,0
17016,37,0
17017,37,0
17018,37,0
17019,37,0
17020,37,0
17021,37,0
17022,37,0
17023,37,0
17024,37,0
17025,37,0
17026,37,0
17027,37,0
17028,37,0
17029,37,0
17030,37,0
17031,37,0
17032,37,0
17033,37,0
17034,37,0
17035,37,0
17036,37,0
17037,37,0
17038,37,0
17039,37,0
17040,37,0
17041,37,0
17042,37,0
17043,37,0
17044,37,0
17045,37,0
17046,37,0
17047,37,0
17048,37,0
17049,37,0
17050,37,0
17051,37,0
17052,37,0
17053,37,0
17054,37,0
17055,37,0
17056,37,0
17057,37,0
17058,37,0
17059,37,0
17060,37,0
17061,37,0
17062,37,0
17063,37,0
17064,37,0
17065,37,0
17066,37,0
17067,37,0
17068,37,0
17069,37,0
17070,37,0
17071,37,0
17072,37,0
17073,37,0
17074,37,0
17075,37,0
17076,37,0
17077,37,0
17078,37,0
17079,37,0
17080,37,0
17081,37,0
17082,38,0
17083,38,0
17084,38,0
17085,38,0
17086,38,0
17087,38,0
17088,38,0
17089,38,0
17090,38,0
17091,38,0
17092,38,0
17093,38,0
17094,38,0
17095,38,0
17096,38,0
17097,38,0
17098,38,0
17099,38,0
17100,38,0
17101,38,0
17102,38,0
17103,38,0
17104,38,0
17105,38,0
17106,38,0
17107,38,0
17108,38,0
17109,38,0
17110,38,0
17111,38,0
17112,38,0
17113,38,0
17114,38,0
17115,38,0
17116,37,0
17117,37,0
17118,37,0
17119,37,0
17120,37,0
17121,37,0
17122,37,0
17123,37,0
17124,37,0
17125,37,0
17126,37,0
17127,37,0
17128,37,0
17129,37,0
17130,37,0
17131,37,0
17132,37,0
17133,37,0
17134,37,0
17135,37,0
17136,37,0
17137,37,0
17138,37,0
17139,37,0
17140,37,0
17141,37,0
17142,37,0
17143,37,0
17144,37,0
17145,37,0
17146,37,0
17147,37,0
17148,37,0
17149,37,0
17150,37,0
17151,37,0
17152,37,0
17153,37,0
17154,37,0
17155,37,0
17156,37,0
17157,37,0
17158,37,0
17159,37,0
17160,37,0
17161,37,0
17162,37,0
17163,37,0
17164,37,0
17165,37,0
17166,37,0
17167,37,0
17168,37,0
17169,37,0
17170,37,0
17171,38,0
17172,38,0
17173,38,0
17174,38,0
17175,38,0
17176,38,0
17177,38,0
17178,38,0
17179,38,0
17180,38,0
17181,38,0
17182,38,0
17183,38,0
17184,38,0
17185,38,0
17186,38,0
17187,38,0
17188,38,0
17189,38,0
17190,38,0
17191,38,0
17192,38,0
17193,38,0
17194,38,0
17195,38,0
17196,38,0
17197,38,0
17198,38,0
17199,38,0
17200,38,0
17201,38,0
17202,38,0
17203,38,0
17204,38,0
17205,38,0
17206,38,0
17207,38,0
17208,38,0
17209,38,0
17210,38,0
17211,38,0
17212,38,0
17213,38,0
17214,38,0
17215,38,0
17216,38,0
17217,38,0
17218,38,0
17219,38,0
17220,38,0
17221,38,0
17222,38,0
17223,38,0
17224,38,0
17225,38,0
17226,38,0
17227,38,0
17228,38,0
17229,38,0
17230,38,0
17231,38,0
17232,38,0
17233,38,0
17234,38,0
17235,37,0
17236,37,0
17237,37,0
17238,37,0
17239,37,0
17240,37,0
17241,37,0
17242,37,0
17243,37,0
17244,37,0
17245,37,0
17246,37,0
17247,37,0
17248,37,0
17249,37,0
17250,37,0
17251,37,0
17252,37,0
17253,37,0
17254,37,0
17255,37,0
17256,37,0
17257,37,0
17258,37,0
17259,37,0
17260,37,0
17261,37,0
17262,37,0
17263,37,0
17264,37,0
17265,37,0
17266,37,0
17267,37,0
17268,37,0
17269,38,0
17270,38,0
17271,38,0
17272,38,0
17273,38,0
17274,38,0
17275,38,0
17276,38,0
17277,38,0
17278,38,0
17279,38,0
17280,38,0
17281,38,0
17282,38,0
17283,38,0
17284,38,0
17285,38,0
17286,38,0
17287,38,0
17288,38,0
17289,38,0
17290,38,0
17291,38,0
17292,38,0
17293,38,0
17294,38,0
17295,38,0
17296,38,0
17297,38,0
17298,38,0
17299,38,0
17300,38,0
17301,39,0
17302,39,0
17303,39,0
17304,39,0
17305,39,0
17306,39,0
17307,39,0
17308,39,0
17309,39,0
17310,39,0
17311,39,0
17312,39,0
17313,39,0
17314,39,0
17315,39,0
17316,39,0
17317,39,0
17318,39,0
17319,39,0
17320,39,0
17321,39,0
17322,39,0
17323,39,0
17324,39,0
17325,39,0
17326,39,0
17327,39,0
17328,39,0
17329,39,0
17330,39,0
17331,39,0
17332,39,0
17333,39,0
17334,39,0
17335,39,0
17336,38,0
17337,38,0
17338,38,0
17339,38,0
17340,38,0
17341,38,0
17342,38,0
17343,38,0
17344,38,0
17345,38,0
17346,38,0
17347,38,0
17348,38,0
17349,38,0
17350,38,0
17351,38,0
17352,38,0
17353,38,0
17354,38,0
17355,38,0
17356,38,0
17357,38,0
17358,38,0
17359,38,0
17360,38,0
17361,38,0
17362,38,0
17363,38,0
17364,38,0
17365,38,0
17366,38,0
17367,38,0
17368,38,0
17369,38,0
17370,38,0
17371,38,0
17372,38,0
17373,38,0
17374,38,0
17375,38,0
17376,38,0
17377,38,0
17378,38,0
17379,38,0
17380,38,0
17381,38,0
17382,38,0
17383,38,0
17384,38,0
17385,38,0
17386,38,0
17387,38,0
17388,38,0
17389,38,0
17390,38,0
17391,38,0
17392,38,0
17393,38,0
17394,38,0
17395,38,0
17396,38,0
17397,38,0
17398,38,0
17399,38,0
17400,38,0
17401,38,0
17402,37,0
17403,37,0
17404,37,0
17405,37,0
17406,37,0
17407,37,0
17408,37,0
17409,37,0
17410,37,0
17411,37,0
17412,37,0
17413,37,0
17414,37,0
17415,37,0
17416,37,0
17417,37,0
17418,37,0
17419,37,0
17420,37,0
17421,37,0
17422,37,0
17423,37,0
17424,37,0
17425,37,0
17426,37,0
17427,37,0
17428,37,0
17429,37,0
17430,37,0
17431,37,0
17432,37,0
17433,37,0
17434,37,0
17435,37,0
17436,37,0
17437,36,0
17438,36,0
17439,36,0
17440,36,0
17441,36,0
17442,36,0
17443,36,0
17444,36,0
17445,36,0
17446,36,0
17447,36,0
17448,36,0
17449,36,0
17450,36,0
17451,36,0
17452,36,0
17453,36,0
17454,36,0
17455,36,0
17456,36,0
17457,36,0
17458,36,0
17459,36,0
17460,36,0
17461,36,0
17462,36,0
17463,36,0
17464,36,0
17465,36,0
17466,36,0
17467,36,0
17468,36,0
17469,36,0
17470,36,0
17471,36,0
17472,36,0
17473,36,0
17474,36,0
17475,36,0
17476,36,0
17477,36,0
17478,36,0
17479,36,0
17480,36,0
17481,37,0
17482,37,0
17483,37,0
17484,37,0
17485,37,0
17486,37,0
17487,37,0
17488,37,0
17489,37,0
17490,37,0
17491,37,0
17492,37,0
17493,37,0
17494,37,0
17495,37,0
17496,37,0
17497,37,0
17498,37,0
17499,37,0
17500,37,0
17501,37,0
17502,37,0
17503,37,0
17504,37,0
17505,37,0
17506,37,0
17507,37,0
17508,37,0
17509,37,0
17510,37,0
17511,37,0
17512,37,0
17513,37,0
17514,37,0
17515,37,0
17516,37,0
17517,37,0
17518,37,0
17519,37,0
17520,37,0
17521,37,0
17522,37,0
17523,37,0
17524,37,0
17525,37,0
17526,37,0
17527,37,0
17528,37,0
17529,37,0
17530,37,0
17531,37,0
17532,37,0
17533,37,0
17534,37,0
17535,37,0
17536,37,0
17537,37,0
17538,37,0
17539,37,0
17540,37,0
17541,37,0
17542,37,0
17543,37,0
17544,37,0
17545,37,0
17546,37,0
17547,37,0
17548,37,0
17549,37,0
17550,37,0
17551,37,0
17552,37,0
17553,37,0
17554,37,0
17555,38,0
17556,38,0
17557,38,0
17558,38,0
17559,38,0
17560,38,0
17561,38,0
17562,38,0
17563,38,0
17564,38,0
17565,38,0
17566,38,0
17567,38,0
17568,38,0
17569,38,0
17570,38,0
17571,38,0
17572,38,0
17573,38,0
17574,38,0
17575,38,0
17576,38,0
17577,38,0
17578,38,0
17579,38,0
17580,38,0
17581,39,0
17582,39,0
17583,39,0
17584,39,0
17585,39,0
17586,39,0
17587,39,0
17588,39,0
17589,39,0
17590,39,0
17591,39,0
17592,39,0
17593,39,0
17594,39,0
17595,39,0
17596,39,0
17597,39,0
17598,39,0
17599,39,0
17600,39,0
17601,39,0
17602,39,0
17603,39,0
17604,39,0
17605,39,0
17606,39,0
17607,39,0
17608,39,0
17609,39,0
17610,39,0
17611,39,0
17612,39,0
17613,39,0
17614,39,0
17615,39,0
17616,39,0
17617,39,0
17618,39,0
17619,39,0
17620,39,0
17621,39,0
17622,39,0
17623,39,0
17624,39,0
17625,39,0
17626,39,0
17627,39,0
17628,39,0
17629,39,0
17630,39,0
17631,39,0
17632,39,0
17633,39,0
17634,39,0
17635,39,0
17636,39,0
17637,39,0
17638,39,0
17639,39,0
17640,39,0
17641,39,0
17642,39,0
17643,39,0
17644,39,0
17645,39,0
17646,39,0
17647,39,0
17648,39,0
17649,39,0
17650,39,0
17651,39,0
17652,39,0
17653,39,0
17654,38,0
17655,38,0
17656,38,0
17657,38,0
17658,38,0
17659,38,0
17660,38,0
17661,38,0
17662,38,0
17663,38,0
17664,38,0
17665,38,0
17666,38,0
17667,38,0
17668,38,0
17669,38,0
17670,38,0
17671,38,0
17672,38,0
17673,38,0
17674,38,0
17675,38,0
17676,38,0
17677,38,0
17678,38,0
17679,38,0
17680,38,0
17681,38,0
17682,38,0
17683,38,0
17684,38,0
17685,38,0
17686,38,0
17687,38,0
17688,38,0
17689,38,0
17690,38,0
17691,38,0
17692,38,0
17693,38,0
17694,38,0
17695,38,0
17696,38,0
17697,38,0
17698,38,0
17699,38,0
17700,38,0
17701,38,0
17702,38,0
17703,38,0
17704,38,0
17705,38,0
17706,38,0
17707,38,0
17708,38,0
17709,38,0
17710,38,0
17711,38,0
17712,38,0
17713,38,0
17714,38,0
17715,38,0
17716,39,0
17717,39,0
17718,39,0
17719,39,0
17720,39,0
17721,39,0
17722,39,0
17723,39,0
17724,39,0
17725,39,0
17726,39,0
17727,39,0
17728,39,0
17729,39,0
17730,39,0
17731,39,0
17732,39,0
17733,39,0
17734,39,0
17735,39,0
17736,39,0
17737,39,0
17738,39,0
17739,39,0
17740,39,0
17741,39,0
17742,39,0
17743,39,0
17744,39,0
17745,39,0
17746,39,0
17747,39,0
17748,39,0
17749,39,0
17750,39,0
17751,39,0
17752,39,0
17753,39,0
17754,39,0
17755,38,0
17756,38,0
17757,38,0
17758,38,0
17759,38,0
17760,38,0
17761,38,0
17762,38,0
17763,38,0
17764,38,0
17765,38,0
17766,38,0
17767,38,0
17768,38,0
17769,38,0
17770,38,0
17771,38,0
17772,38,0
17773,38,0
17774,38,0
17775,38,0
17776,38,0
17777,38,0
17778,38,0
17779,38,0
17780,38,0
17781,38,0
17782,38,0
17783,38,0
17784,38,0
17785,38,0
17786,38,0
17787,39,0
17788,39,0
17789,39,0
17790,39,0
17791,39,0
17792,39,0
17793,39,0
17794,39,0
17795,39,0
17796,39,0
17797,39,0
17798,39,0
17799,39,0
17800,39,0
17801,39,0
17802,39,0
17803,39,0
17804,39,0
17805,39,0
17806,39,0
17807,39,0
17808,39,0
17809,39,0
17810,39,0
17811,39,0
17812,39,0
17813,39,0
17814,39,0
17815,39,0
17816,39,0
17817,39,0
17818,39,0
17819,39,0
17820,39,0
17821,38,0
17822,38,0
17823,38,0
17824,38,0
17825,38,0
17826,38,0
17827,38,0
17828,39,0
17829,39,0
17830,40,0
17831,40,0
17832,40,0
17833,40,0
17834,40,0
17835,40,0
17836,40,0
17837,40,0
17838,40,0
17839,40,0
17840,40,0
17841,40,0
17842,40,0
17843,40,0
17844,40,0
17845,40,0
17846,40,0
17847,40,0
17848,40,0
17849,40,0
17850,40,0
17851,40,0
17852,40,0
17853,40,0
17854,39,0
17855,39,0
17856,39,0
17857,39,0
17858,39,0
17859,39,0
17860,39,0
17861,39,0
17862,39,0
17863,39,0
17864,39,0
17865,39,0
17866,39,0
17867,39,0
17868,39,0
17869,39,0
17870,39,0
17871,39,0
17872,39,0
17873,39,0
17874,39,0
17875,39,0
17876,39,0
17877,39,0
17878,39,0
17879,39,0
17880,39,0
17881,39,0
17882,39,0
17883,39,0
17884,39,0
17885,39,0
17886,39,0
17887,39,0
17888,39,0
17889,39,0
17890,39,0
17891,39,0
17892,39,0
17893,39,0
17894,39,0
17895,39,0
17896,39,0
17897,39,0
17898,39,0
17899,39,0
17900,39,0
17901,39,0
17902,39,0
17903,39,0
17904,39,0
17905,39,0
17906,39,0
17907,39,0
17908,39,0
17909,39,0
17910,39,0
17911,39,0
17912,39,0
17913,39,0
17914,39,0
17915,39,0
17916,39,0
17917,39,0
17918,39,0
17919,39,0
17920,39,0
17921,39,0
17922,39,0
17923,39,0
17924,39,0
17925,39,0
17926,39,0
17927,39,0
17928,39,0
17929,39,0
17930,39,0
17931,39,0
17932,39,0
17933,39,0
17934,39,0
17935,39,0
17936,39,0
17937,39,0
17938,39,0
17939,39,0
17940,39,0
17941,39,0
17942,39,0
17943,39,0
17944,39,0
17945,39,0
17946,39,0
17947,39,0
17948,39,0
17949,39,0
17950,39,0
17951,39,0
17952,39,0
17953,38,0
17954,38,0
17955,38,0
17956,38,0
17957,38,0
17958,38,0
17959,38,0
17960,38,0
17961,38,0
17962,38,0
17963,38,0
17964,38,0
17965,38,0
17966,38,0
17967,38,0
17968,38,0
17969,38,0
17970,38,0
17971,38,0
17972,38,0
17973,38,0
17974,38,0
17975,38,0
17976,38,0
17977,38,0
17978,38,0
17979,38,0
17980,38,0
17981,38,0
17982,38,0
17983,38,0
17984,38,0
17985,38,0
17986,38,0
17987,38,0
17988,37,0
17989,37,0
17990,37,0
17991,37,0
17992,37,0
17993,37,0
17994,37,0
17995,37,0
17996,37,0
17997,37,0
17998,37,0
17999,37,0
18000,37,0
18001,37,0
18002,37,0
18003,38,1
18004,38,1
18005,38,1
18006,38,1
18007,38,1
18008,38,1
18009,38,1
18010,38,1
18011,38,1
18012,38,1
18013,38,1
18014,38,1
18015,38,1
18016,38,1
18017,38,1
18018,38,1
18019,38,1
18020,38,1
18021,38,1
18022,38,1
18023,38,1
18024,38,1
18025,38,1
18026,38,1
18027,38,1
18028,38,1
18029,38,1
18030,38,1
18031,38,1
18032,38,1
18033,38,1
18034,38,1
18035,38,1
18036,38,1
18037,38,1
18038,38,1
18039,38,1
18040,38,1
18041,38,1
18042,38,1
18043,38,1
18044,38,1
18045,38,1
18046,38,1
18047,38,1
18048,38,1
18049,38,1
18050,38,1
18051,38,1
18052,38,1
18053,38,1
18054,38,1
18055,38,1
18056,38,1
18057,38,1
18058,38,1
18059,38,1
18060,38,1
18061,38,1
18062,38,1
18063,38,1
18064,38,1
18065,38,1
18066,38,1
18067,38,1
18068,38,1
18069,38,1
18070,38,1
18071,38,1
18072,38,1
18073,38,1
18074,38,1
18075,38,1
18076,38,1
18077,38,1
18078,38,1
18079,38,1
18080,38,1
18081,38,1
18082,38,1
18083,38,1
18084,38,1
18085,38,1
18086,38,1
18087,38,1
18088,38,1
18089,38,1
18090,38,1
18091,38,1
18092,38,1
18093,38,1
18094,38,1
18095,38,1
18096,38,1
18097,38,1
18098,38,1
18099,38,1
18100,38,1
18101,38,1
18102,38,1
18103,38,1
18104,38,1
18105,38,1
18106,38,1
18107,38,1
18108,38,1
18109,38,1
18110,38,1
18111,38,1
18112,38,1
18113,38,1
18114,38,1
18115,38,1
18116,38,1
18117,38,1
18118,37,1
18119,37,1
18120,37,1
18121,37,1
18122,36,1
18123,36,1
18124,36,1
18125,36,1
18126,36,1
18127,36,1
18128,36,1
18129,36,1
18130,36,1
18131,36,1
18132,36,1
18133,36,1
18134,36,1
18135,36,1
18136,36,1
18137,36,1
18138,36,1
18139,36,1
18140,36,1
18141,36,1
18142,36,1
18143,36,1
18144,36,1
18145,36,1
18146,36,1
18147,36,1
18148,36,1
18149,36,1
18150,36,1
18151,36,1
18152,36,1
18153,36,1
18154,36,1
18155,35,1
18156,35,1
18157,35,1
18158,35,1
18159,35,1
18160,35,1
18161,35,1
18162,35,1
18163,35,1
18164,35,1
18165,35,1
18166,35,1
18167,35,1
18168,35,1
18169,35,1
18170,35,1
18171,35,1
18172,35,1
18173,35,1
18174,35,1
18175,35,1
18176,35,1
18177,35,1
18178,35,1
18179,35,1
18180,35,1
18181,35,1
18182,35,1
18183,35,1
18184,35,1
18185,35,1
18186,35,1
18187,35,1
18188,35,1
18189,35,1
18190,35,1
18191,35,1
18192,35,1
18193,35,1
18194,35,1
18195,35,1
18196,35,1
18197,35,1
18198,35,1
18199,35,1
18200,35,1
18201,35,1
18202,35,1
18203,35,1
18204,35,1
18205,35,1
18206,35,1
18207,35,1
18208,35,1
18209,35,1
18210,35,1
18211,35,1
18212,35,1
18213,35,1
18214,35,1
18215,35,1
18216,35,1
18217,35,1
18218,35,1
18219,35,1
18220,35,1
18221,35,1
18222,35,1
18223,35,1
18224,35,1
18225,35,1
18226,35,1
18227,35,1
18228,35,1
18229,35,1
18230,35,1
18231,35,1
18232,35,1
18233,35,1
18234,35,1
18235,35,1
18236,35,1
18237,35,1
18238,35,1
18239,35,1
18240,35,1
18241,35,1
18242,35,1
18243,35,1
18244,35,1
18245,35,1
18246,35,1
18247,35,1
18248,35,1
18249,35,1
18250,35,1
18251,35,1
18252,35,1
18253,35,1
18254,35,1
18255,36,1
18256,36,1
18257,36,1
18258,36,1
18259,36,1
18260,36,1
18261,36,1
18262,36,1
18263,36,1
18264,36,1
18265,36,1
18266,36,1
18267,36,1
18268,36,1
18269,36,1
18270,36,1
18271,36,1
18272,36,1
18273,36,1
18274,36,1
18275,36,1
18276,36,1
18277,35,1
18278,35,1
18279,35,1
18280,35,1
18281,35,1
18282,35,1
18283,35,1
18284,35,1
18285,35,1
18286,35,1
18287,35,1
18288,35,1
18289,35,1
18290,35,1
18291,35,1
18292,36,1
18293,36,1
18294,36,1
18295,36,1
18296,36,1
18297,36,1
18298,36,1
18299,36,1
18300,36,1
18301,36,1
18302,36,1
18303,36,1
18304,36,1
18305,36,1
18306,36,1
18307,36,1
18308,36,1
18309,36,1
18310,36,1
18311,36,1
18312,36,1
18313,36,1
18314,36,1
18315,36,1
18316,36,1
18317,36,1
18318,36,1
18319,36,1
18320,36,1
18321,36,1
18322,36,1
18323,36,1
18324,36,1
18325,36,1
18326,36,1
18327,36,1
18328,36,1
18329,36,1
18330,36,1
18331,36,1
18332,36,1
18333,36,1
18334,35,1
18335,35,1
18336,35,1
18337,35,1
18338,35,1
18339,35,1
18340,35,1
18341,35,1
18342,35,1
18343,35,1
18344,35,1
18345,35,1
18346,35,1
18347,35,1
18348,35,1
18349,35,1
18350,35,1
18351,35,1
18352,35,1
18353,35,1
18354,35,1
18355,35,1
18356,35,1
18357,35,1
18358,35,1
18359,35,1
18360,35,1
18361,35,1
18362,35,1
18363,35,1
18364,35,1
18365,35,1
18366,35,1
18367,35,1
18368,35,1
18369,35,1
18370,35,1
18371,35,1
18372,35,1
18373,35,1
18374,35,1
18375,35,1
18376,35,1
18377,35,1
18378,35,1
18379,35,1
18380,35,1
18381,35,1
18382,35,1
18383,35,1
18384,35,1
18385,35,1
18386,35,1
18387,35,1
18388,35,1
18389,35,1
18390,35,1
18391,35,1
18392,35,1
18393,35,1
18394,35,1
18395,35,1
18396,35,1
18397,35,1
18398,35,1
18399,35,1
18400,35,1
18401,35,1
18402,35,1
18403,35,1
18404,35,1
18405,35,1
18406,35,1
18407,35,1
18408,35,1
18409,35,1
18410,35,1
18411,34,1
18412,34,1
18413,34,1
18414,34,1
18415,34,1
18416,34,1
18417,34,1
18418,34,1
18419,34,1
18420,34,1
18421,34,1
18422,34,1
18423,34,1
18424,34,1
18425,34,1
18426,34,1
18427,34,1
18428,34,1
18429,34,1
18430,34,1
18431,34,1
18432,34,1
18433,34,1
18434,34,1
18435,34,1
18436,34,1
18437,34,1
18438,34,1
18439,34,1
18440,34,1
18441,34,1
18442,34,1
18443,34,1
18444,34,1
18445,34,1
18446,34,1
18447,34,1
18448,33,0
18449,33,0
18450,33,0
18451,33,0
18452,33,0
18453,33,0
18454,33,0
18455,33,0
18456,33,0
18457,33,0
18458,33,0
18459,33,0
18460,33,0
18461,33,0
18462,33,0
18463,33,0
18464,33,0
18465,33,0
18466,33,0
18467,33,0
18468,33,0
18469,33,0
18470,33,0
18471,33,0
18472,33,0
18473,33,0
18474,33,0
18475,33,0
18476,33,0
18477,33,0
18478,33,0
18479,33,0
18480,33,0
18481,33,0
18482,33,0
18483,33,0
18484,33,0
18485,33,0
18486,33,0
18487,33,0
18488,33,0
18489,33,0
18490,33,0
18491,33,0
18492,33,0
18493,33,0
18494,33,0
18495,33,0
18496,33,0
18497,33,0
18498,33,0
18499,33,0
18500,33,0
18501,33,0
18502,33,0
18503,33,0
18504,33,0
18505,33,0
18506,33,0
18507,33,0
18508,33,0
18509,33,0
18510,33,0
18511,33,0
18512,34,0
18513,34,0
18514,34,0
18515,34,0
18516,34,0
18517,34,0
18518,34,0
18519,34,0
18520,34,0
18521,34,0
18522,34,0
18523,34,0
18524,34,0
18525,34,0
18526,34,0
18527,34,0
18528,34,0
18529,34,0
18530,34,0
18531,34,0
18532,34,0
18533,34,0
18534,34,0
18535,34,0
18536,34,0
18537,34,0
18538,34,0
18539,34,0
18540,34,0
18541,34,0
18542,34,0
18543,34,0
18544,34,0
18545,34,0
18546,34,0
18547,34,0
18548,34,0
18549,34,0
18550,34,0
18551,34,0
18552,34,0
18553,34,0
18554,34,0
18555,34,0
18556,34,0
18557,34,0
18558,34,0
18559,34,0
18560,34,0
18561,34,0
18562,34,0
18563,34,0
18564,34,0
18565,34,0
18566,34,0
18567,34,0
18568,34,0
18569,34,0
18570,34,0
18571,34,0
18572,34,0
18573,34,0
18574,34,0
18575,34,0
18576,34,0
18577,34,0
18578,34,0
18579,34,0
18580,34,0
18581,34,0
18582,34,0
18583,34,0
18584,34,0
18585,34,0
18586,34,0
18587,34,0
18588,34,0
18589,34,0
18590,34,0
18591,34,0
18592,34,0
18593,34,0
18594,34,0
18595,34,0
18596,34,0
18597,34,0
18598,35,0
18599,35,0
18600,35,0
18601,35,0
18602,35,0
18603,35,0
18604,35,0
18605,35,0
18606,35,0
18607,35,0
18608,35,0
18609,35,0
18610,35,0
18611,35,0
18612,35,0
18613,35,0
18614,35,0
18615,35,0
18616,35,0
18617,35,0
18618,35,0
18619,35,0
18620,35,0
18621,35,0
18622,35,0
18623,35,0
18624,35,0
18625,35,0
18626,35,0
18627,35,0
18628,35,0
18629,35,0
18630,35,0
18631,35,0
18632,35,0
18633,35,0
18634,35,0
18635,35,0
18636,35,0
18637,35,0
18638,35,0
18639,35,0
18640,35,0
18641,35,0
18642,35,0
18643,35,0
18644,35,0
18645,35,0
18646,35,0
18647,35,0
18648,35,0
18649,35,0
18650,35,0
18651,35,0
18652,35,0
18653,35,0
18654,35,0
18655,35,0
18656,35,0
18657,35,0
18658,35,0
18659,35,0
18660,35,0
18661,35,0
18662,35,0
18663,35,0
18664,35,0
18665,35,0
18666,36,0
18667,36,0
18668,36,0
18669,36,0
18670,36,0
18671,36,0
18672,36,0
18673,36,0
18674,36,0
18675,36,0
18676,36,0
18677,36,0
18678,36,0
18679,36,0
18680,36,0
18681,36,0
18682,36,0
18683,35,0
18684,35,0
18685,35,0
18686,35,0
18687,35,0
18688,35,0
18689,35,0
18690,35,0
18691,35,0
18692,35,0
18693,35,0
18694,35,0
18695,35,0
18696,35,0
18697,35,0
18698,35,0
18699,35,0
18700,35,0
18701,35,0
18702,35,0
18703,35,0
18704,35,0
18705,35,0
18706,35,0
18707,35,0
18708,35,0
18709,35,0
18710,35,0
18711,35,0
18712,35,0
18713,35,0
18714,35,0
18715,35,0
18716,35,0
18717,35,0
18718,35,0
18719,35,0
18720,35,0
18721,35,0
18722,35,0
18723,35,0
18724,35,0
18725,35,0
18726,35,0
18727,35,0
18728,35,0
18729,35,0
18730,35,0
18731,35,0
18732,35,0
18733,35,0
18734,35,0
18735,35,0
18736,35,0
18737,35,0
18738,35,0
18739,36,0
18740,36,0
18741,36,0
18742,36,0
18743,36,0
18744,36,0
18745,36,0
18746,36,0
18747,35,0
18748,35,0
18749,35,0
18750,35,0
18751,35,0
18752,35,0
18753,35,0
18754,35,0
18755,35,0
18756,35,0
18757,35,0
18758,35,0
18759,35,0
18760,35,0
18761,35,0
18762,35,0
18763,35,0
18764,35,0
18765,35,0
18766,35,0
18767,35,0
18768,35,0
18769,35,0
18770,35,0
18771,35,0
18772,35,0
18773,35,0
18774,35,0
18775,35,0
18776,35,0
18777,35,0
18778,35,0
18779,35,0
18780,35,0
18781,35,0
18782,35,0
18783,35,0
18784,35,0
18785,35,0
18786,35,0
18787,35,0
18788,35,0
18789,35,0
18790,35,0
18791,35,0
18792,35,0
18793,35,0
18794,35,0
18795,35,0
18796,35,0
18797,35,0
18798,35,0
18799,35,0
18800,35,0
18801,35,0
18802,35,0
18803,35,0
18804,35,0
18805,35,0
18806,35,0
18807,35,0
18808,35,0
18809,35,0
18810,35,0
18811,35,0
18812,35,0
18813,35,0
18814,35,0
18815,35,0
18816,35,0
18817,35,0
18818,35,0
18819,35,0
18820,35,0
18821,35,0
18822,35,0
18823,35,0
18824,35,0
18825,35,0
18826,35,0
18827,35,0
18828,35,0
18829,35,0
18830,35,0
18831,35,0
18832,35,0
18833,35,0
18834,35,0
18835,35,0
18836,35,0
18837,35,0
18838,35,0
18839,35,0
18840,35,0
18841,35,0
18842,35,0
18843,35,0
18844,35,0
18845,35,0
18846,35,0
18847,34,0
18848,33,0
18849,33,0
18850,33,0
18851,33,0
18852,33,0
18853,33,0
18854,33,0
18855,33,0
18856,33,0
18857,33,0
18858,33,0
18859,33,0
18860,33,0
18861,33,0
18862,33,0
18863,33,0
18864,33,0
18865,33,0
18866,33,0
18867,33,0
18868,33,0
18869,33,0
18870,33,0
18871,33,0
18872,33,0
18873,33,0
18874,33,0
18875,33,0
18876,33,0
18877,33,0
18878,33,0
18879,33,0
18880,33,0
18881,33,0
18882,33,0
18883,33,0
18884,33,0
18885,33,0
18886,33,0
18887,33,0
18888,33,0
18889,33,0
18890,33,0
18891,33,0
18892,33,0
18893,33,0
18894,33,0
18895,33,0
18896,33,0
18897,33,0
18898,33,0
18899,33,0
18900,33,0
18901,33,0
18902,33,0
18903,33,0
18904,34,0
18905,34,0
18906,34,0
18907,34,0
18908,34,0
18909,34,0
18910,34,0
18911,34,0
18912,34,0
18913,34,0
18914,33,0
18915,32,0
18916,32,0
18917,32,0
18918,32,0
18919,32,0
18920,32,0
18921,32,0
18922,32,0
18923,32,0
18924,32,0
18925,32,0
18926,32,0
18927,32,0
18928,32,0
18929,32,0
18930,32,0
18931,32,0
18932,32,0
18933,32,0
18934,32,0
18935,32,0
18936,32,0
18937,32,0
18938,32,0
18939,32,0
18940,32,0
18941,32,0
18942,32,0
18943,32,0
18944,32,0
18945,32,0
18946,32,0
18947,32,0
18948,32,0
18949,32,0
18950,32,0
18951,32,0
18952,32,0
18953,32,0
18954,32,0
18955,32,0
18956,32,0
18957,32,0
18958,32,0
18959,32,0
18960,32,0
18961,32,0
18962,32,0
18963,32,0
18964,32,0
18965,32,0
18966,32,0
18967,32,0
18968,32,0
18969,32,0
18970,32,0
18971,32,0
18972,32,0
18973,32,0
18974,32,0
18975,32,0
18976,32,0
18977,32,0
18978,32,0
18979,32,0
18980,32,0
18981,32,0
18982,32,0
18983,32,0
18984,32,0
18985,32,0
18986,32,0
18987,32,0
18988,32,0
18989,32,0
18990,32,0
18991,32,0
18992,32,0
18993,32,0
18994,32,0
18995,32,0
18996,32,0
18997,33,0
18998,33,0
18999,33,0
19000,33,0
19001,33,0
19002,33,0
19003,33,0
19004,33,0
19005,33,0
19006,33,0
19007,33,0
19008,33,0
19009,33,0
19010,33,0
19011,33,0
19012,33,0
19013,33,0
19014,33,0
19015,33,0
19016,33,0
19017,33,0
19018,33,0
19019,33,0
19020,33,0
19021,33,0
19022,33,0
19023,33,0
19024,33,0
19025,33,0
19026,33,0
19027,33,0
19028,33,0
19029,33,0
19030,33,0
19031,33,0
19032,33,0
19033,33,0
19034,33,0
19035,33,0
19036,34,0
19037,34,0
19038,34,0
19039,34,0
19040,34,0
19041,34,0
19042,34,0
19043,34,0
19044,34,0
19045,34,0
19046,34,0
19047,34,0
19048,33,0
19049,33,0
19050,33,0
19051,33,0
19052,33,0
19053,33,0
19054,33,0
19055,33,0
19056,33,0
19057,33,0
19058,33,0
19059,33,0
19060,33,0
19061,33,0
19062,33,0
19063,33,0
19064,33,0
19065,33,0
19066,33,0
19067,33,0
19068,33,0
19069,33,0
19070,33,0
19071,33,0
19072,33,0
19073,33,0
19074,33,0
19075,33,0
19076,33,0
19077,33,0
19078,33,0
19079,33,0
19080,33,0
19081,33,0
19082,32,0
19083,32,0
19084,32,0
19085,32,0
19086,32,0
19087,32,0
19088,32,0
19089,32,0
19090,32,0
19091,32,0
19092,32,0
19093,32,0
19094,32,0
19095,32,0
19096,32,0
19097,32,0
19098,32,0
19099,32,0
19100,32,0
19101,32,0
19102,32,0
19103,32,0
19104,32,0
19105,32,0
19106,32,0
19107,32,0
19108,32,0
19109,32,0
19110,32,0
19111,32,0
19112,32,0
19113,32,0
19114,32,0
19115,32,0
19116,32,0
19117,32,0
19118,32,0
19119,32,0
19120,32,0
19121,32,0
19122,33,0
19123,33,0
19124,33,0
19125,33,0
19126,33,0
19127,33,0
19128,33,0
19129,33,0
19130,33,0
19131,33,0
19132,33,0
19133,33,0
19134,33,0
19135,33,0
19136,33,0
19137,33,0
19138,33,0
19139,33,0
19140,33,0
19141,33,0
19142,33,0
19143,33,0
19144,33,0
19145,33,0
19146,33,0
19147,33,0
19148,33,0
19149,33,0
19150,33,0
19151,33,0
19152,33,0
19153,33,0
19154,33,0
19155,33,0
19156,33,0
19157,33,0
19158,33,0
19159,33,0
19160,33,0
19161,33,0
19162,33,0
19163,33,0
19164,33,0
19165,33,0
19166,33,0
19167,33,0
19168,33,0
19169,33,0
19170,33,0
19171,33,0
19172,34,0
19173,34,0
19174,34,0
19175,34,0
19176,34,0
19177,34,0
19178,34,0
19179,34,0
19180,34,0
19181,34,0
19182,34,0
19183,34,0
19184,34,0
19185,34,0
19186,34,0
19187,34,0
19188,34,0
19189,34,0
19190,34,0
19191,34,0
19192,34,0
19193,34,0
19194,34,0
19195,34,0
19196,34,0
19197,34,0
19198,34,0
19199,34,0
19200,34,0
19201,34,0
19202,34,0
19203,34,0
19204,34,0
19205,34,0
19206,34,0
19207,34,0
19208,34,0
19209,34,0
19210,34,0
19211,34,0
19212,34,0
19213,34,0
19214,34,0
19215,34,0
19216,34,0
19217,34,0
19218,34,0
19219,34,0
19220,34,0
19221,34,0
19222,34,0
19223,34,0
19224,34,0
19225,34,0
19226,34,0
19227,34,0
19228,34,0
19229,34,0
19230,34,0
19231,34,0
19232,34,0
19233,34,0
19234,34,0
19235,34,0
19236,34,0
19237,34,0
19238,34,0
19239,34,0
19240,34,0
19241,34,0
19242,34,0
19243,34,0
19244,34,0
19245,34,0
19246,34,0
19247,34,0
19248,34,0
19249,34,0
19250,34,0
19251,34,0
19252,34,0
19253,34,0
19254,34,0
19255,34,0
19256,34,0
19257,34,0
19258,34,0
19259,34,0
19260,34,0
19261,34,0
19262,34,0
19263,34,0
19264,34,0
19265,34,0
19266,34,0
19267,34,0
19268,34,0
19269,34,0
19270,34,0
19271,34,0
19272,34,0
19273,34,0
19274,34,0
19275,34,0
19276,34,0
19277,34,0
19278,34,0
19279,34,0
19280,34,0
19281,34,0
19282,33,0
19283,33,0
19284,33,0
19285,33,0
19286,33,0
19287,33,0
19288,33,0
19289,33,0
19290,33,0
19291,33,0
19292,33,0
19293,33,0
19294,33,0
19295,33,0
19296,33,0
19297,33,0
19298,33,0
19299,33,0
19300,33,0
19301,33,0
19302,33,0
19303,33,0
19304,33,0
19305,33,0
19306,33,0
19307,33,0
19308,33,0
19309,33,0
19310,33,0
19311,33,0
19312,33,0
19313,33,0
19314,33,0
19315,33,0
19316,33,0
19317,33,0
19318,33,0
19319,33,0
19320,33,0
19321,33,0
19322,33,0
19323,33,0
19324,33,0
19325,33,0
19326,33,0
19327,33,0
19328,33,0
19329,33,0
19330,33,0
19331,33,0
19332,33,0
19333,33,0
19334,33,0
19335,33,0
19336,33,0
19337,33,0
19338,33,0
19339,33,0
19340,33,0
19341,33,0
19342,33,0
19343,33,0
19344,33,0
19345,33,0
19346,33,0
19347,33,0
19348,33,0
19349,33,0
19350,33,0
19351,33,0
19352,33,0
19353,33,0
19354,33,0
19355,33,0
19356,33,0
19357,33,0
19358,33,0
19359,33,0
19360,33,0
19361,33,0
19362,33,0
19363,33,0
19364,33,0
19365,33,0
19366,33,0
19367,33,0
19368,33,0
19369,33,0
19370,33,0
19371,33,0
19372,33,0
19373,33,0
19374,33,0
19375,33,0
19376,33,0
19377,33,0
19378,33,0
19379,34,0
19380,34,0
19381,34,0
19382,34,0
19383,34,0
19384,34,0
19385,34,0
19386,34,0
19387,34,0
19388,34,0
19389,34,0
19390,34,0
19391,34,0
19392,34,0
19393,34,0
19394,34,0
19395,34,0
19396,34,0
19397,34,0
19398,34,0
19399,34,0
19400,33,0
19401,33,0
19402,33,0
19403,33,0
19404,33,0
19405,33,0
19406,33,0
19407,33,0
19408,33,0
19409,33,0
19410,33,0
19411,33,0
19412,33,0
19413,33,0
19414,33,0
19415,33,0
19416,33,0
19417,32,0
19418,32,0
19419,32,0
19420,32,0
19421,32,0
19422,32,0
19423,32,0
19424,32,0
19425,32,0
19426,32,0
19427,32,0
19428,32,0
19429,32,0
19430,32,0
19431,32,0
19432,32,0
19433,31,0
19434,31,0
19435,31,0
19436,31,0
19437,31,0
19438,31,0
19439,32,0
19440,32,0
19441,32,0
19442,32,0
19443,32,0
19444,32,0
19445,32,0
19446,32,0
19447,32,0
19448,32,0
19449,32,0
19450,32,0
19451,32,0
19452,32,0
19453,32,0
19454,32,0
19455,32,0
19456,32,0
19457,32,0
19458,32,0
19459,32,0
19460,32,0
19461,32,0
19462,32,0
19463,32,0
19464,32,0
19465,32,0
19466,32,0
19467,32,0
19468,32,0
19469,32,0
19470,32,0
19471,32,0
19472,31,0
19473,31,0
19474,31,0
19475,31,0
19476,31,0
19477,31,0
19478,31,0
19479,31,0
19480,31,0
19481,31,0
19482,31,0
19483,31,0
19484,31,0
19485,31,0
19486,31,0
19487,31,0
19488,31,0
19489,31,0
19490,31,0
19491,31,0
19492,31,0
19493,31,0
19494,32,0
19495,32,0
19496,32,0
19497,32,0
19498,32,0
19499,32,0
19500,32,0
19501,32,0
19502,32,0
19503,32,0
19504,32,0
19505,32,0
19506,32,0
19507,32,0
19508,32,0
19509,32,0
19510,32,0
19511,32,0
19512,32,0
19513,32,0
19514,32,0
19515,32,0
19516,32,0
19517,32,0
19518,32,0
19519,32,0
19520,32,0
19521,32,0
19522,32,0
19523,32,0
19524,32,0
19525,32,0
19526,32,0
19527,32,0
19528,32,0
19529,32,0
19530,32,0
19531,32,0
19532,32,0
19533,32,0
19534,32,0
19535,32,0
19536,32,0
19537,32,0
19538,32,0
19539,32,0
19540,32,0
19541,32,0
19542,32,0
19543,32,0
19544,32,0
19545,32,0
19546,32,0
19547,32,0
19548,32,0
19549,32,0
19550,32,0
19551,32,0
19552,32,0
19553,32,0
19554,32,0
19555,32,0
19556,32,0
19557,32,0
19558,32,0
19559,32,0
19560,32,0
19561,32,0
19562,32,0
19563,32,0
19564,32,0
19565,32,0
19566,32,0
19567,32,0
19568,32,0
19569,32,0
19570,32,0
19571,32,0
19572,32,0
19573,32,0
19574,32,0
19575,32,0
19576,32,0
19577,32,0
19578,32,0
19579,32,0
19580,32,0
19581,32,0
19582,32,0
19583,32,0
19584,32,0
19585,32,0
19586,32,0
19587,32,0
19588,32,0
19589,32,0
19590,32,0
19591,32,0
19592,32,0
19593,32,0
19594,32,0
19595,32,0
19596,32,0
19597,32,0
19598,32,0
19599,32,0
19600,32,0
19601,32,0
19602,32,0
19603,32,0
19604,32,0
19605,32,0
19606,32,0
19607,32,0
19608,32,0
19609,32,0
19610,32,0
19611,32,0
19612,32,0
19613,32,0
19614,32,0
19615,32,0
19616,32,0
19617,32,0
19618,32,0
19619,32,0
19620,32,0
19621,32,0
19622,32,0
19623,32,0
19624,32,0
19625,32,0
19626,32,0
19627,32,0
19628,32,0
19629,32,0
19630,32,0
19631,32,0
19632,32,0
19633,32,0
19634,32,0
19635,32,0
19636,32,0
19637,32,0
19638,32,0
19639,31,0
19640,32,0
19641,32,0
19642,32,0
19643,32,0
19644,32,0
19645,32,0
19646,32,0
19647,32,0
19648,32,0
19649,32,0
19650,32,0
19651,32,0
19652,32,0
19653,32,0
19654,32,0
19655,32,0
19656,32,0
19657,32,0
19658,32,0
19659,32,0
19660,32,0
19661,32,0
19662,32,0
19663,32,0
19664,32,0
19665,32,0
19666,33,0
19667,33,0
19668,33,0
19669,33,0
19670,33,0
19671,33,0
19672,33,0
19673,33,0
19674,33,0
19675,33,0
19676,33,0
19677,34,0
19678,34,0
19679,34,0
19680,34,0
19681,34,0
19682,34,0
19683,34,0
19684,34,0
19685,34,0
19686,34,0
19687,34,0
19688,34,0
19689,34,0
19690,34,0
19691,34,0
19692,34,0
19693,34,0
19694,34,0
19695,34,0
19696,34,0
19697,34,0
19698,34,0
19699,34,0
19700,34,0
19701,34,0
19702,34,0
19703,34,0
19704,34,0
19705,34,0
19706,34,0
19707,34,0
19708,34,0
19709,34,0
19710,34,0
19711,34,0
19712,34,0
19713,34,0
19714,34,0
19715,34,0
19716,34,0
19717,34,0
19718,34,0
19719,34,0
19720,34,0
19721,34,0
19722,34,0
19723,34,0
19724,34,0
19725,34,0
19726,34,0
19727,34,0
19728,34,0
19729,34,0
19730,34,0
19731,34,0
19732,34,0
19733,34,0
19734,34,0
19735,34,0
19736,34,0
19737,34,0
19738,34,0
19739,34,0
19740,34,0
19741,34,0
19742,34,0
19743,34,0
19744,34,0
19745,34,0
19746,34,0
19747,34,0
19748,34,0
19749,34,0
19750,34,0
19751,34,0
19752,34,0
19753,34,0
19754,34,0
19755,35,0
19756,35,0
19757,35,0
19758,35,0
19759,35,0
19760,35,0
19761,35,0
19762,35,0
19763,35,0
19764,35,0
19765,35,0
19766,35,0
19767,35,0
19768,35,0
19769,34,0
19770,34,0
19771,34,0
19772,34,0
19773,33,0
19774,33,0
19775,33,0
19776,33,0
19777,33,0
19778,33,0
19779,33,0
19780,33,0
19781,33,0
19782,33,0
19783,33,0
19784,33,0
19785,33,0
19786,33,0
19787,33,0
19788,33,0
19789,33,0
19790,33,0
19791,33,0
19792,33,0
19793,33,0
19794,33,0
19795,33,0
19796,33,0
19797,33,0
19798,33,0
19799,33,0
19800,33,0
19801,33,0
19802,33,0
19803,33,0
19804,33,0
19805,33,0
19806,33,0
19807,33,0
19808,33,0
19809,33,0
19810,33,0
19811,33,0
19812,33,0
19813,33,0
19814,33,0
19815,33,0
19816,33,0
19817,33,0
19818,33,0
19819,33,0
19820,33,0
19821,33,0
19822,33,0
19823,33,0
19824,33,0
19825,33,0
19826,33,0
19827,33,0
19828,33,0
19829,33,0
19830,33,0
19831,33,0
19832,33,0
19833,34,0
19834,34,0
19835,34,0
19836,34,0
19837,34,0
19838,34,0
19839,34,0
19840,34,0
19841,34,0
19842,34,0
19843,34,0
19844,34,0
19845,34,0
19846,34,0
19847,34,0
19848,34,0
19849,34,0
19850,34,0
19851,34,0
19852,34,0
19853,34,0
19854,34,0
19855,34,0
19856,34,0
19857,34,0
19858,34,0
19859,34,0
19860,34,0
19861,34,0
19862,34,0
19863,34,0
19864,34,0
19865,34,0
19866,34,0
19867,34,0
19868,33,0
19869,34,0
19870,34,0
19871,34,0
19872,35,0
19873,35,0
19874,34,0
19875,34,0
19876,34,0
19877,34,0
19878,34,0
19879,34,0
19880,34,0
19881,34,0
19882,34,0
19883,35,0
19884,35,0
19885,35,0
19886,35,0
19887,35,0
19888,35,0
19889,35,0
19890,35,0
19891,35,0
19892,35,0
19893,35,0
19894,35,0
19895,35,0
19896,35,0
19897,35,0
19898,35,0
19899,35,0
19900,35,0
19901,35,0
19902,35,0
19903,35,0
19904,35,0
19905,35,0
19906,35,0
19907,35,0
19908,35,0
19909,35,0
19910,35,0
19911,35,0
19912,35,0
19913,35,0
19914,35,0
19915,35,0
19916,35,0
19917,35,0
19918,35,0
19919,35,0
19920,35,0
19921,35,0
19922,35,0
19923,35,0
19924,35,0
19925,35,0
19926,35,0
19927,35,0
19928,35,0
19929,35,0
19930,35,0
19931,35,0
19932,35,0
19933,35,0
19934,35,0
19935,35,0
19936,35,0
19937,35,0
19938,35,0
19939,35,0
19940,34,0
19941,34,0
19942,34,0
19943,34,0
19944,34,0
19945,34,0
19946,34,0
19947,34,0
19948,34,0
19949,34,0
19950,34,0
19951,34,0
19952,34,0
19953,34,0
19954,34,0
19955,34,0
19956,34,0
19957,34,0
19958,34,0
19959,34,0
19960,34,0
19961,34,0
19962,34,0
19963,34,0
19964,34,0
19965,34,0
19966,34,0
19967,34,0
19968,34,0
19969,34,0
19970,34,0
19971,34,0
19972,34,0
19973,34,0
19974,34,0
19975,34,0
19976,34,0
19977,34,0
19978,34,0
19979,34,0
19980,34,0
19981,34,0
19982,34,0
19983,34,0
19984,34,0
19985,34,0
19986,34,0
19987,34,0
19988,34,0
19989,34,0
19990,34,0
19991,34,0
19992,34,0
19993,34,0
19994,34,0
19995,34,0
19996,34,0
19997,34,0
19998,34,0
19999,34,0
