remainingTime,dirtLevel,badDirtLevel
0,0,0
1,0,0
2,0,0
3,0,0
4,1,0
5,1,0
6,1,0
7,1,0
8,1,0
9,1,0
10,1,0
11,1,0
12,1,0
13,1,0
14,1,0
15,1,0
16,1,0
17,1,0
18,1,0
19,1,0
20,1,0
21,1,0
22,1,0
23,1,0
24,1,0
25,1,0
26,1,0
27,1,0
28,1,0
29,1,0
30,1,0
31,1,0
32,1,0
33,1,0
34,1,0
35,1,0
36,1,0
37,1,0
38,1,0
39,2,0
40,2,0
41,2,0
42,2,0
43,2,0
44,2,0
45,2,0
46,2,0
47,2,0
48,2,0
49,2,0
50,2,0
51,2,0
52,2,0
53,2,0
54,2,0
55,2,0
56,2,0
57,2,0
58,2,0
59,2,0
60,2,0
61,2,0
62,2,0
63,2,0
64,2,0
65,2,0
66,2,0
67,2,0
68,2,0
69,2,0
70,2,0
71,2,0
72,2,0
73,2,0
74,2,0
75,2,0
76,2,0
77,2,0
78,2,0
79,2,0
80,2,0
81,2,0
82,2,0
83,2,0
84,2,0
85,2,0
86,2,0
87,2,0
88,2,0
89,2,0
90,2,0
91,2,0
92,2,0
93,2,0
94,2,0
95,2,0
96,2,0
97,2,0
98,2,0
99,2,0
100,2,0
101,2,0
102,2,0
103,2,0
104,2,0
105,2,0
106,2,0
107,2,0
108,2,0
109,2,0
110,2,0
111,2,0
112,2,0
113,2,0
114,2,0
115,2,0
116,2,0
117,2,0
118,2,0
119,2,0
120,2,0
121,2,0
122,2,0
123,2,0
124,2,0
125,2,0
126,2,0
127,2,0
128,2,0
129,2,0
130,2,0
131,2,0
132,2,0
133,2,0
134,2,0
135,2,0
136,2,0
137,2,0
138,2,0
139,2,0
140,2,0
141,3,0
142,3,0
143,3,0
144,3,0
145,3,0
146,3,0
147,3,0
148,3,0
149,3,0
150,3,0
151,3,0
152,3,0
153,3,0
154,3,0
155,3,0
156,3,0
157,3,0
158,3,0
159,3,0
160,3,0
161,3,0
162,3,0
163,3,0
164,3,0
165,3,0
166,3,0
167,3,0
168,3,0
169,3,0
170,3,0
171,3,0
172,3,0
173,3,0
174,3,0
175,3,0
176,3,0
177,3,0
178,3,0
179,3,0
180,3,0
181,3,0
182,3,0
183,3,0
184,3,0
185,3,0
186,3,0
187,3,0
188,3,0
189,3,0
190,3,0
191,3,0
192,3,0
193,3,0
194,3,0
195,3,0
196,3,0
197,3,0
198,3,0
199,3,0
200,3,0
201,3,0
202,3,0
203,3,0
204,3,0
205,3,0
206,3,0
207,3,0
208,3,0
209,3,0
210,3,0
211,3,0
212,3,0
213,3,0
214,3,0
215,3,0
216,3,0
217,3,0
218,3,0
219,3,0
220,3,0
221,3,0
222,4,0
223,4,0
224,4,0
225,4,0
226,4,0
227,4,0
228,4,0
229,4,0
230,4,0
231,4,0
232,4,0
233,4,0
234,4,0
235,4,0
236,4,0
237,4,0
238,4,0
239,4,0
240,4,0
241,4,0
242,4,0
243,4,0
244,4,0
245,4,0
246,4,0
247,4,0
248,3,0
249,3,0
250,3,0
251,3,0
252,3,0
253,3,0
254,3,0
255,3,0
256,3,0
257,3,0
258,3,0
259,3,0
260,3,0
261,3,0
262,3,0
263,3,0
264,3,0
265,3,0
266,3,0
267,3,0
268,3,0
269,3,0
270,3,0
271,3,0
272,3,0
273,3,0
274,3,0
275,3,0
276,3,0
277,3,0
278,3,0
279,3,0
280,3,0
281,3,0
282,3,0
283,3,0
284,3,0
285,3,0
286,3,0
287,3,0
288,3,0
289,3,0
290,3,0
291,3,0
292,3,0
293,3,0
294,3,0
295,3,0
296,3,0
297,3,0
298,3,0
299,3,0
300,3,0
301,3,0
302,3,0
303,3,0
304,3,0
305,3,0
306,3,0
307,3,0
308,3,0
309,3,0
310,3,0
311,3,0
312,3,0
313,3,0
314,3,0
315,3,0
316,3,0
317,3,0
318,3,0
319,3,0
320,3,0
321,4,0
322,4,0
323,4,0
324,4,0
325,4,0
326,4,0
327,4,0
328,4,0
329,4,0
330,4,0
331,4,0
332,4,0
333,4,0
334,4,0
335,4,0
336,4,0
337,4,0
338,4,0
339,4,0
340,4,0
341,4,0
342,4,0
343,4,0
344,4,0
345,4,0
346,4,0
347,4,0
348,4,0
349,4,0
350,4,0
351,4,0
352,4,0
353,4,0
354,4,0
355,4,0
356,4,0
357,4,0
358,4,0
359,4,0
360,4,0
361,4,0
362,4,0
363,4,0
364,4,0
365,4,0
366,4,0
367,4,0
368,4,0
369,4,0
370,4,0
371,4,0
372,4,0
373,4,0
374,4,0
375,4,0
376,4,0
377,4,0
378,4,0
379,4,0
380,4,0
381,4,0
382,4,0
383,4,0
384,4,0
385,4,0
386,4,0
387,4,0
388,4,0
389,4,0
390,4,0
391,4,0
392,4,0
393,4,0
394,4,0
395,4,0
396,4,0
397,4,0
398,4,0
399,4,0
400,4,0
401,4,0
402,4,0
403,4,0
404,4,0
405,4,0
406,4,0
407,4,0
408,4,0
409,4,0
410,4,0
411,4,0
412,4,0
413,4,0
414,4,0
415,4,0
416,4,0
417,4,0
418,4,0
419,4,0
420,4,0
421,4,0
422,4,0
423,4,0
424,4,0
425,4,0
426,4,0
427,4,0
428,4,0
429,4,0
430,4,0
431,4,0
432,4,0
433,4,0
434,4,0
435,4,0
436,4,0
437,4,0
438,4,0
439,4,0
440,4,0
441,4,0
442,4,0
443,4,0
444,4,0
445,4,0
446,4,0
447,4,0
448,4,0
449,4,0
450,4,0
451,4,0
452,4,0
453,4,0
454,4,0
455,4,0
456,4,0
457,4,0
458,4,0
459,4,0
460,4,0
461,4,0
462,4,0
463,4,0
464,4,0
465,3,0
466,3,0
467,3,0
468,3,0
469,3,0
470,3,0
471,3,0
472,3,0
473,3,0
474,3,0
475,3,0
476,3,0
477,3,0
478,3,0
479,3,0
480,3,0
481,3,0
482,3,0
483,3,0
484,3,0
485,3,0
486,3,0
487,4,1
488,4,1
489,4,1
490,4,1
491,4,1
492,4,1
493,4,1
494,4,1
495,4,1
496,4,1
497,4,1
498,4,1
499,4,1
500,4,1
501,4,1
502,4,1
503,4,1
504,4,1
505,4,1
506,4,1
507,4,1
508,4,1
509,4,1
510,4,1
511,4,1
512,4,1
513,4,1
514,4,1
515,4,1
516,4,1
517,4,1
518,4,1
519,4,1
520,4,1
521,4,1
522,4,1
523,4,1
524,4,1
525,5,1
526,5,1
527,5,1
528,5,1
529,5,1
530,5,1
531,5,1
532,5,1
533,5,1
534,5,1
535,5,1
536,5,1
537,5,1
538,5,1
539,5,1
540,5,1
541,5,1
542,5,1
543,5,1
544,5,1
545,5,1
546,5,1
547,5,1
548,5,1
549,5,1
550,5,1
551,5,1
552,5,1
553,5,1
554,5,1
555,5,1
556,5,1
557,5,1
558,5,1
559,5,1
560,5,1
561,5,1
562,5,1
563,5,1
564,5,1
565,5,1
566,5,1
567,5,1
568,5,1
569,5,1
570,5,1
571,5,1
572,5,1
573,5,1
574,5,1
575,5,1
576,5,1
577,5,1
578,5,1
579,5,1
580,5,1
581,5,1
582,5,1
583,5,1
584,5,1
585,5,1
586,5,1
587,5,1
588,5,1
589,5,1
590,5,1
591,5,1
592,5,1
593,5,1
594,5,1
595,5,1
596,5,1
597,5,1
598,5,1
599,5,1
600,5,1
601,5,1
602,5,1
603,5,1
604,5,1
605,5,1
606,6,1
607,6,1
608,6,1
609,6,1
610,6,1
611,6,1
612,6,1
613,6,1
614,6,1
615,6,1
616,5,1
617,5,1
618,5,1
619,5,1
620,5,1
621,5,1
622,5,1
623,5,1
624,5,1
625,5,1
626,5,1
627,5,1
628,5,1
629,5,1
630,6,1
631,6,1
632,6,1
633,6,1
634,6,1
635,6,1
636,6,1
637,6,1
638,6,1
639,6,1
640,6,1
641,6,1
642,6,1
643,6,1
644,6,1
645,6,1
646,5,1
647,5,1
648,5,1
649,5,1
650,5,1
651,5,1
652,5,1
653,5,1
654,5,1
655,5,1
656,5,1
657,5,1
658,5,1
659,5,1
660,5,1
661,5,1
662,5,1
663,5,1
664,5,1
665,5,1
666,5,1
667,5,1
668,5,1
669,5,1
670,5,1
671,5,1
672,5,1
673,5,1
674,5,1
675,5,1
676,5,1
677,5,1
678,5,1
679,5,1
680,5,1
681,5,1
682,5,1
683,5,1
684,5,1
685,5,1
686,5,1
687,5,1
688,5,1
689,5,1
690,5,1
691,5,1
692,5,1
693,5,1
694,5,1
695,5,1
696,5,1
697,5,1
698,5,1
699,5,1
700,5,1
701,5,1
702,5,1
703,5,1
704,5,1
705,5,1
706,5,1
707,5,1
708,5,1
709,5,1
710,5,1
711,5,1
712,5,1
713,5,1
714,5,1
715,5,1
716,5,1
717,5,1
718,5,1
719,5,1
720,5,1
721,5,1
722,5,1
723,5,1
724,5,1
725,5,1
726,5,1
727,5,1
728,5,1
729,5,1
730,5,1
731,5,1
732,5,1
733,5,1
734,5,1
735,5,1
736,5,1
737,5,1
738,5,1
739,5,1
740,5,1
741,5,1
742,5,1
743,5,1
744,5,1
745,5,1
746,5,1
747,5,1
748,5,1
749,5,1
750,5,1
751,5,1
752,5,1
753,5,1
754,5,1
755,5,1
756,5,1
757,5,1
758,5,1
759,5,1
760,5,1
761,5,1
762,5,1
763,5,1
764,5,1
765,5,1
766,5,1
767,5,1
768,5,1
769,5,1
770,5,1
771,5,1
772,5,1
773,5,1
774,5,1
775,5,1
776,5,1
777,5,1
778,5,1
779,5,1
780,5,1
781,5,1
782,5,1
783,5,1
784,5,1
785,5,1
786,5,1
787,5,1
788,5,1
789,5,1
790,5,1
791,5,1
792,5,1
793,5,1
794,5,1
795,5,1
796,5,1
797,5,1
798,5,1
799,5,1
800,5,1
801,5,1
802,5,1
803,5,1
804,5,1
805,5,1
806,5,1
807,5,1
808,5,1
809,5,1
810,5,1
811,5,1
812,5,1
813,5,1
814,5,1
815,5,1
816,5,1
817,5,1
818,5,1
819,5,1
820,5,1
821,5,1
822,5,1
823,5,1
824,5,1
825,5,1
826,5,1
827,5,1
828,5,1
829,5,1
830,5,1
831,5,1
832,5,1
833,5,1
834,5,1
835,5,1
836,5,1
837,5,1
838,5,1
839,5,1
840,5,1
841,5,1
842,5,1
843,5,1
844,5,1
845,5,1
846,5,1
847,5,1
848,5,1
849,5,1
850,5,1
851,5,1
852,5,1
853,5,1
854,5,1
855,5,1
856,5,1
857,5,1
858,5,1
859,5,1
860,5,1
861,5,1
862,5,1
863,5,1
864,5,1
865,5,1
866,5,1
867,5,1
868,5,1
869,5,1
870,5,1
871,5,1
872,5,1
873,5,1
874,5,1
875,5,1
876,5,1
877,5,1
878,5,1
879,5,1
880,5,1
881,4,0
882,4,0
883,4,0
884,4,0
885,4,0
886,4,0
887,4,0
888,4,0
889,4,0
890,4,0
891,4,0
892,4,0
893,4,0
894,4,0
895,4,0
896,4,0
897,4,0
898,4,0
899,4,0
900,4,0
901,4,0
902,4,0
903,4,0
904,4,0
905,4,0
906,4,0
907,4,0
908,4,0
909,4,0
910,4,0
911,4,0
912,4,0
913,4,0
914,4,0
915,4,0
916,4,0
917,4,0
918,4,0
919,4,0
920,4,0
921,4,0
922,4,0
923,4,0
924,4,0
925,4,0
926,4,0
927,4,0
928,4,0
929,4,0
930,4,0
931,4,0
932,4,0
933,4,0
934,5,0
935,5,0
936,5,0
937,5,0
938,4,0
939,4,0
940,4,0
941,4,0
942,4,0
943,4,0
944,4,0
945,4,0
946,4,0
947,4,0
948,4,0
949,4,0
950,4,0
951,4,0
952,4,0
953,4,0
954,4,0
955,4,0
956,4,0
957,4,0
958,4,0
959,4,0
960,4,0
961,4,0
962,4,0
963,4,0
964,4,0
965,4,0
966,4,0
967,4,0
968,4,0
969,4,0
970,4,0
971,4,0
972,4,0
973,4,0
974,4,0
975,4,0
976,4,0
977,4,0
978,4,0
979,4,0
980,4,0
981,4,0
982,4,0
983,4,0
984,4,0
985,4,0
986,4,0
987,4,0
988,4,0
989,4,0
990,4,0
991,4,0
992,4,0
993,4,0
994,4,0
995,4,0
996,4,0
997,4,0
998,4,0
999,4,0
1000,4,0
1001,4,0
1002,4,0
1003,4,0
1004,4,0
1005,4,0
1006,4,0
1007,4,0
1008,4,0
1009,4,0
1010,4,0
1011,4,0
1012,4,0
1013,4,0
1014,4,0
1015,5,0
1016,5,0
1017,5,0
1018,5,0
1019,5,0
1020,5,0
1021,5,0
1022,5,0
1023,6,0
1024,6,0
1025,6,0
1026,6,0
1027,6,0
1028,6,0
1029,6,0
1030,6,0
1031,6,0
1032,6,0
1033,6,0
1034,6,0
1035,6,0
1036,6,0
1037,6,0
1038,6,0
1039,6,0
1040,6,0
1041,6,0
1042,6,0
1043,6,0
1044,6,0
1045,6,0
1046,6,0
1047,6,0
1048,6,0
1049,6,0
1050,6,0
1051,5,0
1052,5,0
1053,5,0
1054,5,0
1055,5,0
1056,5,0
1057,5,0
1058,5,0
1059,5,0
1060,5,0
1061,5,0
1062,5,0
1063,5,0
1064,5,0
1065,5,0
1066,5,0
1067,5,0
1068,5,0
1069,5,0
1070,5,0
1071,5,0
1072,5,0
1073,5,0
1074,5,0
1075,5,0
1076,5,0
1077,5,0
1078,5,0
1079,5,0
1080,5,0
1081,5,0
1082,5,0
1083,5,0
1084,5,0
1085,5,0
1086,5,0
1087,5,0
1088,5,0
1089,5,0
1090,5,0
1091,5,0
1092,5,0
1093,5,0
1094,5,0
1095,5,0
1096,5,0
1097,5,0
1098,5,0
1099,5,0
1100,5,0
1101,5,0
1102,5,0
1103,5,0
1104,5,0
1105,5,0
1106,5,0
1107,5,0
1108,5,0
1109,5,0
1110,5,0
1111,5,0
1112,5,0
1113,5,0
1114,5,0
1115,5,0
1116,5,0
1117,6,0
1118,6,0
1119,6,0
1120,6,0
1121,6,0
1122,6,0
1123,6,0
1124,6,0
1125,6,0
1126,6,0
1127,6,0
1128,6,0
1129,6,0
1130,6,0
1131,6,0
1132,6,0
1133,6,0
1134,6,0
1135,6,0
1136,6,0
1137,6,0
1138,6,0
1139,6,0
1140,7,0
1141,7,0
1142,7,0
1143,7,0
1144,7,0
1145,7,0
1146,7,0
1147,7,0
1148,7,0
1149,7,0
1150,7,0
1151,7,0
1152,7,0
1153,7,0
1154,7,0
1155,7,0
1156,7,0
1157,7,0
1158,7,0
1159,7,0
1160,7,0
1161,7,0
1162,7,0
1163,7,0
1164,7,0
1165,7,0
1166,7,0
1167,7,0
1168,7,0
1169,7,0
1170,7,0
1171,7,0
1172,7,0
1173,7,0
1174,7,0
1175,7,0
1176,8,0
1177,8,0
1178,8,0
1179,8,0
1180,8,0
1181,8,0
1182,8,0
1183,9,0
1184,9,0
1185,9,0
1186,9,0
1187,9,0
1188,9,0
1189,9,0
1190,9,0
1191,9,0
1192,9,0
1193,9,0
1194,9,0
1195,9,0
1196,9,0
1197,9,0
1198,9,0
1199,9,0
1200,9,0
1201,9,0
1202,9,0
1203,9,0
1204,9,0
1205,9,0
1206,9,0
1207,9,0
1208,9,0
1209,9,0
1210,9,0
1211,9,0
1212,9,0
1213,9,0
1214,9,0
1215,9,0
1216,9,0
1217,9,0
1218,9,0
1219,9,0
1220,9,0
1221,9,0
1222,9,0
1223,9,0
1224,9,0
1225,9,0
1226,9,0
1227,9,0
1228,9,0
1229,9,0
1230,9,0
1231,9,0
1232,9,0
1233,9,0
1234,9,0
1235,9,0
1236,9,0
1237,9,0
1238,9,0
1239,9,0
1240,9,0
1241,9,0
1242,9,0
1243,9,0
1244,9,0
1245,9,0
1246,9,0
1247,9,0
1248,9,0
1249,9,0
1250,9,0
1251,9,0
1252,9,0
1253,9,0
1254,9,0
1255,9,0
1256,9,0
1257,9,0
1258,9,0
1259,9,0
1260,9,0
1261,9,0
1262,9,0
1263,9,0
1264,9,0
1265,9,0
1266,9,0
1267,9,0
1268,9,0
1269,9,0
1270,9,0
1271,9,0
1272,9,0
1273,9,0
1274,9,0
1275,9,0
1276,9,0
1277,9,0
1278,9,0
1279,9,0
1280,9,0
1281,9,0
1282,9,0
1283,9,0
1284,9,0
1285,9,0
1286,9,0
1287,9,0
1288,9,0
1289,9,0
1290,9,0
1291,9,0
1292,9,0
1293,9,0
1294,9,0
1295,9,0
1296,9,0
1297,9,0
1298,9,0
1299,9,0
1300,9,0
1301,9,0
1302,9,0
1303,9,0
1304,9,0
1305,9,0
1306,9,0
1307,9,0
1308,9,0
1309,9,0
1310,9,0
1311,9,0
1312,9,0
1313,9,0
1314,9,0
1315,9,0
1316,9,0
1317,9,0
1318,9,0
1319,9,0
1320,9,0
1321,9,0
1322,9,0
1323,9,0
1324,9,0
1325,9,0
1326,9,0
1327,9,0
1328,9,0
1329,9,0
1330,9,0
1331,9,0
1332,9,0
1333,9,0
1334,9,0
1335,9,0
1336,9,0
1337,9,0
1338,9,0
1339,9,0
1340,9,0
1341,9,0
1342,9,0
1343,9,0
1344,9,0
1345,9,0
1346,10,0
1347,10,0
1348,10,0
1349,10,0
1350,10,0
1351,10,0
1352,10,0
1353,10,0
1354,10,0
1355,10,0
1356,10,0
1357,10,0
1358,10,0
1359,10,0
1360,10,0
1361,10,0
1362,10,0
1363,10,0
1364,10,0
1365,10,0
1366,10,0
1367,10,0
1368,10,0
1369,10,0
1370,10,0
1371,10,0
1372,10,0
1373,9,0
1374,9,0
1375,9,0
1376,9,0
1377,9,0
1378,9,0
1379,9,0
1380,9,0
1381,9,0
1382,9,0
1383,9,0
1384,9,0
1385,9,0
1386,9,0
1387,9,0
1388,9,0
1389,9,0
1390,9,0
1391,9,0
1392,9,0
1393,9,0
1394,9,0
1395,9,0
1396,9,0
1397,9,0
1398,9,0
1399,9,0
1400,9,0
1401,9,0
1402,9,0
1403,9,0
1404,9,0
1405,9,0
1406,9,0
1407,9,0
1408,9,0
1409,9,0
1410,9,0
1411,9,0
1412,9,0
1413,9,0
1414,9,0
1415,9,0
1416,9,0
1417,9,0
1418,9,0
1419,9,0
1420,9,0
1421,9,0
1422,9,0
1423,9,0
1424,9,0
1425,9,0
1426,9,0
1427,8,0
1428,9,0
1429,9,0
1430,9,0
1431,9,0
1432,9,0
1433,9,0
1434,9,0
1435,9,0
1436,9,0
1437,9,0
1438,9,0
1439,9,0
1440,9,0
1441,9,0
1442,9,0
1443,9,0
1444,9,0
1445,9,0
1446,9,0
1447,9,0
1448,9,0
1449,9,0
1450,9,0
1451,9,0
1452,9,0
1453,9,0
1454,9,0
1455,9,0
1456,9,0
1457,9,0
1458,9,0
1459,9,0
1460,9,0
1461,9,0
1462,9,0
1463,9,0
1464,9,0
1465,9,0
1466,9,0
1467,9,0
1468,9,0
1469,10,0
1470,10,0
1471,10,0
1472,10,0
1473,10,0
1474,10,0
1475,10,0
1476,10,0
1477,10,0
1478,10,0
1479,10,0
1480,10,0
1481,10,0
1482,10,0
1483,10,0
1484,10,0
1485,10,0
1486,10,0
1487,10,0
1488,10,0
1489,10,0
1490,10,0
1491,10,0
1492,10,0
1493,10,0
1494,10,0
1495,10,0
1496,10,0
1497,10,0
1498,10,0
1499,10,0
1500,10,0
1501,10,0
1502,10,0
1503,10,0
1504,10,0
1505,10,0
1506,10,0
1507,10,0
1508,10,0
1509,10,0
1510,10,0
1511,10,0
1512,10,0
1513,10,0
1514,10,0
1515,10,0
1516,10,0
1517,10,0
1518,10,0
1519,10,0
1520,10,0
1521,10,0
1522,10,0
1523,10,0
1524,10,0
1525,10,0
1526,10,0
1527,10,0
1528,10,0
1529,10,0
1530,10,0
1531,10,0
1532,10,0
1533,10,0
1534,10,0
1535,10,0
1536,10,0
1537,10,0
1538,10,0
1539,10,0
1540,10,0
1541,10,0
1542,10,0
1543,10,0
1544,10,0
1545,10,0
1546,10,0
1547,10,0
1548,10,0
1549,10,0
1550,10,0
1551,10,0
1552,10,0
1553,10,0
1554,10,0
1555,10,0
1556,10,0
1557,10,0
1558,10,0
1559,10,0
1560,10,0
1561,10,0
1562,10,0
1563,11,0
1564,11,0
1565,11,0
1566,11,0
1567,11,0
1568,11,0
1569,11,0
1570,11,0
1571,11,0
1572,11,0
1573,11,0
1574,11,0
1575,11,0
1576,11,0
1577,11,0
1578,11,0
1579,11,0
1580,11,0
1581,11,0
1582,11,0
1583,11,0
1584,11,0
1585,11,0
1586,11,0
1587,11,0
1588,11,0
1589,11,0
1590,11,0
1591,11,0
1592,11,0
1593,11,0
1594,11,0
1595,11,0
1596,11,0
1597,11,0
1598,11,0
1599,11,0
1600,11,0
1601,11,0
1602,11,0
1603,11,0
1604,11,0
1605,11,0
1606,11,0
1607,11,0
1608,11,0
1609,11,0
1610,11,0
1611,11,0
1612,11,0
1613,11,0
1614,11,0
1615,11,0
1616,11,0
1617,11,0
1618,11,0
1619,11,0
1620,11,0
1621,11,0
1622,11,0
1623,11,0
1624,11,0
1625,11,0
1626,11,0
1627,11,0
1628,11,0
1629,11,0
1630,11,0
1631,11,0
1632,11,0
1633,11,0
1634,11,0
1635,11,0
1636,11,0
1637,11,0
1638,11,0
1639,11,0
1640,11,0
1641,11,0
1642,11,0
1643,11,0
1644,11,0
1645,11,0
1646,11,0
1647,11,0
1648,11,0
1649,11,0
1650,11,0
1651,11,0
1652,11,0
1653,11,0
1654,11,0
1655,11,0
1656,11,0
1657,11,0
1658,11,0
1659,11,0
1660,11,0
1661,11,0
1662,11,0
1663,11,0
1664,11,0
1665,11,0
1666,11,0
1667,11,0
1668,11,0
1669,11,0
1670,11,0
1671,11,0
1672,11,0
1673,11,0
1674,11,0
1675,11,0
1676,11,0
1677,11,0
1678,11,0
1679,11,0
1680,11,0
1681,11,0
1682,11,0
1683,11,0
1684,11,0
1685,11,0
1686,11,0
1687,11,0
1688,11,0
1689,11,0
1690,11,0
1691,11,0
1692,11,0
1693,11,0
1694,12,0
1695,11,0
1696,12,0
1697,12,0
1698,12,0
1699,12,0
1700,12,0
1701,12,0
1702,12,0
1703,12,0
1704,12,0
1705,12,0
1706,12,0
1707,12,0
1708,12,0
1709,13,0
1710,13,0
1711,13,0
1712,13,0
1713,13,0
1714,13,0
1715,13,0
1716,13,0
1717,13,0
1718,13,0
1719,13,0
1720,13,0
1721,13,0
1722,13,0
1723,13,0
1724,13,0
1725,13,0
1726,13,0
1727,13,0
1728,13,0
1729,13,0
1730,13,0
1731,13,0
1732,13,0
1733,13,0
1734,13,0
1735,13,0
1736,13,0
1737,13,0
1738,13,0
1739,13,0
1740,13,0
1741,13,0
1742,13,0
1743,13,0
1744,13,0
1745,13,0
1746,13,0
1747,13,0
1748,13,0
1749,13,0
1750,13,0
1751,13,0
1752,13,0
1753,13,0
1754,13,0
1755,13,0
1756,13,0
1757,13,0
1758,13,0
1759,13,0
1760,13,0
1761,13,0
1762,13,0
1763,13,0
1764,13,0
1765,13,0
1766,13,0
1767,13,0
1768,13,0
1769,13,0
1770,13,0
1771,13,0
1772,13,0
1773,13,0
1774,14,0
1775,14,0
1776,14,0
1777,14,0
1778,14,0
1779,14,0
1780,14,0
1781,14,0
1782,14,0
1783,14,0
1784,14,0
1785,14,0
1786,15,0
1787,15,0
1788,15,0
1789,15,0
1790,15,0
1791,15,0
1792,15,0
1793,15,0
1794,14,0
1795,14,0
1796,14,0
1797,14,0
1798,14,0
1799,14,0
1800,14,0
1801,14,0
1802,14,0
1803,14,0
1804,14,0
1805,14,0
1806,14,0
1807,14,0
1808,14,0
1809,14,0
1810,14,0
1811,14,0
1812,14,0
1813,14,0
1814,14,0
1815,14,0
1816,14,0
1817,14,0
1818,14,0
1819,14,0
1820,14,0
1821,14,0
1822,14,0
1823,14,0
1824,14,0
1825,14,0
1826,14,0
1827,13,0
1828,13,0
1829,13,0
1830,13,0
1831,13,0
1832,13,0
1833,13,0
1834,13,0
1835,13,0
1836,13,0
1837,13,0
1838,13,0
1839,13,0
1840,13,0
1841,13,0
1842,13,0
1843,13,0
1844,13,0
1845,13,0
1846,13,0
1847,13,0
1848,13,0
1849,13,0
1850,13,0
1851,13,0
1852,13,0
1853,13,0
1854,13,0
1855,13,0
1856,13,0
1857,13,0
1858,13,0
1859,13,0
1860,13,0
1861,13,0
1862,13,0
1863,13,0
1864,13,0
1865,13,0
1866,13,0
1867,13,0
1868,13,0
1869,13,0
1870,13,0
1871,13,0
1872,13,0
1873,13,0
1874,13,0
1875,13,0
1876,13,0
1877,13,0
1878,13,0
1879,13,0
1880,13,0
1881,13,0
1882,13,0
1883,13,0
1884,13,0
1885,13,0
1886,13,0
1887,13,0
1888,13,0
1889,13,0
1890,13,0
1891,13,0
1892,13,0
1893,13,0
1894,13,0
1895,13,0
1896,13,0
1897,13,0
1898,13,0
1899,13,0
1900,13,0
1901,13,0
1902,13,0
1903,13,0
1904,13,0
1905,13,0
1906,13,0
1907,13,0
1908,13,0
1909,13,0
1910,13,0
1911,13,0
1912,13,0
1913,13,0
1914,13,0
1915,13,0
1916,13,0
1917,13,0
1918,13,0
1919,13,0
1920,13,0
1921,13,0
1922,13,0
1923,13,0
1924,13,0
1925,13,0
1926,13,0
1927,13,0
1928,13,0
1929,13,0
1930,13,0
1931,13,0
1932,13,0
1933,13,0
1934,13,0
1935,13,0
1936,13,0
1937,13,0
1938,13,0
1939,13,0
1940,13,0
1941,13,0
1942,13,0
1943,13,0
1944,13,0
1945,13,0
1946,13,0
1947,13,0
1948,13,0
1949,13,0
1950,13,0
1951,13,0
1952,13,0
1953,13,0
1954,13,0
1955,13,0
1956,13,0
1957,13,0
1958,13,0
1959,12,0
1960,12,0
1961,12,0
1962,12,0
1963,12,0
1964,12,0
1965,12,0
1966,12,0
1967,12,0
1968,12,0
1969,12,0
1970,12,0
1971,12,0
1972,12,0
1973,12,0
1974,12,0
1975,13,0
1976,13,0
1977,13,0
1978,13,0
1979,13,0
1980,13,0
1981,13,0
1982,14,0
1983,14,0
1984,14,0
1985,14,0
1986,14,0
1987,14,0
1988,14,0
1989,14,0
1990,14,0
1991,14,0
1992,14,0
1993,14,0
1994,14,0
1995,14,0
1996,14,0
1997,14,0
1998,14,0
1999,14,0
2000,14,0
2001,14,0
2002,14,0
2003,14,0
2004,14,0
2005,14,0
2006,14,0
2007,14,0
2008,14,0
2009,14,0
2010,14,0
2011,14,0
2012,14,0
2013,14,0
2014,14,0
2015,14,0
2016,14,0
2017,14,0
2018,14,0
2019,14,0
2020,14,0
2021,14,0
2022,14,0
2023,14,0
2024,14,0
2025,14,0
2026,14,0
2027,14,0
2028,14,0
2029,14,0
2030,14,0
2031,14,0
2032,14,0
2033,14,0
2034,14,0
2035,14,0
2036,14,0
2037,14,0
2038,14,0
2039,14,0
2040,14,0
2041,14,0
2042,14,0
2043,14,0
2044,14,0
2045,14,0
2046,14,0
2047,14,0
2048,14,0
2049,14,0
2050,14,0
2051,14,0
2052,14,0
2053,14,0
2054,14,0
2055,14,0
2056,14,0
2057,14,0
2058,14,0
2059,14,0
2060,14,0
2061,14,0
2062,14,0
2063,14,0
2064,14,0
2065,14,0
2066,14,0
2067,14,0
2068,14,0
2069,14,0
2070,14,0
2071,14,0
2072,14,0
2073,14,0
2074,13,0
2075,13,0
2076,13,0
2077,13,0
2078,13,0
2079,13,0
2080,13,0
2081,13,0
2082,13,0
2083,13,0
2084,13,0
2085,13,0
2086,13,0
2087,13,0
2088,13,0
2089,13,0
2090,13,0
2091,13,0
2092,13,0
2093,13,0
2094,13,0
2095,13,0
2096,13,0
2097,13,0
2098,13,0
2099,13,0
2100,13,0
2101,13,0
2102,13,0
2103,13,0
2104,13,0
2105,13,0
2106,13,0
2107,13,0
2108,13,0
2109,13,0
2110,13,0
2111,13,0
2112,13,0
2113,13,0
2114,13,0
2115,13,0
2116,13,0
2117,13,0
2118,13,0
2119,13,0
2120,13,0
2121,13,0
2122,13,0
2123,14,0
2124,14,0
2125,15,0
2126,15,0
2127,15,0
2128,15,0
2129,16,0
2130,16,0
2131,16,0
2132,16,0
2133,16,0
2134,16,0
2135,16,0
2136,16,0
2137,16,0
2138,16,0
2139,16,0
2140,16,0
2141,16,0
2142,16,0
2143,16,0
2144,17,0
2145,17,0
2146,17,0
2147,17,0
2148,17,0
2149,17,0
2150,17,0
2151,17,0
2152,17,0
2153,17,0
2154,17,0
2155,17,0
2156,17,0
2157,18,0
2158,18,0
2159,18,0
2160,18,0
2161,18,0
2162,18,0
2163,18,0
2164,18,0
2165,18,0
2166,18,0
2167,18,0
2168,18,0
2169,18,0
2170,18,0
2171,18,0
2172,18,0
2173,18,0
2174,18,0
2175,18,0
2176,18,0
2177,18,0
2178,18,0
2179,18,0
2180,18,0
2181,18,0
2182,18,0
2183,18,0
2184,18,0
2185,18,0
2186,18,0
2187,18,0
2188,18,0
2189,18,0
2190,18,0
2191,18,0
2192,18,0
2193,18,0
2194,18,0
2195,18,0
2196,18,0
2197,18,0
2198,18,0
2199,18,0
2200,18,0
2201,18,0
2202,18,0
2203,18,0
2204,18,0
2205,18,0
2206,18,0
2207,18,0
2208,17,0
2209,17,0
2210,18,0
2211,18,0
2212,18,0
2213,18,0
2214,18,0
2215,18,0
2216,18,0
2217,18,0
2218,18,0
2219,18,0
2220,18,0
2221,18,0
2222,18,0
2223,18,0
2224,18,0
2225,18,0
2226,18,0
2227,18,0
2228,18,0
2229,18,0
2230,18,0
2231,18,0
2232,18,0
2233,18,0
2234,18,0
2235,18,0
2236,18,0
2237,18,0
2238,18,0
2239,18,0
2240,18,0
2241,18,0
2242,18,0
2243,18,0
2244,18,0
2245,18,0
2246,18,0
2247,18,0
2248,18,0
2249,18,0
2250,18,0
2251,18,0
2252,18,0
2253,18,0
2254,18,0
2255,18,0
2256,18,0
2257,18,0
2258,18,0
2259,18,0
2260,18,0
2261,18,0
2262,18,0
2263,18,0
2264,18,0
2265,18,0
2266,18,0
2267,18,0
2268,18,0
2269,18,0
2270,18,0
2271,18,0
2272,18,0
2273,18,0
2274,18,0
2275,18,0
2276,18,0
2277,18,0
2278,18,0
2279,18,0
2280,18,0
2281,18,0
2282,18,0
2283,18,0
2284,19,0
2285,19,0
2286,19,0
2287,19,0
2288,19,0
2289,19,0
2290,19,0
2291,19,0
2292,19,0
2293,19,0
2294,19,0
2295,19,0
2296,19,0
2297,19,0
2298,19,0
2299,19,0
2300,19,0
2301,19,0
2302,19,0
2303,19,0
2304,19,0
2305,19,0
2306,19,0
2307,19,0
2308,19,0
2309,19,0
2310,19,0
2311,19,0
2312,19,0
2313,19,0
2314,19,0
2315,19,0
2316,19,0
2317,19,0
2318,19,0
2319,19,0
2320,19,0
2321,19,0
2322,18,0
2323,18,0
2324,18,0
2325,18,0
2326,18,0
2327,18,0
2328,18,0
2329,18,0
2330,18,0
2331,18,0
2332,18,0
2333,18,0
2334,18,0
2335,18,0
2336,18,0
2337,18,0
2338,18,0
2339,18,0
2340,18,0
2341,18,0
2342,17,0
2343,17,0
2344,17,0
2345,17,0
2346,17,0
2347,17,0
2348,17,0
2349,17,0
2350,17,0
2351,17,0
2352,17,0
2353,17,0
2354,17,0
2355,17,0
2356,17,0
2357,17,0
2358,17,0
2359,17,0
2360,17,0
2361,17,0
2362,17,0
2363,17,0
2364,17,0
2365,17,0
2366,17,0
2367,17,0
2368,17,0
2369,17,0
2370,17,0
2371,17,0
2372,17,0
2373,17,0
2374,17,0
2375,17,0
2376,17,0
2377,17,0
2378,17,0
2379,17,0
2380,17,0
2381,17,0
2382,17,0
2383,17,0
2384,17,0
2385,18,0
2386,18,0
2387,19,0
2388,19,0
2389,19,0
2390,19,0
2391,19,0
2392,19,0
2393,19,0
2394,19,0
2395,19,0
2396,19,0
2397,19,0
2398,19,0
2399,19,0
2400,19,0
2401,19,0
2402,19,0
2403,19,0
2404,19,0
2405,19,0
2406,19,0
2407,19,0
2408,19,0
2409,19,0
2410,19,0
2411,19,0
2412,19,0
2413,19,0
2414,19,0
2415,19,0
2416,19,0
2417,19,0
2418,19,0
2419,19,0
2420,19,0
2421,19,0
2422,19,0
2423,19,0
2424,19,0
2425,19,0
2426,19,0
2427,19,0
2428,19,0
2429,19,0
2430,19,0
2431,19,0
2432,19,0
2433,19,0
2434,19,0
2435,19,0
2436,19,0
2437,19,0
2438,19,0
2439,19,0
2440,19,0
2441,19,0
2442,19,0
2443,19,0
2444,19,0
2445,19,0
2446,19,0
2447,19,0
2448,19,0
2449,19,0
2450,19,0
2451,19,0
2452,19,0
2453,19,0
2454,19,0
2455,19,0
2456,19,0
2457,19,0
2458,19,0
2459,19,0
2460,19,0
2461,19,0
2462,19,0
2463,19,0
2464,19,0
2465,19,0
2466,19,0
2467,19,0
2468,20,0
2469,20,0
2470,20,0
2471,20,0
2472,20,0
2473,20,0
2474,20,0
2475,20,0
2476,20,0
2477,20,0
2478,20,0
2479,20,0
2480,20,0
2481,20,0
2482,20,0
2483,20,0
2484,20,0
2485,20,0
2486,20,0
2487,20,0
2488,20,0
2489,20,0
2490,20,0
2491,20,0
2492,20,0
2493,20,0
2494,20,0
2495,20,0
2496,20,0
2497,20,0
2498,20,0
2499,21,0
2500,21,0
2501,21,0
2502,21,0
2503,21,0
2504,21,0
2505,21,0
2506,21,0
2507,21,0
2508,21,0
2509,21,0
2510,21,0
2511,21,0
2512,22,0
2513,22,0
2514,22,0
2515,22,0
2516,22,0
2517,22,0
2518,22,0
2519,22,0
2520,22,0
2521,22,0
2522,22,0
2523,22,0
2524,22,0
2525,22,0
2526,22,0
2527,22,0
2528,22,0
2529,22,0
2530,22,0
2531,22,0
2532,22,0
2533,22,0
2534,22,0
2535,22,0
2536,22,0
2537,22,0
2538,22,0
2539,22,0
2540,22,0
2541,22,0
2542,22,0
2543,22,0
2544,22,0
2545,22,0
2546,22,0
2547,22,0
2548,22,0
2549,22,0
2550,22,0
2551,22,0
2552,22,0
2553,22,0
2554,22,0
2555,22,0
2556,22,0
2557,22,0
2558,22,0
2559,22,0
2560,22,0
2561,22,0
2562,22,0
2563,22,0
2564,22,0
2565,22,0
2566,22,0
2567,22,0
2568,22,0
2569,22,0
2570,22,0
2571,22,0
2572,22,0
2573,22,0
2574,22,0
2575,22,0
2576,22,0
2577,22,0
2578,22,0
2579,22,0
2580,22,0
2581,22,0
2582,22,0
2583,22,0
2584,22,0
2585,22,0
2586,22,0
2587,22,0
2588,22,0
2589,22,0
2590,22,0
2591,22,0
2592,22,0
2593,22,0
2594,22,0
2595,22,0
2596,22,0
2597,22,0
2598,22,0
2599,22,0
2600,22,0
2601,22,0
2602,22,0
2603,22,0
2604,22,0
2605,22,0
2606,22,0
2607,22,0
2608,22,0
2609,22,0
2610,22,0
2611,22,0
2612,22,0
2613,22,0
2614,22,0
2615,22,0
2616,22,0
2617,22,0
2618,22,0
2619,22,0
2620,22,0
2621,22,0
2622,22,0
2623,22,0
2624,22,0
2625,22,0
2626,22,0
2627,22,0
2628,22,0
2629,22,0
2630,22,0
2631,22,0
2632,22,0
2633,22,0
2634,22,0
2635,22,0
2636,22,0
2637,22,0
2638,22,0
2639,22,0
2640,22,0
2641,22,0
2642,22,0
2643,22,0
2644,22,0
2645,22,0
2646,22,0
2647,22,0
2648,22,0
2649,22,0
2650,22,0
2651,22,0
2652,22,0
2653,22,0
2654,22,0
2655,22,0
2656,22,0
2657,22,0
2658,22,0
2659,22,0
2660,22,0
2661,22,0
2662,22,0
2663,22,0
2664,22,0
2665,22,0
2666,22,0
2667,22,0
2668,22,0
2669,22,0
2670,22,0
2671,22,0
2672,22,0
2673,22,0
2674,22,0
2675,22,0
2676,22,0
2677,22,0
2678,22,0
2679,22,0
2680,22,0
2681,22,0
2682,22,0
2683,22,0
2684,22,0
2685,22,0
2686,22,0
2687,22,0
2688,22,0
2689,22,0
2690,22,0
2691,22,0
2692,22,0
2693,22,0
2694,22,0
2695,22,0
2696,22,0
2697,22,0
2698,22,0
2699,22,0
2700,22,0
2701,22,0
2702,22,0
2703,22,0
2704,22,0
2705,22,0
2706,22,0
2707,22,0
2708,22,0
2709,22,0
2710,22,0
2711,22,0
2712,22,0
2713,22,0
2714,22,0
2715,22,0
2716,22,0
2717,22,0
2718,22,0
2719,22,0
2720,22,0
2721,22,0
2722,22,0
2723,22,0
2724,22,0
2725,23,0
2726,23,0
2727,23,0
2728,23,0
2729,23,0
2730,23,0
2731,23,0
2732,23,0
2733,24,0
2734,24,0
2735,24,0
2736,24,0
2737,24,0
2738,24,0
2739,24,0
2740,24,0
2741,24,0
2742,24,0
2743,24,0
2744,24,0
2745,24,0
2746,24,0
2747,24,0
2748,24,0
2749,24,0
2750,24,0
2751,24,0
2752,24,0
2753,24,0
2754,24,0
2755,24,0
2756,24,0
2757,24,0
2758,24,0
2759,24,0
2760,24,0
2761,24,0
2762,24,0
2763,24,0
2764,24,0
2765,24,0
2766,24,0
2767,24,0
2768,24,0
2769,24,0
2770,24,0
2771,24,0
2772,24,0
2773,24,0
2774,24,0
2775,24,0
2776,24,0
2777,24,0
2778,24,0
2779,25,0
2780,25,0
2781,25,0
2782,26,0
2783,26,0
2784,26,0
2785,26,0
2786,26,0
2787,26,0
2788,26,0
2789,26,0
2790,26,0
2791,26,0
2792,26,0
2793,26,0
2794,26,0
2795,26,0
2796,26,0
2797,26,0
2798,26,0
2799,26,0
2800,26,0
2801,26,0
2802,26,0
2803,26,0
2804,26,0
2805,26,0
2806,26,0
2807,26,0
2808,26,0
2809,26,0
2810,26,0
2811,26,0
2812,26,0
2813,26,0
2814,26,0
2815,26,0
2816,26,0
2817,26,0
2818,26,0
2819,26,0
2820,26,0
2821,26,0
2822,26,0
2823,26,0
2824,26,0
2825,26,0
2826,26,0
2827,26,0
2828,26,0
2829,26,0
2830,26,0
2831,26,0
2832,26,0
2833,26,0
2834,26,0
2835,26,0
2836,26,0
2837,26,0
2838,26,0
2839,26,0
2840,26,0
2841,26,0
2842,26,0
2843,26,0
2844,26,0
2845,26,0
2846,27,0
2847,27,0
2848,28,0
2849,28,0
2850,27,0
2851,27,0
2852,27,0
2853,27,0
2854,27,0
2855,27,0
2856,27,0
2857,27,0
2858,27,0
2859,27,0
2860,27,0
2861,27,0
2862,27,0
2863,27,0
2864,27,0
2865,27,0
2866,27,0
2867,27,0
2868,27,0
2869,27,0
2870,27,0
2871,27,0
2872,27,0
2873,27,0
2874,27,0
2875,27,0
2876,27,0
2877,27,0
2878,27,0
2879,27,0
2880,27,0
2881,27,0
2882,27,0
2883,27,0
2884,27,0
2885,27,0
2886,27,0
2887,27,0
2888,27,0
2889,27,0
2890,27,0
2891,27,0
2892,27,0
2893,27,0
2894,27,0
2895,27,0
2896,27,0
2897,27,0
2898,28,0
2899,28,0
2900,28,0
2901,28,0
2902,28,0
2903,28,0
2904,28,0
2905,28,0
2906,28,0
2907,28,0
2908,28,0
2909,28,0
2910,28,0
2911,28,0
2912,28,0
2913,28,0
2914,28,0
2915,28,0
2916,28,0
2917,28,0
2918,28,0
2919,28,0
2920,28,0
2921,28,0
2922,28,0
2923,28,0
2924,28,0
2925,28,0
2926,28,0
2927,28,0
2928,28,0
2929,28,0
2930,28,0
2931,28,0
2932,28,0
2933,28,0
2934,28,0
2935,28,0
2936,28,0
2937,28,0
2938,28,0
2939,28,0
2940,28,0
2941,28,0
2942,28,0
2943,28,0
2944,28,0
2945,28,0
2946,28,0
2947,28,0
2948,28,0
2949,28,0
2950,28,0
2951,28,0
2952,28,0
2953,28,0
2954,28,0
2955,28,0
2956,28,0
2957,28,0
2958,28,0
2959,28,0
2960,28,0
2961,28,0
2962,28,0
2963,28,0
2964,28,0
2965,29,0
2966,29,0
2967,29,0
2968,29,0
2969,29,0
2970,29,0
2971,29,0
2972,29,0
2973,29,0
2974,29,0
2975,29,0
2976,29,0
2977,29,0
2978,29,0
2979,29,0
2980,29,0
2981,29,0
2982,29,0
2983,29,0
2984,29,0
2985,29,0
2986,29,0
2987,29,0
2988,29,0
2989,29,0
2990,29,0
2991,29,0
2992,29,0
2993,29,0
2994,29,0
2995,29,0
2996,29,0
2997,29,0
2998,29,0
2999,29,0
3000,29,0
3001,29,0
3002,29,0
3003,29,0
3004,29,0
3005,29,0
3006,29,0
3007,29,0
3008,29,0
3009,29,0
3010,29,0
3011,29,0
3012,29,0
3013,29,0
3014,29,0
3015,28,0
3016,28,0
3017,28,0
3018,28,0
3019,28,0
3020,28,0
3021,28,0
3022,28,0
3023,28,0
3024,28,0
3025,28,0
3026,28,0
3027,28,0
3028,28,0
3029,28,0
3030,28,0
3031,28,0
3032,28,0
3033,28,0
3034,28,0
3035,28,0
3036,28,0
3037,28,0
3038,28,0
3039,28,0
3040,28,0
3041,28,0
3042,28,0
3043,28,0
3044,28,0
3045,28,0
3046,28,0
3047,28,0
3048,28,0
3049,28,0
3050,28,0
3051,28,0
3052,28,0
3053,28,0
3054,28,0
3055,28,0
3056,28,0
3057,28,0
3058,28,0
3059,28,0
3060,28,0
3061,28,0
3062,28,0
3063,28,0
3064,28,0
3065,28,0
3066,28,0
3067,28,0
3068,28,0
3069,28,0
3070,28,0
3071,28,0
3072,28,0
3073,28,0
3074,28,0
3075,28,0
3076,28,0
3077,28,0
3078,28,0
3079,28,0
3080,28,0
3081,28,0
3082,28,0
3083,28,0
3084,28,0
3085,28,0
3086,28,0
3087,28,0
3088,28,0
3089,28,0
3090,28,0
3091,28,0
3092,28,0
3093,28,0
3094,28,0
3095,28,0
3096,28,0
3097,28,0
3098,28,0
3099,28,0
3100,28,0
3101,28,0
3102,28,0
3103,28,0
3104,28,0
3105,28,0
3106,28,0
3107,28,0
3108,28,0
3109,28,0
3110,29,0
3111,29,0
3112,29,0
3113,29,0
3114,28,0
3115,28,0
3116,28,0
3117,28,0
3118,28,0
3119,28,0
3120,28,0
3121,28,0
3122,28,0
3123,28,0
3124,28,0
3125,28,0
3126,28,0
3127,28,0
3128,28,0
3129,28,0
3130,28,0
3131,28,0
3132,28,0
3133,28,0
3134,28,0
3135,28,0
3136,28,0
3137,28,0
3138,28,0
3139,28,0
3140,28,0
3141,28,0
3142,28,0
3143,28,0
3144,28,0
3145,28,0
3146,28,0
3147,28,0
3148,28,0
3149,28,0
3150,28,0
3151,28,0
3152,28,0
3153,28,0
3154,28,0
3155,28,0
3156,28,0
3157,28,0
3158,28,0
3159,28,0
3160,28,0
3161,28,0
3162,28,0
3163,28,0
3164,28,0
3165,28,0
3166,28,0
3167,28,0
3168,28,0
3169,28,0
3170,28,0
3171,28,0
3172,28,0
3173,28,0
3174,28,0
3175,28,0
3176,28,0
3177,28,0
3178,28,0
3179,28,0
3180,28,0
3181,28,0
3182,28,0
3183,28,0
3184,28,0
3185,28,0
3186,28,0
3187,28,0
3188,28,0
3189,28,0
3190,28,0
3191,28,0
3192,28,0
3193,28,0
3194,28,0
3195,28,0
3196,28,0
3197,28,0
3198,28,0
3199,28,0
3200,28,0
3201,28,0
3202,28,0
3203,28,0
3204,28,0
3205,28,0
3206,28,0
3207,28,0
3208,28,0
3209,28,0
3210,28,0
3211,28,0
3212,28,0
3213,29,0
3214,29,0
3215,29,0
3216,29,0
3217,29,0
3218,29,0
3219,29,0
3220,29,0
3221,29,0
3222,29,0
3223,29,0
3224,29,0
3225,29,0
3226,29,0
3227,29,0
3228,29,0
3229,29,0
3230,29,0
3231,29,0
3232,29,0
3233,29,0
3234,29,0
3235,29,0
3236,29,0
3237,29,0
3238,29,0
3239,29,0
3240,29,0
3241,29,0
3242,29,0
3243,29,0
3244,29,0
3245,29,0
3246,29,0
3247,29,0
3248,29,0
3249,29,0
3250,29,0
3251,29,0
3252,29,0
3253,29,0
3254,29,0
3255,29,0
3256,29,0
3257,29,0
3258,29,0
3259,29,0
3260,29,0
3261,29,0
3262,29,0
3263,29,0
3264,29,0
3265,29,0
3266,29,0
3267,29,0
3268,29,0
3269,29,0
3270,29,0
3271,29,0
3272,29,0
3273,29,0
3274,29,0
3275,29,0
3276,29,0
3277,29,0
3278,29,0
3279,29,0
3280,29,0
3281,29,0
3282,29,0
3283,29,0
3284,29,0
3285,29,0
3286,29,0
3287,29,0
3288,29,0
3289,29,0
3290,29,0
3291,29,0
3292,29,0
3293,29,0
3294,29,0
3295,29,0
3296,29,0
3297,29,0
3298,29,0
3299,29,0
3300,29,0
3301,29,0
3302,29,0
3303,29,0
3304,29,0
3305,29,0
3306,29,0
3307,30,0
3308,30,0
3309,30,0
3310,30,0
3311,30,0
3312,30,0
3313,30,0
3314,30,0
3315,30,0
3316,30,0
3317,30,0
3318,30,0
3319,30,0
3320,30,0
3321,30,0
3322,30,0
3323,30,0
3324,30,0
3325,30,0
3326,30,0
3327,30,0
3328,30,0
3329,30,0
3330,30,0
3331,30,0
3332,30,0
3333,30,0
3334,30,0
3335,30,0
3336,30,0
3337,30,0
3338,30,0
3339,30,0
3340,30,0
3341,30,0
3342,30,0
3343,30,0
3344,30,0
3345,31,0
3346,31,0
3347,31,0
3348,31,0
3349,31,0
3350,31,0
3351,31,0
3352,31,0
3353,31,0
3354,31,0
3355,31,0
3356,31,0
3357,31,0
3358,31,0
3359,31,0
3360,31,0
3361,31,0
3362,31,0
3363,31,0
3364,31,0
3365,31,0
3366,31,0
3367,31,0
3368,31,0
3369,31,0
3370,31,0
3371,31,0
3372,31,0
3373,31,0
3374,31,0
3375,31,0
3376,31,0
3377,31,0
3378,31,0
3379,31,0
3380,31,0
3381,31,0
3382,31,0
3383,31,0
3384,31,0
3385,31,0
3386,31,0
3387,31,0
3388,31,0
3389,31,0
3390,32,0
3391,32,0
3392,32,0
3393,32,0
3394,32,0
3395,32,0
3396,32,0
3397,32,0
3398,32,0
3399,32,0
3400,32,0
3401,32,0
3402,32,0
3403,32,0
3404,32,0
3405,32,0
3406,32,0
3407,32,0
3408,32,0
3409,32,0
3410,32,0
3411,32,0
3412,32,0
3413,32,0
3414,32,0
3415,32,0
3416,32,0
3417,32,0
3418,32,0
3419,32,0
3420,32,0
3421,32,0
3422,32,0
3423,32,0
3424,32,0
3425,32,0
3426,32,0
3427,32,0
3428,32,0
3429,32,0
3430,32,0
3431,32,0
3432,32,0
3433,32,0
3434,32,0
3435,32,0
3436,32,0
3437,32,0
3438,32,0
3439,32,0
3440,32,0
3441,32,0
3442,32,0
3443,32,0
3444,32,0
3445,32,0
3446,32,0
3447,32,0
3448,32,0
3449,32,0
3450,32,0
3451,32,0
3452,32,0
3453,32,0
3454,32,0
3455,32,0
3456,32,0
3457,32,0
3458,32,0
3459,32,0
3460,32,0
3461,32,0
3462,32,0
3463,32,0
3464,32,0
3465,32,0
3466,32,0
3467,32,0
3468,32,0
3469,32,0
3470,32,0
3471,32,0
3472,32,0
3473,32,0
3474,32,0
3475,32,0
3476,31,0
3477,31,0
3478,31,0
3479,31,0
3480,31,0
3481,31,0
3482,31,0
3483,31,0
3484,31,0
3485,31,0
3486,31,0
3487,31,0
3488,31,0
3489,31,0
3490,31,0
3491,31,0
3492,31,0
3493,31,0
3494,31,0
3495,31,0
3496,31,0
3497,31,0
3498,31,0
3499,31,0
3500,31,0
3501,31,0
3502,31,0
3503,31,0
3504,31,0
3505,31,0
3506,31,0
3507,31,0
3508,31,0
3509,31,0
3510,30,0
3511,30,0
3512,30,0
3513,30,0
3514,30,0
3515,30,0
3516,30,0
3517,30,0
3518,30,0
3519,30,0
3520,30,0
3521,30,0
3522,30,0
3523,30,0
3524,30,0
3525,30,0
3526,30,0
3527,30,0
3528,30,0
3529,30,0
3530,30,0
3531,30,0
3532,30,0
3533,30,0
3534,30,0
3535,30,0
3536,30,0
3537,30,0
3538,30,0
3539,30,0
3540,30,0
3541,30,0
3542,30,0
3543,30,0
3544,30,0
3545,30,0
3546,30,0
3547,30,0
3548,30,0
3549,30,0
3550,30,0
3551,30,0
3552,30,0
3553,30,0
3554,30,0
3555,30,0
3556,30,0
3557,30,0
3558,30,0
3559,30,0
3560,30,0
3561,30,0
3562,30,0
3563,30,0
3564,30,0
3565,30,0
3566,30,0
3567,30,0
3568,30,0
3569,30,0
3570,30,0
3571,30,0
3572,30,0
3573,30,0
3574,30,0
3575,30,0
3576,29,0
3577,30,0
3578,30,0
3579,30,0
3580,30,0
3581,30,0
3582,30,0
3583,30,0
3584,30,0
3585,30,0
3586,30,0
3587,30,0
3588,30,0
3589,30,0
3590,30,0
3591,30,0
3592,30,0
3593,30,0
3594,30,0
3595,30,0
3596,30,0
3597,30,0
3598,30,0
3599,30,0
3600,30,0
3601,30,0
3602,30,0
3603,30,0
3604,30,0
3605,30,0
3606,30,0
3607,30,0
3608,30,0
3609,30,0
3610,30,0
3611,30,0
3612,30,0
3613,30,0
3614,30,0
3615,30,0
3616,30,0
3617,30,0
3618,30,0
3619,30,0
3620,30,0
3621,30,0
3622,30,0
3623,30,0
3624,30,0
3625,30,0
3626,30,0
3627,30,0
3628,30,0
3629,30,0
3630,30,0
3631,30,0
3632,30,0
3633,30,0
3634,30,0
3635,30,0
3636,30,0
3637,30,0
3638,30,0
3639,30,0
3640,30,0
3641,30,0
3642,30,0
3643,30,0
3644,29,0
3645,29,0
3646,29,0
3647,29,0
3648,29,0
3649,29,0
3650,29,0
3651,29,0
3652,29,0
3653,29,0
3654,29,0
3655,29,0
3656,29,0
3657,29,0
3658,29,0
3659,29,0
3660,29,0
3661,29,0
3662,29,0
3663,29,0
3664,29,0
3665,29,0
3666,29,0
3667,29,0
3668,29,0
3669,29,0
3670,29,0
3671,29,0
3672,29,0
3673,29,0
3674,29,0
3675,29,0
3676,29,0
3677,29,0
3678,29,0
3679,29,0
3680,29,0
3681,29,0
3682,29,0
3683,29,0
3684,29,0
3685,29,0
3686,29,0
3687,29,0
3688,29,0
3689,29,0
3690,29,0
3691,29,0
3692,29,0
3693,29,0
3694,29,0
3695,29,0
3696,29,0
3697,29,0
3698,29,0
3699,29,0
3700,29,0
3701,29,0
3702,29,0
3703,29,0
3704,29,0
3705,29,0
3706,29,0
3707,29,0
3708,29,0
3709,29,0
3710,29,0
3711,29,0
3712,29,0
3713,29,0
3714,29,0
3715,29,0
3716,29,0
3717,29,0
3718,29,0
3719,29,0
3720,29,0
3721,29,0
3722,29,0
3723,29,0
3724,29,0
3725,29,0
3726,29,0
3727,29,0
3728,29,0
3729,29,0
3730,29,0
3731,29,0
3732,29,0
3733,29,0
3734,29,0
3735,29,0
3736,29,0
3737,29,0
3738,29,0
3739,29,0
3740,29,0
3741,29,0
3742,29,0
3743,29,0
3744,29,0
3745,29,0
3746,29,0
3747,29,0
3748,29,0
3749,29,0
3750,29,0
3751,29,0
3752,29,0
3753,29,0
3754,29,0
3755,29,0
3756,29,0
3757,29,0
3758,29,0
3759,29,0
3760,29,0
3761,29,0
3762,29,0
3763,29,0
3764,29,0
3765,29,0
3766,29,0
3767,29,0
3768,29,0
3769,29,0
3770,29,0
3771,29,0
3772,29,0
3773,29,0
3774,29,0
3775,29,0
3776,29,0
3777,29,0
3778,29,0
3779,29,0
3780,29,0
3781,29,0
3782,29,0
3783,29,0
3784,29,0
3785,29,0
3786,29,0
3787,29,0
3788,29,0
3789,29,0
3790,29,0
3791,29,0
3792,29,0
3793,29,0
3794,29,0
3795,29,0
3796,29,0
3797,29,0
3798,29,0
3799,29,0
3800,29,0
3801,29,0
3802,29,0
3803,29,0
3804,29,0
3805,29,0
3806,29,0
3807,29,0
3808,29,0
3809,29,0
3810,29,0
3811,29,0
3812,29,0
3813,29,0
3814,29,0
3815,29,0
3816,29,0
3817,29,0
3818,29,0
3819,29,0
3820,29,0
3821,29,0
3822,29,0
3823,29,0
3824,29,0
3825,29,0
3826,29,0
3827,29,0
3828,29,0
3829,29,0
3830,29,0
3831,29,0
3832,29,0
3833,29,0
3834,29,0
3835,29,0
3836,29,0
3837,29,0
3838,29,0
3839,29,0
3840,29,0
3841,29,0
3842,29,0
3843,29,0
3844,29,0
3845,29,0
3846,29,0
3847,29,0
3848,29,0
3849,29,0
3850,29,0
3851,29,0
3852,29,0
3853,29,0
3854,29,0
3855,29,0
3856,29,0
3857,29,0
3858,29,0
3859,29,0
3860,29,0
3861,29,0
3862,29,0
3863,29,0
3864,29,0
3865,29,0
3866,29,0
3867,29,0
3868,29,0
3869,29,0
3870,29,0
3871,29,0
3872,29,0
3873,29,0
3874,29,0
3875,29,0
3876,29,0
3877,30,0
3878,30,0
3879,30,0
3880,30,0
3881,30,0
3882,30,0
3883,30,0
3884,30,0
3885,30,0
3886,30,0
3887,30,0
3888,30,0
3889,30,0
3890,30,0
3891,30,0
3892,30,0
3893,30,0
3894,30,0
3895,30,0
3896,30,0
3897,30,0
3898,30,0
3899,30,0
3900,30,0
3901,30,0
3902,30,0
3903,30,0
3904,30,0
3905,30,0
3906,30,0
3907,30,0
3908,30,0
3909,29,0
3910,29,0
3911,29,0
3912,29,0
3913,29,0
3914,29,0
3915,29,0
3916,29,0
3917,29,0
3918,29,0
3919,29,0
3920,29,0
3921,29,0
3922,29,0
3923,29,0
3924,29,0
3925,29,0
3926,29,0
3927,29,0
3928,29,0
3929,29,0
3930,29,0
3931,29,0
3932,29,0
3933,29,0
3934,29,0
3935,29,0
3936,29,0
3937,29,0
3938,30,0
3939,30,0
3940,30,0
3941,30,0
3942,30,0
3943,30,0
3944,30,0
3945,30,0
3946,30,0
3947,30,0
3948,30,0
3949,30,0
3950,30,0
3951,30,0
3952,30,0
3953,30,0
3954,30,0
3955,30,0
3956,30,0
3957,30,0
3958,31,0
3959,31,0
3960,31,0
3961,31,0
3962,31,0
3963,31,0
3964,31,0
3965,31,0
3966,31,0
3967,31,0
3968,31,0
3969,31,0
3970,31,0
3971,31,0
3972,31,0
3973,31,0
3974,31,0
3975,31,0
3976,31,0
3977,30,0
3978,30,0
3979,30,0
3980,31,1
3981,31,1
3982,31,1
3983,31,1
3984,31,1
3985,31,1
3986,31,1
3987,31,1
3988,31,1
3989,31,1
3990,31,1
3991,31,1
3992,31,1
3993,31,1
3994,31,1
3995,31,1
3996,31,1
3997,31,1
3998,31,1
3999,31,1
4000,31,1
4001,31,1
4002,31,1
4003,31,1
4004,31,1
4005,31,1
4006,31,1
4007,31,1
4008,31,1
4009,31,1
4010,31,1
4011,31,1
4012,31,1
4013,31,1
4014,31,1
4015,31,1
4016,31,1
4017,31,1
4018,31,1
4019,31,1
4020,31,1
4021,31,1
4022,31,1
4023,31,1
4024,31,1
4025,31,1
4026,31,1
4027,31,1
4028,31,1
4029,31,1
4030,31,1
4031,31,1
4032,31,1
4033,31,1
4034,31,1
4035,31,1
4036,31,1
4037,31,1
4038,31,1
4039,31,1
4040,31,1
4041,31,1
4042,31,1
4043,31,1
4044,32,1
4045,32,1
4046,32,1
4047,32,1
4048,32,1
4049,32,1
4050,32,1
4051,32,1
4052,32,1
4053,32,1
4054,32,1
4055,32,1
4056,32,1
4057,32,1
4058,32,1
4059,32,1
4060,31,1
4061,32,1
4062,32,1
4063,32,1
4064,32,1
4065,32,1
4066,33,1
4067,34,1
4068,34,1
4069,34,1
4070,34,1
4071,34,1
4072,34,1
4073,34,1
4074,34,1
4075,34,1
4076,34,1
4077,34,1
4078,34,1
4079,34,1
4080,34,1
4081,34,1
4082,34,1
4083,34,1
4084,34,1
4085,34,1
4086,34,1
4087,34,1
4088,34,1
4089,34,1
4090,34,1
4091,35,1
4092,35,1
4093,35,1
4094,35,1
4095,35,1
4096,35,1
4097,35,1
4098,35,1
4099,35,1
4100,35,1
4101,35,1
4102,35,1
4103,35,1
4104,35,1
4105,35,1
4106,35,1
4107,35,1
4108,35,1
4109,35,1
4110,35,1
4111,35,1
4112,35,1
4113,35,1
4114,35,1
4115,35,1
4116,35,1
4117,35,1
4118,35,1
4119,35,1
4120,35,1
4121,35,1
4122,35,1
4123,35,1
4124,35,1
4125,35,1
4126,35,1
4127,35,1
4128,35,1
4129,35,1
4130,35,1
4131,35,1
4132,35,1
4133,35,1
4134,35,1
4135,35,1
4136,35,1
4137,35,1
4138,36,1
4139,36,1
4140,36,1
4141,36,1
4142,36,1
4143,36,1
4144,36,1
4145,36,1
4146,36,1
4147,36,1
4148,36,1
4149,36,1
4150,36,1
4151,36,1
4152,36,1
4153,36,1
4154,36,1
4155,36,1
4156,36,1
4157,36,1
4158,36,1
4159,36,1
4160,36,1
4161,36,1
4162,36,1
4163,36,1
4164,36,1
4165,36,1
4166,36,1
4167,36,1
4168,36,1
4169,36,1
4170,36,1
4171,36,1
4172,36,1
4173,36,1
4174,36,1
4175,36,1
4176,36,1
4177,36,1
4178,36,1
4179,36,1
4180,36,1
4181,36,1
4182,36,1
4183,36,1
4184,36,1
4185,36,1
4186,36,1
4187,36,1
4188,36,1
4189,36,1
4190,36,1
4191,36,1
4192,36,1
4193,36,1
4194,36,1
4195,36,1
4196,36,1
4197,36,1
4198,36,1
4199,36,1
4200,36,1
4201,36,1
4202,36,1
4203,36,1
4204,36,1
4205,36,1
4206,36,1
4207,36,1
4208,36,1
4209,36,1
4210,36,1
4211,36,1
4212,36,1
4213,36,1
4214,36,1
4215,36,1
4216,36,1
4217,36,1
4218,36,1
4219,36,1
4220,36,1
4221,36,1
4222,36,1
4223,36,1
4224,36,1
4225,36,1
4226,36,1
4227,36,1
4228,36,1
4229,35,1
4230,35,1
4231,35,1
4232,35,1
4233,35,1
4234,35,1
4235,35,1
4236,35,1
4237,35,1
4238,35,1
4239,35,1
4240,35,1
4241,35,1
4242,35,1
4243,35,1
4244,35,1
4245,35,1
4246,35,1
4247,35,1
4248,35,1
4249,35,1
4250,35,1
4251,35,1
4252,35,1
4253,35,1
4254,35,1
4255,35,1
4256,35,1
4257,35,1
4258,35,1
4259,35,1
4260,35,1
4261,35,1
4262,35,1
4263,35,1
4264,35,1
4265,35,1
4266,35,1
4267,35,1
4268,35,1
4269,35,1
4270,35,1
4271,35,1
4272,35,1
4273,35,1
4274,35,1
4275,35,1
4276,35,1
4277,35,1
4278,35,1
4279,35,1
4280,35,1
4281,35,1
4282,35,1
4283,35,1
4284,35,1
4285,35,1
4286,36,1
4287,36,1
4288,36,1
4289,36,1
4290,36,1
4291,36,1
4292,36,1
4293,36,1
4294,36,1
4295,36,1
4296,36,1
4297,36,1
4298,36,1
4299,36,1
4300,36,1
4301,36,1
4302,36,1
4303,36,1
4304,36,1
4305,36,1
4306,36,1
4307,36,1
4308,36,1
4309,36,1
4310,36,1
4311,36,1
4312,36,1
4313,36,1
4314,36,1
4315,36,1
4316,36,1
4317,36,1
4318,36,1
4319,36,1
4320,36,1
4321,36,1
4322,36,1
4323,36,1
4324,36,1
4325,36,1
4326,36,1
4327,36,1
4328,36,1
4329,36,1
4330,36,1
4331,36,1
4332,36,1
4333,36,1
4334,36,1
4335,36,1
4336,36,1
4337,36,1
4338,36,1
4339,36,1
4340,36,1
4341,36,1
4342,36,1
4343,36,1
4344,36,1
4345,36,1
4346,36,1
4347,36,1
4348,36,1
4349,36,1
4350,36,1
4351,36,1
4352,36,1
4353,36,1
4354,36,1
4355,36,1
4356,36,1
4357,36,1
4358,36,1
4359,36,1
4360,36,1
4361,36,1
4362,36,1
4363,36,1
4364,36,1
4365,36,1
4366,37,1
4367,37,1
4368,37,1
4369,37,1
4370,37,1
4371,37,1
4372,37,1
4373,37,1
4374,37,1
4375,37,1
4376,37,1
4377,37,1
4378,37,1
4379,37,1
4380,37,1
4381,37,1
4382,37,1
4383,37,1
4384,37,1
4385,37,1
4386,37,1
4387,37,1
4388,37,1
4389,38,1
4390,38,1
4391,38,1
4392,38,1
4393,38,1
4394,38,1
4395,38,1
4396,38,1
4397,38,1
4398,38,1
4399,38,1
4400,38,1
4401,38,1
4402,38,1
4403,38,1
4404,38,1
4405,38,1
4406,38,1
4407,38,1
4408,38,1
4409,38,1
4410,38,1
4411,38,1
4412,38,1
4413,38,1
4414,38,1
4415,38,1
4416,38,1
4417,38,1
4418,38,1
4419,38,1
4420,38,1
4421,38,1
4422,38,1
4423,38,1
4424,38,1
4425,38,1
4426,38,1
4427,38,1
4428,38,1
4429,38,1
4430,38,1
4431,38,1
4432,38,1
4433,38,1
4434,38,1
4435,38,1
4436,38,1
4437,38,1
4438,38,1
4439,38,1
4440,38,1
4441,38,1
4442,38,1
4443,38,1
4444,38,1
4445,38,1
4446,38,1
4447,38,1
4448,38,1
4449,38,1
4450,38,1
4451,38,1
4452,38,1
4453,38,1
4454,38,1
4455,38,1
4456,39,1
4457,39,1
4458,39,1
4459,39,1
4460,39,1
4461,39,1
4462,39,1
4463,39,1
4464,40,1
4465,40,1
4466,40,1
4467,40,1
4468,40,1
4469,40,1
4470,40,1
4471,40,1
4472,40,1
4473,40,1
4474,40,1
4475,40,1
4476,40,1
4477,40,1
4478,40,1
4479,40,1
4480,40,1
4481,40,1
4482,40,1
4483,40,1
4484,40,1
4485,40,1
4486,40,1
4487,40,1
4488,40,1
4489,40,1
4490,40,1
4491,40,1
4492,40,1
4493,40,1
4494,40,1
4495,40,1
4496,40,1
4497,40,1
4498,40,1
4499,40,1
4500,40,1
4501,40,1
4502,40,1
4503,40,1
4504,40,1
4505,39,1
4506,39,1
4507,39,1
4508,39,1
4509,39,1
4510,39,1
4511,39,1
4512,39,1
4513,39,1
4514,39,1
4515,39,1
4516,39,1
4517,39,1
4518,39,1
4519,39,1
4520,39,1
4521,39,1
4522,39,1
4523,39,1
4524,39,1
4525,39,1
4526,39,1
4527,39,1
4528,39,1
4529,39,1
4530,39,1
4531,39,1
4532,39,1
4533,39,1
4534,39,1
4535,39,1
4536,39,1
4537,39,1
4538,39,1
4539,39,1
4540,39,1
4541,39,1
4542,39,1
4543,39,1
4544,39,1
4545,39,1
4546,39,1
4547,39,1
4548,39,1
4549,39,1
4550,39,1
4551,39,1
4552,39,1
4553,39,1
4554,39,1
4555,39,1
4556,39,1
4557,39,1
4558,39,1
4559,40,2
4560,40,2
4561,40,2
4562,40,2
4563,40,2
4564,40,2
4565,40,2
4566,40,2
4567,40,2
4568,40,2
4569,40,2
4570,40,2
4571,40,2
4572,40,2
4573,40,2
4574,40,2
4575,40,2
4576,40,2
4577,40,2
4578,40,2
4579,40,2
4580,40,2
4581,40,2
4582,40,2
4583,41,2
4584,41,2
4585,41,2
4586,41,2
4587,41,2
4588,41,2
4589,41,2
4590,41,2
4591,41,2
4592,41,2
4593,41,2
4594,41,2
4595,41,2
4596,41,2
4597,41,2
4598,41,2
4599,41,2
4600,41,2
4601,41,2
4602,41,2
4603,41,2
4604,41,2
4605,41,2
4606,41,2
4607,41,2
4608,41,2
4609,41,2
4610,41,2
4611,41,2
4612,41,2
4613,41,2
4614,41,2
4615,41,2
4616,41,2
4617,41,2
4618,41,2
4619,41,2
4620,41,2
4621,41,2
4622,41,2
4623,41,2
4624,41,2
4625,41,2
4626,41,2
4627,41,2
4628,41,2
4629,41,2
4630,41,2
4631,41,2
4632,41,2
4633,41,2
4634,41,2
4635,41,2
4636,41,2
4637,41,2
4638,41,2
4639,41,2
4640,41,2
4641,40,2
4642,40,2
4643,40,2
4644,40,2
4645,40,2
4646,40,2
4647,40,2
4648,40,2
4649,40,2
4650,40,2
4651,40,2
4652,40,2
4653,40,2
4654,40,2
4655,40,2
4656,40,2
4657,40,2
4658,40,2
4659,40,2
4660,40,2
4661,40,2
4662,40,2
4663,40,2
4664,40,2
4665,40,2
4666,40,2
4667,40,2
4668,40,2
4669,40,2
4670,40,2
4671,40,2
4672,40,2
4673,40,2
4674,40,2
4675,40,2
4676,40,2
4677,40,2
4678,40,2
4679,40,2
4680,40,2
4681,40,2
4682,40,2
4683,40,2
4684,40,2
4685,40,2
4686,40,2
4687,40,2
4688,40,2
4689,40,2
4690,40,2
4691,40,2
4692,40,2
4693,40,2
4694,40,2
4695,40,2
4696,40,2
4697,40,2
4698,40,2
4699,40,2
4700,40,2
4701,40,2
4702,40,2
4703,40,2
4704,40,2
4705,40,2
4706,40,2
4707,40,2
4708,40,2
4709,40,2
4710,40,2
4711,40,2
4712,40,2
4713,40,2
4714,40,2
4715,40,2
4716,40,2
4717,40,2
4718,40,2
4719,40,2
4720,40,2
4721,40,2
4722,40,2
4723,40,2
4724,40,2
4725,40,2
4726,40,2
4727,40,2
4728,40,2
4729,40,2
4730,40,2
4731,40,2
4732,40,2
4733,40,2
4734,40,2
4735,40,2
4736,40,2
4737,40,2
4738,40,2
4739,40,2
4740,39,2
4741,39,2
4742,39,2
4743,39,2
4744,39,2
4745,39,2
4746,39,2
4747,39,2
4748,40,2
4749,40,2
4750,40,2
4751,40,2
4752,40,2
4753,40,2
4754,40,2
4755,40,2
4756,40,2
4757,40,2
4758,40,2
4759,40,2
4760,40,2
4761,40,2
4762,40,2
4763,40,2
4764,40,2
4765,40,2
4766,40,2
4767,40,2
4768,40,2
4769,40,2
4770,40,2
4771,40,2
4772,40,2
4773,40,2
4774,40,2
4775,40,2
4776,40,2
4777,41,2
4778,41,2
4779,41,2
4780,41,2
4781,41,2
4782,41,2
4783,41,2
4784,41,2
4785,41,2
4786,41,2
4787,41,2
4788,41,2
4789,41,2
4790,41,2
4791,41,2
4792,41,2
4793,41,2
4794,41,2
4795,42,2
4796,42,2
4797,42,2
4798,42,2
4799,42,2
4800,42,2
4801,42,2
4802,42,2
4803,42,2
4804,42,2
4805,42,2
4806,41,2
4807,41,2
4808,41,2
4809,41,2
4810,41,2
4811,41,2
4812,41,2
4813,41,2
4814,41,2
4815,41,2
4816,41,2
4817,41,2
4818,41,2
4819,41,2
4820,41,2
4821,41,2
4822,41,2
4823,41,2
4824,41,2
4825,41,2
4826,41,2
4827,41,2
4828,41,2
4829,41,2
4830,41,2
4831,41,2
4832,41,2
4833,41,2
4834,41,2
4835,41,2
4836,41,2
4837,41,2
4838,41,2
4839,40,2
4840,40,2
4841,40,2
4842,40,2
4843,40,2
4844,40,2
4845,40,2
4846,40,2
4847,40,2
4848,40,2
4849,40,2
4850,40,2
4851,40,2
4852,41,2
4853,41,2
4854,41,2
4855,41,2
4856,41,2
4857,41,2
4858,41,2
4859,41,2
4860,41,2
4861,41,2
4862,41,2
4863,41,2
4864,41,2
4865,41,2
4866,41,2
4867,41,2
4868,41,2
4869,41,2
4870,41,2
4871,41,2
4872,41,2
4873,41,2
4874,41,2
4875,41,2
4876,41,2
4877,40,2
4878,40,2
4879,40,2
4880,40,2
4881,40,2
4882,40,2
4883,40,2
4884,40,2
4885,40,2
4886,40,2
4887,40,2
4888,40,2
4889,40,2
4890,40,2
4891,40,2
4892,40,2
4893,40,2
4894,40,2
4895,40,2
4896,40,2
4897,40,2
4898,40,2
4899,40,2
4900,40,2
4901,41,2
4902,41,2
4903,41,2
4904,41,2
4905,40,2
4906,40,2
4907,40,2
4908,40,2
4909,40,2
4910,40,2
4911,40,2
4912,40,2
4913,40,2
4914,40,2
4915,40,2
4916,40,2
4917,40,2
4918,40,2
4919,40,2
4920,40,2
4921,40,2
4922,40,2
4923,40,2
4924,40,2
4925,40,2
4926,40,2
4927,40,2
4928,40,2
4929,40,2
4930,40,2
4931,40,2
4932,40,2
4933,40,2
4934,40,2
4935,40,2
4936,40,2
4937,40,2
4938,40,2
4939,40,2
4940,40,2
4941,40,2
4942,40,2
4943,40,2
4944,40,2
4945,40,2
4946,40,2
4947,40,2
4948,40,2
4949,40,2
4950,40,2
4951,40,2
4952,40,2
4953,40,2
4954,40,2
4955,40,2
4956,40,2
4957,40,2
4958,40,2
4959,40,2
4960,40,2
4961,40,2
4962,40,2
4963,40,2
4964,40,2
4965,40,2
4966,40,2
4967,40,2
4968,40,2
4969,40,2
4970,40,2
4971,40,2
4972,40,2
4973,40,2
4974,40,2
4975,40,2
4976,40,2
4977,40,2
4978,40,2
4979,40,2
4980,40,2
4981,40,2
4982,40,2
4983,40,2
4984,40,2
4985,40,2
4986,40,2
4987,40,2
4988,40,2
4989,40,2
4990,40,2
4991,40,2
4992,40,2
4993,40,2
4994,40,2
4995,40,2
4996,40,2
4997,40,2
4998,40,2
4999,40,2
5000,40,2
5001,41,2
5002,41,2
5003,41,2
5004,41,2
5005,41,2
5006,41,2
5007,41,2
5008,41,2
5009,41,2
5010,41,2
5011,41,2
5012,41,2
5013,41,2
5014,41,2
5015,41,2
5016,41,2
5017,41,2
5018,41,2
5019,41,2
5020,41,2
5021,41,2
5022,41,2
5023,41,2
5024,41,2
5025,41,2
5026,41,2
5027,41,2
5028,41,2
5029,41,2
5030,41,2
5031,41,2
5032,41,2
5033,41,2
5034,41,2
5035,41,2
5036,41,2
5037,40,2
5038,40,2
5039,40,2
5040,40,2
5041,40,2
5042,40,2
5043,40,2
5044,40,2
5045,40,2
5046,40,2
5047,40,2
5048,40,2
5049,40,2
5050,40,2
5051,40,2
5052,40,2
5053,40,2
5054,40,2
5055,40,2
5056,40,2
5057,40,2
5058,40,2
5059,40,2
5060,40,2
5061,40,2
5062,40,2
5063,40,2
5064,40,2
5065,40,2
5066,40,2
5067,40,2
5068,40,2
5069,40,2
5070,40,2
5071,40,2
5072,40,2
5073,40,2
5074,40,2
5075,40,2
5076,40,2
5077,40,2
5078,40,2
5079,40,2
5080,40,2
5081,40,2
5082,40,2
5083,40,2
5084,40,2
5085,39,2
5086,39,2
5087,39,2
5088,39,2
5089,39,2
5090,39,2
5091,39,2
5092,39,2
5093,39,2
5094,39,2
5095,39,2
5096,39,2
5097,39,2
5098,39,2
5099,39,2
5100,39,2
5101,39,2
5102,39,2
5103,39,2
5104,39,2
5105,39,2
5106,39,2
5107,39,2
5108,39,2
5109,39,2
5110,38,2
5111,38,2
5112,38,2
5113,38,2
5114,38,2
5115,38,2
5116,38,2
5117,38,2
5118,37,2
5119,37,2
5120,37,2
5121,37,2
5122,37,2
5123,37,2
5124,37,2
5125,37,2
5126,37,2
5127,37,2
5128,37,2
5129,37,2
5130,37,2
5131,37,2
5132,37,2
5133,37,2
5134,37,2
5135,37,2
5136,37,2
5137,37,2
5138,37,2
5139,37,2
5140,37,2
5141,37,2
5142,37,2
5143,37,2
5144,37,2
5145,37,2
5146,36,2
5147,36,2
5148,36,2
5149,36,2
5150,36,2
5151,36,2
5152,36,2
5153,35,2
5154,35,2
5155,35,2
5156,35,2
5157,35,2
5158,35,2
5159,35,2
5160,35,2
5161,35,2
5162,35,2
5163,35,2
5164,35,2
5165,35,2
5166,35,2
5167,35,2
5168,35,2
5169,35,2
5170,35,2
5171,35,2
5172,35,2
5173,36,2
5174,36,2
5175,36,2
5176,36,2
5177,36,2
5178,36,2
5179,36,2
5180,36,2
5181,36,2
5182,36,2
5183,36,2
5184,36,2
5185,36,2
5186,36,2
5187,36,2
5188,36,2
5189,36,2
5190,36,2
5191,36,2
5192,36,2
5193,36,2
5194,36,2
5195,36,2
5196,36,2
5197,36,2
5198,36,2
5199,36,2
5200,36,2
5201,36,2
5202,36,2
5203,36,2
5204,36,2
5205,36,2
5206,36,2
5207,36,2
5208,36,2
5209,36,2
5210,36,2
5211,36,2
5212,36,2
5213,36,2
5214,36,2
5215,36,2
5216,36,2
5217,36,2
5218,36,2
5219,36,2
5220,36,2
5221,36,2
5222,36,2
5223,36,2
5224,36,2
5225,36,2
5226,36,2
5227,36,2
5228,36,2
5229,36,2
5230,36,2
5231,36,2
5232,36,2
5233,36,2
5234,36,2
5235,36,2
5236,36,2
5237,36,2
5238,36,2
5239,36,2
5240,36,2
5241,36,2
5242,36,2
5243,36,2
5244,36,2
5245,36,2
5246,36,2
5247,36,2
5248,36,2
5249,36,2
5250,36,2
5251,36,2
5252,35,2
5253,35,2
5254,35,2
5255,35,2
5256,35,2
5257,35,2
5258,35,2
5259,35,2
5260,35,2
5261,35,2
5262,35,2
5263,35,2
5264,35,2
5265,35,2
5266,35,2
5267,35,2
5268,35,2
5269,35,2
5270,35,2
5271,35,2
5272,35,2
5273,35,2
5274,35,2
5275,35,2
5276,35,2
5277,35,2
5278,35,2
5279,35,2
5280,35,2
5281,35,2
5282,35,2
5283,35,2
5284,35,2
5285,35,2
5286,35,2
5287,35,2
5288,35,2
5289,35,2
5290,35,2
5291,36,2
5292,36,2
5293,36,2
5294,36,2
5295,36,2
5296,37,2
5297,37,2
5298,37,2
5299,37,2
5300,37,2
5301,37,2
5302,37,2
5303,37,2
5304,37,2
5305,37,2
5306,37,2
5307,37,2
5308,37,2
5309,37,2
5310,37,2
5311,37,2
5312,37,2
5313,37,2
5314,37,2
5315,37,2
5316,37,2
5317,37,2
5318,37,2
5319,37,2
5320,37,2
5321,37,2
5322,37,2
5323,37,2
5324,37,2
5325,37,2
5326,37,2
5327,37,2
5328,37,2
5329,37,2
5330,37,2
5331,37,2
5332,37,2
5333,37,2
5334,36,1
5335,36,1
5336,36,1
5337,36,1
5338,36,1
5339,36,1
5340,36,1
5341,36,1
5342,36,1
5343,36,1
5344,36,1
5345,36,1
5346,36,1
5347,35,1
5348,35,1
5349,35,1
5350,35,1
5351,35,1
5352,35,1
5353,35,1
5354,35,1
5355,35,1
5356,35,1
5357,35,1
5358,35,1
5359,35,1
5360,35,1
5361,35,1
5362,35,1
5363,35,1
5364,35,1
5365,35,1
5366,35,1
5367,35,1
5368,35,1
5369,35,1
5370,35,1
5371,35,1
5372,35,1
5373,35,1
5374,35,1
5375,35,1
5376,35,1
5377,35,1
5378,35,1
5379,35,1
5380,35,1
5381,35,1
5382,36,1
5383,36,1
5384,36,1
5385,36,1
5386,36,1
5387,36,1
5388,36,1
5389,36,1
5390,36,1
5391,36,1
5392,36,1
5393,36,1
5394,36,1
5395,36,1
5396,36,1
5397,36,1
5398,36,1
5399,36,1
5400,36,1
5401,36,1
5402,36,1
5403,36,1
5404,36,1
5405,36,1
5406,36,1
5407,36,1
5408,36,1
5409,36,1
5410,36,1
5411,36,1
5412,36,1
5413,36,1
5414,36,1
5415,36,1
5416,36,1
5417,36,1
5418,36,1
5419,36,1
5420,36,1
5421,36,1
5422,36,1
5423,36,1
5424,36,1
5425,36,1
5426,36,1
5427,36,1
5428,36,1
5429,36,1
5430,36,1
5431,36,1
5432,36,1
5433,36,1
5434,36,1
5435,36,1
5436,36,1
5437,36,1
5438,36,1
5439,36,1
5440,36,1
5441,36,1
5442,36,1
5443,36,1
5444,36,1
5445,36,1
5446,35,1
5447,35,1
5448,35,1
5449,35,1
5450,35,1
5451,35,1
5452,35,1
5453,35,1
5454,35,1
5455,35,1
5456,35,1
5457,35,1
5458,35,1
5459,35,1
5460,35,1
5461,35,1
5462,35,1
5463,35,1
5464,35,1
5465,35,1
5466,35,1
5467,35,1
5468,35,1
5469,35,1
5470,35,1
5471,35,1
5472,35,1
5473,35,1
5474,35,1
5475,35,1
5476,35,1
5477,35,1
5478,35,1
5479,35,1
5480,35,1
5481,35,1
5482,35,1
5483,35,1
5484,35,1
5485,35,1
5486,35,1
5487,35,1
5488,35,1
5489,35,1
5490,36,1
5491,36,1
5492,36,1
5493,36,1
5494,36,1
5495,36,1
5496,36,1
5497,36,1
5498,36,1
5499,36,1
5500,36,1
5501,36,1
5502,36,1
5503,36,1
5504,36,1
5505,36,1
5506,36,1
5507,36,1
5508,36,1
5509,36,1
5510,36,1
5511,36,1
5512,36,1
5513,36,1
5514,36,1
5515,36,1
5516,36,1
5517,36,1
5518,36,1
5519,36,1
5520,36,1
5521,36,1
5522,35,1
5523,35,1
5524,35,1
5525,35,1
5526,35,1
5527,35,1
5528,35,1
5529,35,1
5530,35,1
5531,35,1
5532,35,1
5533,35,1
5534,35,1
5535,35,1
5536,35,1
5537,35,1
5538,35,1
5539,35,1
5540,35,1
5541,35,1
5542,35,1
5543,35,1
5544,35,1
5545,35,1
5546,35,1
5547,35,1
5548,35,1
5549,35,1
5550,35,1
5551,35,1
5552,35,1
5553,35,1
5554,35,1
5555,35,1
5556,35,1
5557,35,1
5558,35,1
5559,35,1
5560,35,1
5561,35,1
5562,35,1
5563,35,1
5564,35,1
5565,35,1
5566,35,1
5567,35,1
5568,35,1
5569,35,1
5570,35,1
5571,35,1
5572,35,1
5573,35,1
5574,35,1
5575,35,1
5576,35,1
5577,35,1
5578,35,1
5579,35,1
5580,35,1
5581,35,1
5582,35,1
5583,35,1
5584,35,1
5585,35,1
5586,35,1
5587,35,1
5588,34,1
5589,34,1
5590,34,1
5591,34,1
5592,34,1
5593,34,1
5594,34,1
5595,34,1
5596,34,1
5597,34,1
5598,34,1
5599,34,1
5600,34,1
5601,34,1
5602,34,1
5603,34,1
5604,34,1
5605,34,1
5606,34,1
5607,34,1
5608,34,1
5609,34,1
5610,34,1
5611,34,1
5612,34,1
5613,34,1
5614,34,1
5615,34,1
5616,34,1
5617,34,1
5618,34,1
5619,34,1
5620,34,1
5621,34,1
5622,34,1
5623,34,1
5624,34,1
5625,34,1
5626,34,1
5627,34,1
5628,34,1
5629,34,1
5630,34,1
5631,34,1
5632,34,1
5633,34,1
5634,34,1
5635,34,1
5636,34,1
5637,34,1
5638,34,1
5639,34,1
5640,34,1
5641,34,1
5642,34,1
5643,34,1
5644,34,1
5645,34,1
5646,34,1
5647,34,1
5648,34,1
5649,34,1
5650,34,1
5651,34,1
5652,34,1
5653,34,1
5654,34,1
5655,34,1
5656,34,1
5657,34,1
5658,34,1
5659,34,1
5660,34,1
5661,34,1
5662,34,1
5663,34,1
5664,34,1
5665,34,1
5666,34,1
5667,34,1
5668,34,1
5669,34,1
5670,34,1
5671,34,1
5672,34,1
5673,34,1
5674,34,1
5675,34,1
5676,34,1
5677,34,1
5678,34,1
5679,34,1
5680,34,1
5681,34,1
5682,34,1
5683,35,1
5684,35,1
5685,36,1
5686,36,1
5687,36,1
5688,36,1
5689,36,1
5690,36,1
5691,36,1
5692,36,1
5693,36,1
5694,36,1
5695,36,1
5696,36,1
5697,35,1
5698,35,1
5699,35,1
5700,35,1
5701,35,1
5702,35,1
5703,35,1
5704,35,1
5705,35,1
5706,35,1
5707,35,1
5708,35,1
5709,35,1
5710,35,1
5711,35,1
5712,35,1
5713,35,1
5714,35,1
5715,35,1
5716,35,1
5717,35,1
5718,35,1
5719,35,1
5720,35,1
5721,35,1
5722,35,1
5723,35,1
5724,35,1
5725,35,1
5726,35,1
5727,35,1
5728,35,1
5729,35,1
5730,35,1
5731,35,1
5732,35,1
5733,35,1
5734,35,1
5735,35,1
5736,35,1
5737,35,1
5738,35,1
5739,35,1
5740,35,1
5741,35,1
5742,35,1
5743,35,1
5744,35,1
5745,35,1
5746,35,1
5747,35,1
5748,35,1
5749,35,1
5750,35,1
5751,35,1
5752,35,1
5753,35,1
5754,35,1
5755,35,1
5756,35,1
5757,35,1
5758,35,1
5759,35,1
5760,35,1
5761,35,1
5762,35,1
5763,35,1
5764,35,1
5765,35,1
5766,35,1
5767,36,1
5768,36,1
5769,36,1
5770,36,1
5771,36,1
5772,36,1
5773,36,1
5774,36,1
5775,36,1
5776,36,1
5777,36,1
5778,36,1
5779,36,1
5780,36,1
5781,36,1
5782,36,1
5783,37,1
5784,37,1
5785,37,1
5786,37,1
5787,37,1
5788,37,1
5789,37,1
5790,37,1
5791,37,1
5792,38,1
5793,37,1
5794,37,1
5795,37,1
5796,36,1
5797,36,1
5798,36,1
5799,36,1
5800,36,1
5801,36,1
5802,36,1
5803,36,1
5804,36,1
5805,36,1
5806,36,1
5807,36,1
5808,36,1
5809,36,1
5810,36,1
5811,36,1
5812,36,1
5813,36,1
5814,36,1
5815,36,1
5816,36,1
5817,36,1
5818,36,1
5819,36,1
5820,36,1
5821,36,1
5822,36,1
5823,36,1
5824,36,1
5825,36,1
5826,35,1
5827,35,1
5828,35,1
5829,35,1
5830,35,1
5831,35,1
5832,35,1
5833,35,1
5834,35,1
5835,35,1
5836,35,1
5837,35,1
5838,35,1
5839,35,1
5840,35,1
5841,35,1
5842,35,1
5843,35,1
5844,35,1
5845,35,1
5846,35,1
5847,35,1
5848,35,1
5849,35,1
5850,35,1
5851,35,1
5852,35,1
5853,35,1
5854,35,1
5855,35,1
5856,35,1
5857,35,1
5858,35,1
5859,36,1
5860,36,1
5861,36,1
5862,36,1
5863,36,1
5864,36,1
5865,36,1
5866,36,1
5867,36,1
5868,36,1
5869,36,1
5870,36,1
5871,36,1
5872,37,1
5873,37,1
5874,37,1
5875,37,1
5876,37,1
5877,37,1
5878,37,1
5879,37,1
5880,37,1
5881,38,1
5882,38,1
5883,38,1
5884,38,1
5885,38,1
5886,38,1
5887,38,1
5888,38,1
5889,38,1
5890,38,1
5891,38,1
5892,38,1
5893,38,1
5894,38,1
5895,38,1
5896,38,1
5897,38,1
5898,38,1
5899,38,1
5900,38,1
5901,38,1
5902,38,1
5903,38,1
5904,38,1
5905,38,1
5906,38,1
5907,38,1
5908,38,1
5909,38,1
5910,38,1
5911,38,1
5912,38,1
5913,38,1
5914,38,1
5915,38,1
5916,38,1
5917,38,1
5918,38,1
5919,38,1
5920,38,1
5921,38,1
5922,38,1
5923,38,1
5924,38,1
5925,38,1
5926,38,1
5927,37,1
5928,37,1
5929,37,1
5930,37,1
5931,37,1
5932,37,1
5933,37,1
5934,37,1
5935,37,1
5936,37,1
5937,37,1
5938,37,1
5939,37,1
5940,37,1
5941,37,1
5942,37,1
5943,37,1
5944,37,1
5945,37,1
5946,37,1
5947,37,1
5948,37,1
5949,37,1
5950,38,1
5951,38,1
5952,38,1
5953,38,1
5954,38,1
5955,38,1
5956,38,1
5957,38,1
5958,38,1
5959,38,1
5960,38,1
5961,38,1
5962,38,1
5963,38,1
5964,38,1
5965,38,1
5966,38,1
5967,38,1
5968,38,1
5969,38,1
5970,38,1
5971,38,1
5972,38,1
5973,38,1
5974,38,1
5975,38,1
5976,38,1
5977,38,1
5978,38,1
5979,38,1
5980,38,1
5981,38,1
5982,38,1
5983,38,1
5984,38,1
5985,38,1
5986,38,1
5987,38,1
5988,38,1
5989,38,1
5990,38,1
5991,38,1
5992,38,1
5993,38,1
5994,38,1
5995,38,1
5996,38,1
5997,38,1
5998,38,1
5999,38,1
6000,38,1
6001,38,1
6002,38,1
6003,38,1
6004,38,1
6005,38,1
6006,38,1
6007,38,1
6008,38,1
6009,38,1
6010,38,1
6011,38,1
6012,38,1
6013,38,1
6014,39,1
6015,39,1
6016,39,1
6017,39,1
6018,39,1
6019,39,1
6020,39,1
6021,39,1
6022,39,1
6023,39,1
6024,39,1
6025,39,1
6026,39,1
6027,39,1
6028,39,1
6029,39,1
6030,39,1
6031,39,1
6032,38,1
6033,38,1
6034,38,1
6035,38,1
6036,38,1
6037,38,1
6038,38,1
6039,38,1
6040,38,1
6041,39,1
6042,39,1
6043,39,1
6044,39,1
6045,39,1
6046,39,1
6047,39,1
6048,39,1
6049,39,1
6050,39,1
6051,39,1
6052,39,1
6053,39,1
6054,39,1
6055,39,1
6056,39,1
6057,39,1
6058,39,1
6059,39,1
6060,38,1
6061,38,1
6062,38,1
6063,38,1
6064,38,1
6065,38,1
6066,38,1
6067,38,1
6068,38,1
6069,38,1
6070,38,1
6071,38,1
6072,38,1
6073,38,1
6074,38,1
6075,38,1
6076,38,1
6077,38,1
6078,38,1
6079,38,1
6080,38,1
6081,38,1
6082,37,1
6083,37,1
6084,37,1
6085,37,1
6086,37,1
6087,37,1
6088,37,1
6089,37,1
6090,37,1
6091,37,1
6092,37,1
6093,37,1
6094,37,1
6095,37,1
6096,37,1
6097,37,1
6098,37,1
6099,37,1
6100,37,1
6101,37,1
6102,37,1
6103,37,1
6104,37,1
6105,37,1
6106,37,1
6107,37,1
6108,37,1
6109,37,1
6110,37,1
6111,37,1
6112,37,1
6113,37,1
6114,37,1
6115,36,1
6116,36,1
6117,36,1
6118,37,1
6119,37,1
6120,37,1
6121,37,1
6122,37,1
6123,37,1
6124,37,1
6125,37,1
6126,37,1
6127,37,1
6128,38,1
6129,38,1
6130,38,1
6131,38,1
6132,38,1
6133,38,1
6134,38,1
6135,38,1
6136,38,1
6137,38,1
6138,38,1
6139,38,1
6140,38,1
6141,38,1
6142,38,1
6143,38,1
6144,38,1
6145,38,1
6146,38,1
6147,38,1
6148,38,1
6149,38,1
6150,38,1
6151,38,1
6152,38,1
6153,38,1
6154,38,1
6155,38,1
6156,38,1
6157,38,1
6158,38,1
6159,38,1
6160,38,1
6161,38,1
6162,38,1
6163,38,1
6164,38,1
6165,38,1
6166,38,1
6167,38,1
6168,38,1
6169,38,1
6170,38,1
6171,38,1
6172,38,1
6173,38,1
6174,39,1
6175,39,1
6176,39,1
6177,39,1
6178,39,1
6179,39,1
6180,39,1
6181,38,1
6182,38,1
6183,38,1
6184,38,1
6185,38,1
6186,38,1
6187,38,1
6188,38,1
6189,38,1
6190,38,1
6191,39,1
6192,39,1
6193,39,1
6194,39,1
6195,39,1
6196,39,1
6197,39,1
6198,39,1
6199,39,1
6200,39,1
6201,39,1
6202,39,1
6203,39,1
6204,39,1
6205,39,1
6206,39,1
6207,39,1
6208,39,1
6209,39,1
6210,39,1
6211,39,1
6212,39,1
6213,39,1
6214,39,1
6215,39,1
6216,38,1
6217,38,1
6218,38,1
6219,38,1
6220,38,1
6221,38,1
6222,39,2
6223,39,2
6224,39,2
6225,39,2
6226,39,2
6227,39,2
6228,39,2
6229,39,2
6230,39,2
6231,39,2
6232,39,2
6233,39,2
6234,39,2
6235,39,2
6236,39,2
6237,39,2
6238,39,2
6239,39,2
6240,39,2
6241,39,2
6242,39,2
6243,39,2
6244,39,2
6245,39,2
6246,39,2
6247,39,2
6248,39,2
6249,38,2
6250,38,2
6251,38,2
6252,38,2
6253,38,2
6254,38,2
6255,38,2
6256,38,2
6257,38,2
6258,38,2
6259,38,2
6260,38,2
6261,38,2
6262,38,2
6263,38,2
6264,38,2
6265,38,2
6266,38,2
6267,38,2
6268,38,2
6269,38,2
6270,38,2
6271,38,2
6272,38,2
6273,38,2
6274,38,2
6275,38,2
6276,38,2
6277,38,2
6278,38,2
6279,38,2
6280,38,2
6281,38,2
6282,37,2
6283,37,2
6284,37,2
6285,37,2
6286,37,2
6287,37,2
6288,37,2
6289,37,2
6290,37,2
6291,37,2
6292,37,2
6293,37,2
6294,37,2
6295,37,2
6296,37,2
6297,37,2
6298,37,2
6299,37,2
6300,37,2
6301,37,2
6302,37,2
6303,37,2
6304,37,2
6305,37,2
6306,37,2
6307,37,2
6308,38,2
6309,38,2
6310,37,2
6311,37,2
6312,37,2
6313,37,2
6314,37,2
6315,37,2
6316,37,2
6317,37,2
6318,37,2
6319,37,2
6320,37,2
6321,37,2
6322,37,2
6323,37,2
6324,37,2
6325,37,2
6326,37,2
6327,37,2
6328,37,2
6329,37,2
6330,37,2
6331,37,2
6332,37,2
6333,37,2
6334,38,2
6335,38,2
6336,38,2
6337,38,2
6338,38,2
6339,38,2
6340,38,2
6341,38,2
6342,38,2
6343,37,2
6344,37,2
6345,37,2
6346,37,2
6347,37,2
6348,37,2
6349,37,2
6350,37,2
6351,37,2
6352,37,2
6353,37,2
6354,37,2
6355,37,2
6356,37,2
6357,37,2
6358,37,2
6359,37,2
6360,37,2
6361,37,2
6362,37,2
6363,37,2
6364,37,2
6365,37,2
6366,37,2
6367,37,2
6368,37,2
6369,37,2
6370,37,2
6371,37,2
6372,37,2
6373,37,2
6374,37,2
6375,37,2
6376,37,2
6377,37,2
6378,36,1
6379,36,1
6380,36,1
6381,36,1
6382,36,1
6383,36,1
6384,36,1
6385,36,1
6386,36,1
6387,36,1
6388,36,1
6389,36,1
6390,36,1
6391,36,1
6392,36,1
6393,36,1
6394,36,1
6395,37,2
6396,37,2
6397,37,2
6398,37,2
6399,37,2
6400,37,2
6401,37,2
6402,37,2
6403,37,2
6404,37,2
6405,37,2
6406,37,2
6407,37,2
6408,37,2
6409,37,2
6410,37,2
6411,37,2
6412,37,2
6413,37,2
6414,37,2
6415,37,2
6416,37,2
6417,37,2
6418,37,2
6419,37,2
6420,37,2
6421,37,2
6422,37,2
6423,37,2
6424,37,2
6425,37,2
6426,37,2
6427,37,2
6428,37,2
6429,37,2
6430,37,2
6431,37,2
6432,37,2
6433,37,2
6434,37,2
6435,37,2
6436,37,2
6437,37,2
6438,37,2
6439,37,2
6440,37,2
6441,37,2
6442,37,2
6443,37,2
6444,37,2
6445,37,2
6446,37,2
6447,37,2
6448,37,2
6449,37,2
6450,37,2
6451,37,2
6452,37,2
6453,37,2
6454,37,2
6455,37,2
6456,37,2
6457,37,2
6458,37,2
6459,37,2
6460,37,2
6461,37,2
6462,37,2
6463,37,2
6464,37,2
6465,37,2
6466,37,2
6467,37,2
6468,37,2
6469,37,2
6470,37,2
6471,37,2
6472,37,2
6473,37,2
6474,37,2
6475,37,2
6476,37,2
6477,36,2
6478,36,2
6479,36,2
6480,36,2
6481,36,2
6482,36,2
6483,36,2
6484,36,2
6485,36,2
6486,36,2
6487,37,2
6488,37,2
6489,37,2
6490,37,2
6491,37,2
6492,37,2
6493,37,2
6494,37,2
6495,37,2
6496,37,2
6497,37,2
6498,37,2
6499,37,2
6500,37,2
6501,37,2
6502,37,2
6503,37,2
6504,37,2
6505,37,2
6506,36,1
6507,36,1
6508,36,1
6509,36,1
6510,36,1
6511,36,1
6512,35,1
6513,35,1
6514,35,1
6515,35,1
6516,35,1
6517,35,1
6518,35,1
6519,35,1
6520,35,1
6521,35,1
6522,35,1
6523,35,1
6524,35,1
6525,35,1
6526,35,1
6527,35,1
6528,35,1
6529,35,1
6530,35,1
6531,35,1
6532,35,1
6533,35,1
6534,35,1
6535,35,1
6536,35,1
6537,35,1
6538,35,1
6539,35,1
6540,35,1
6541,35,1
6542,35,1
6543,35,1
6544,35,1
6545,35,1
6546,35,1
6547,35,1
6548,35,1
6549,35,1
6550,35,1
6551,35,1
6552,35,1
6553,35,1
6554,35,1
6555,35,1
6556,35,1
6557,35,1
6558,35,1
6559,35,1
6560,35,1
6561,35,1
6562,35,1
6563,35,1
6564,35,1
6565,35,1
6566,35,1
6567,35,1
6568,35,1
6569,35,1
6570,35,1
6571,35,1
6572,35,1
6573,35,1
6574,35,1
6575,35,1
6576,35,1
6577,35,1
6578,35,1
6579,35,1
6580,35,1
6581,35,1
6582,35,1
6583,35,1
6584,35,1
6585,34,1
6586,34,1
6587,34,1
6588,34,1
6589,34,1
6590,34,1
6591,34,1
6592,34,1
6593,34,1
6594,34,1
6595,34,1
6596,34,1
6597,34,1
6598,34,1
6599,34,1
6600,34,1
6601,34,1
6602,34,1
6603,34,1
6604,34,1
6605,34,1
6606,34,1
6607,34,1
6608,34,1
6609,34,1
6610,34,1
6611,34,1
6612,34,1
6613,34,1
6614,34,1
6615,34,1
6616,34,1
6617,34,1
6618,34,1
6619,34,1
6620,34,1
6621,34,1
6622,34,1
6623,34,1
6624,34,1
6625,34,1
6626,34,1
6627,34,1
6628,34,1
6629,34,1
6630,34,1
6631,34,1
6632,34,1
6633,34,1
6634,34,1
6635,34,1
6636,34,1
6637,34,1
6638,34,1
6639,34,1
6640,34,1
6641,34,1
6642,34,1
6643,34,1
6644,34,1
6645,34,1
6646,34,1
6647,34,1
6648,34,1
6649,34,1
6650,34,1
6651,34,1
6652,34,1
6653,34,1
6654,34,1
6655,34,1
6656,34,1
6657,34,1
6658,34,1
6659,34,1
6660,34,1
6661,34,1
6662,34,1
6663,34,1
6664,34,1
6665,34,1
6666,34,1
6667,34,1
6668,34,1
6669,34,1
6670,34,1
6671,34,1
6672,34,1
6673,34,1
6674,34,1
6675,34,1
6676,34,1
6677,34,1
6678,34,1
6679,33,1
6680,33,1
6681,33,1
6682,33,1
6683,33,1
6684,34,1
6685,34,1
6686,34,1
6687,34,1
6688,34,1
6689,34,1
6690,34,1
6691,34,1
6692,34,1
6693,34,1
6694,34,1
6695,34,1
6696,34,1
6697,34,1
6698,34,1
6699,34,1
6700,34,1
6701,34,1
6702,34,1
6703,34,1
6704,34,1
6705,34,1
6706,34,1
6707,34,1
6708,34,1
6709,34,1
6710,34,1
6711,34,1
6712,34,1
6713,34,1
6714,34,1
6715,34,1
6716,34,1
6717,34,1
6718,34,1
6719,34,1
6720,34,1
6721,34,1
6722,34,1
6723,34,1
6724,34,1
6725,34,1
6726,34,1
6727,34,1
6728,34,1
6729,34,1
6730,34,1
6731,34,1
6732,34,1
6733,34,1
6734,34,1
6735,34,1
6736,34,1
6737,34,1
6738,34,1
6739,34,1
6740,34,1
6741,34,1
6742,34,1
6743,34,1
6744,34,1
6745,34,1
6746,34,1
6747,34,1
6748,34,1
6749,34,1
6750,34,1
6751,34,1
6752,34,1
6753,34,1
6754,34,1
6755,34,1
6756,34,1
6757,34,1
6758,34,1
6759,34,1
6760,34,1
6761,34,1
6762,34,1
6763,35,1
6764,35,1
6765,35,1
6766,35,1
6767,35,1
6768,35,1
6769,35,1
6770,35,1
6771,35,1
6772,35,1
6773,35,1
6774,36,1
6775,36,1
6776,36,1
6777,36,1
6778,36,1
6779,36,1
6780,36,1
6781,36,1
6782,36,1
6783,36,1
6784,36,1
6785,36,1
6786,36,1
6787,36,1
6788,36,1
6789,36,1
6790,36,1
6791,36,1
6792,36,1
6793,36,1
6794,36,1
6795,35,1
6796,35,1
6797,35,1
6798,35,1
6799,35,1
6800,35,1
6801,35,1
6802,35,1
6803,35,1
6804,35,1
6805,35,1
6806,35,1
6807,35,1
6808,35,1
6809,35,1
6810,35,1
6811,35,1
6812,35,1
6813,35,1
6814,35,1
6815,35,1
6816,35,1
6817,35,1
6818,35,1
6819,35,1
6820,35,1
6821,35,1
6822,35,1
6823,35,1
6824,35,1
6825,35,1
6826,35,1
6827,35,1
6828,35,1
6829,35,1
6830,35,1
6831,35,1
6832,35,1
6833,35,1
6834,35,1
6835,34,1
6836,34,1
6837,34,1
6838,34,1
6839,34,1
6840,34,1
6841,34,1
6842,34,1
6843,34,1
6844,34,1
6845,34,1
6846,34,1
6847,35,1
6848,35,1
6849,35,1
6850,35,1
6851,35,1
6852,35,1
6853,36,1
6854,36,1
6855,36,1
6856,36,1
6857,36,1
6858,36,1
6859,36,1
6860,36,1
6861,36,1
6862,36,1
6863,36,1
6864,36,1
6865,36,1
6866,36,1
6867,36,1
6868,36,1
6869,36,1
6870,36,1
6871,36,1
6872,36,1
6873,36,1
6874,36,1
6875,36,1
6876,36,1
6877,36,1
6878,36,1
6879,36,1
6880,36,1
6881,36,1
6882,36,1
6883,36,1
6884,36,1
6885,36,1
6886,36,1
6887,36,1
6888,36,1
6889,36,1
6890,36,1
6891,36,1
6892,36,1
6893,36,1
6894,36,1
6895,36,1
6896,36,1
6897,36,1
6898,36,1
6899,36,1
6900,36,1
6901,36,1
6902,36,1
6903,36,1
6904,37,1
6905,37,1
6906,37,1
6907,37,1
6908,37,1
6909,37,1
6910,37,1
6911,37,1
6912,37,1
6913,37,1
6914,37,1
6915,37,1
6916,37,1
6917,37,1
6918,37,1
6919,37,1
6920,37,1
6921,37,1
6922,37,1
6923,37,1
6924,37,1
6925,37,1
6926,37,1
6927,37,1
6928,37,1
6929,36,1
6930,36,1
6931,36,1
6932,36,1
6933,36,1
6934,36,1
6935,36,1
6936,36,1
6937,36,1
6938,36,1
6939,36,1
6940,36,1
6941,36,1
6942,36,1
6943,36,1
6944,36,1
6945,36,1
6946,36,1
6947,36,1
6948,36,1
6949,36,1
6950,36,1
6951,36,1
6952,36,1
6953,36,1
6954,36,1
6955,36,1
6956,36,1
6957,36,1
6958,36,1
6959,36,1
6960,36,1
6961,36,1
6962,37,1
6963,37,1
6964,37,1
6965,37,1
6966,37,1
6967,37,1
6968,37,1
6969,37,1
6970,37,1
6971,37,1
6972,37,1
6973,37,1
6974,37,1
6975,37,1
6976,37,1
6977,37,1
6978,37,1
6979,37,1
6980,37,1
6981,37,1
6982,37,1
6983,37,1
6984,37,1
6985,37,1
6986,37,1
6987,37,1
6988,37,1
6989,37,1
6990,37,1
6991,37,1
6992,37,1
6993,37,1
6994,37,1
6995,37,1
6996,37,1
6997,37,1
6998,37,1
6999,37,1
7000,37,1
7001,38,1
7002,37,1
7003,37,1
7004,38,1
7005,38,1
7006,38,1
7007,38,1
7008,38,1
7009,38,1
7010,38,1
7011,38,1
7012,38,1
7013,38,1
7014,38,1
7015,38,1
7016,38,1
7017,38,1
7018,38,1
7019,38,1
7020,38,1
7021,38,1
7022,38,1
7023,38,1
7024,38,1
7025,38,1
7026,38,1
7027,38,1
7028,38,1
7029,38,1
7030,38,1
7031,38,1
7032,38,1
7033,38,1
7034,38,1
7035,38,1
7036,38,1
7037,38,1
7038,38,1
7039,38,1
7040,38,1
7041,38,1
7042,38,1
7043,38,1
7044,38,1
7045,38,1
7046,38,1
7047,38,1
7048,38,1
7049,38,1
7050,38,1
7051,38,1
7052,38,1
7053,38,1
7054,38,1
7055,38,1
7056,38,1
7057,39,1
7058,39,1
7059,39,1
7060,39,1
7061,39,1
7062,39,1
7063,39,1
7064,39,1
7065,39,1
7066,39,1
7067,39,1
7068,39,1
7069,39,1
7070,39,1
7071,40,1
7072,40,1
7073,40,1
7074,40,1
7075,40,1
7076,40,1
7077,40,1
7078,40,1
7079,40,1
7080,40,1
7081,40,1
7082,40,1
7083,40,1
7084,40,1
7085,40,1
7086,40,1
7087,40,1
7088,41,1
7089,41,1
7090,41,1
7091,41,1
7092,41,1
7093,41,1
7094,41,1
7095,42,2
7096,42,2
7097,42,2
7098,41,2
7099,41,2
7100,41,2
7101,41,2
7102,41,2
7103,41,2
7104,41,2
7105,41,2
7106,41,2
7107,41,2
7108,41,2
7109,41,2
7110,41,2
7111,41,2
7112,41,2
7113,41,2
7114,41,2
7115,41,2
7116,41,2
7117,41,2
7118,42,2
7119,42,2
7120,42,2
7121,42,2
7122,42,2
7123,42,2
7124,41,2
7125,41,2
7126,41,2
7127,41,2
7128,41,2
7129,41,2
7130,41,2
7131,41,2
7132,41,2
7133,41,2
7134,41,2
7135,41,2
7136,41,2
7137,41,2
7138,41,2
7139,41,2
7140,41,2
7141,41,2
7142,41,2
7143,41,2
7144,41,2
7145,41,2
7146,41,2
7147,41,2
7148,41,2
7149,41,2
7150,41,2
7151,41,2
7152,41,2
7153,41,2
7154,41,2
7155,41,2
7156,41,2
7157,41,2
7158,41,2
7159,41,2
7160,41,2
7161,41,2
7162,41,2
7163,41,2
7164,42,2
7165,42,2
7166,42,2
7167,42,2
7168,42,2
7169,42,2
7170,42,2
7171,42,2
7172,42,2
7173,42,2
7174,42,2
7175,42,2
7176,42,2
7177,42,2
7178,42,2
7179,42,2
7180,42,2
7181,42,2
7182,42,2
7183,42,2
7184,42,2
7185,42,2
7186,42,2
7187,42,2
7188,42,2
7189,42,2
7190,42,2
7191,42,2
7192,42,2
7193,42,2
7194,42,2
7195,42,2
7196,42,2
7197,42,2
7198,42,2
7199,42,2
7200,42,2
7201,42,2
7202,42,2
7203,42,2
7204,42,2
7205,43,2
7206,43,2
7207,43,2
7208,43,2
7209,43,2
7210,43,2
7211,43,2
7212,43,2
7213,43,2
7214,43,2
7215,43,2
7216,43,2
7217,43,2
7218,43,2
7219,43,2
7220,43,2
7221,43,2
7222,43,2
7223,43,2
7224,43,2
7225,43,2
7226,43,2
7227,43,2
7228,43,2
7229,43,2
7230,43,2
7231,43,2
7232,43,2
7233,43,2
7234,43,2
7235,43,2
7236,43,2
7237,42,2
7238,42,2
7239,42,2
7240,42,2
7241,42,2
7242,42,2
7243,42,2
7244,42,2
7245,42,2
7246,42,2
7247,42,2
7248,42,2
7249,42,2
7250,42,2
7251,42,2
7252,42,2
7253,42,2
7254,42,2
7255,42,2
7256,42,2
7257,42,2
7258,42,2
7259,42,2
7260,42,2
7261,42,2
7262,42,2
7263,42,2
7264,42,2
7265,42,2
7266,42,2
7267,42,2
7268,42,2
7269,42,2
7270,42,2
7271,42,2
7272,42,2
7273,42,2
7274,42,2
7275,42,2
7276,42,2
7277,42,2
7278,42,2
7279,42,2
7280,42,2
7281,42,2
7282,42,2
7283,42,2
7284,42,2
7285,42,2
7286,42,2
7287,42,2
7288,42,2
7289,42,2
7290,42,2
7291,42,2
7292,42,2
7293,42,2
7294,42,2
7295,42,2
7296,42,2
7297,42,2
7298,42,2
7299,42,2
7300,42,2
7301,42,2
7302,43,2
7303,43,2
7304,43,2
7305,43,2
7306,43,2
7307,43,2
7308,43,2
7309,43,2
7310,44,2
7311,44,2
7312,44,2
7313,44,2
7314,44,2
7315,44,2
7316,44,2
7317,44,2
7318,44,2
7319,44,2
7320,44,2
7321,44,2
7322,44,2
7323,44,2
7324,44,2
7325,44,2
7326,44,2
7327,44,2
7328,44,2
7329,44,2
7330,44,2
7331,44,2
7332,44,2
7333,44,2
7334,44,2
7335,44,2
7336,44,2
7337,44,2
7338,44,2
7339,44,2
7340,44,2
7341,44,2
7342,44,2
7343,44,2
7344,44,2
7345,44,2
7346,44,2
7347,44,2
7348,44,2
7349,44,2
7350,44,2
7351,44,2
7352,44,2
7353,44,2
7354,44,2
7355,44,2
7356,44,2
7357,44,2
7358,44,2
7359,44,2
7360,44,2
7361,44,2
7362,44,2
7363,44,2
7364,44,2
7365,44,2
7366,44,2
7367,44,2
7368,44,2
7369,44,2
7370,44,2
7371,44,2
7372,44,2
7373,44,2
7374,44,2
7375,44,2
7376,44,2
7377,44,2
7378,44,2
7379,44,2
7380,44,2
7381,44,2
7382,44,2
7383,44,2
7384,44,2
7385,44,2
7386,44,2
7387,44,2
7388,44,2
7389,44,2
7390,44,2
7391,44,2
7392,44,2
7393,44,2
7394,44,2
7395,44,2
7396,44,2
7397,44,2
7398,44,2
7399,44,2
7400,44,2
7401,44,2
7402,44,2
7403,44,2
7404,44,2
7405,44,2
7406,44,2
7407,44,2
7408,44,2
7409,44,2
7410,44,2
7411,44,2
7412,44,2
7413,44,2
7414,44,2
7415,44,2
7416,44,2
7417,44,2
7418,44,2
7419,44,2
7420,44,2
7421,43,2
7422,43,2
7423,42,2
7424,42,2
7425,42,2
7426,41,2
7427,41,2
7428,41,2
7429,41,2
7430,41,2
7431,41,2
7432,41,2
7433,41,2
7434,41,2
7435,41,2
7436,41,2
7437,41,2
7438,41,2
7439,41,2
7440,41,2
7441,41,2
7442,41,2
7443,42,2
7444,42,2
7445,42,2
7446,42,2
7447,42,2
7448,42,2
7449,42,2
7450,42,2
7451,42,2
7452,42,2
7453,42,2
7454,41,2
7455,41,2
7456,41,2
7457,41,2
7458,41,2
7459,41,2
7460,41,2
7461,41,2
7462,41,2
7463,41,2
7464,41,2
7465,41,2
7466,41,2
7467,41,2
7468,41,2
7469,41,2
7470,41,2
7471,41,2
7472,41,2
7473,41,2
7474,41,2
7475,41,2
7476,41,2
7477,41,2
7478,41,2
7479,41,2
7480,41,2
7481,41,2
7482,41,2
7483,41,2
7484,41,2
7485,41,2
7486,41,2
7487,41,2
7488,41,2
7489,41,2
7490,41,2
7491,41,2
7492,41,2
7493,41,2
7494,41,2
7495,41,2
7496,41,2
7497,41,2
7498,41,2
7499,41,2
7500,41,2
7501,41,2
7502,41,2
7503,41,2
7504,41,2
7505,41,2
7506,41,2
7507,41,2
7508,41,2
7509,41,2
7510,41,2
7511,41,2
7512,41,2
7513,41,2
7514,41,2
7515,41,2
7516,41,2
7517,41,2
7518,41,2
7519,41,2
7520,40,2
7521,40,2
7522,40,2
7523,40,2
7524,40,2
7525,40,2
7526,40,2
7527,40,2
7528,39,1
7529,39,1
7530,39,1
7531,39,1
7532,39,1
7533,39,1
7534,39,1
7535,39,1
7536,39,1
7537,39,1
7538,39,1
7539,39,1
7540,39,1
7541,39,1
7542,39,1
7543,39,1
7544,39,1
7545,39,1
7546,39,1
7547,39,1
7548,39,1
7549,39,1
7550,39,1
7551,39,1
7552,39,1
7553,39,1
7554,40,1
7555,40,1
7556,40,1
7557,40,1
7558,40,1
7559,40,1
7560,40,1
7561,40,1
7562,40,1
7563,40,1
7564,40,1
7565,40,1
7566,40,1
7567,40,1
7568,40,1
7569,40,1
7570,40,1
7571,40,1
7572,40,1
7573,40,1
7574,40,1
7575,40,1
7576,40,1
7577,40,1
7578,40,1
7579,40,1
7580,40,1
7581,40,1
7582,40,1
7583,40,1
7584,40,1
7585,40,1
7586,40,1
7587,40,1
7588,39,1
7589,39,1
7590,39,1
7591,39,1
7592,39,1
7593,39,1
7594,39,1
7595,39,1
7596,39,1
7597,39,1
7598,39,1
7599,39,1
7600,39,1
7601,39,1
7602,39,1
7603,39,1
7604,39,1
7605,39,1
7606,39,1
7607,39,1
7608,39,1
7609,39,1
7610,39,1
7611,39,1
7612,39,1
7613,39,1
7614,39,1
7615,39,1
7616,39,1
7617,39,1
7618,39,1
7619,39,1
7620,39,1
7621,38,1
7622,38,1
7623,38,1
7624,38,1
7625,38,1
7626,38,1
7627,37,1
7628,37,1
7629,37,1
7630,37,1
7631,37,1
7632,37,1
7633,37,1
7634,37,1
7635,37,1
7636,37,1
7637,37,1
7638,37,1
7639,37,1
7640,37,1
7641,37,1
7642,37,1
7643,37,1
7644,37,1
7645,38,1
7646,38,1
7647,38,1
7648,38,1
7649,38,1
7650,38,1
7651,38,1
7652,38,1
7653,38,1
7654,38,1
7655,38,1
7656,38,1
7657,37,1
7658,37,1
7659,37,1
7660,37,1
7661,37,1
7662,37,1
7663,37,1
7664,37,1
7665,37,1
7666,37,1
7667,37,1
7668,37,1
7669,37,1
7670,37,1
7671,37,1
7672,37,1
7673,37,1
7674,37,1
7675,37,1
7676,37,1
7677,37,1
7678,37,1
7679,37,1
7680,37,1
7681,37,1
7682,37,1
7683,37,1
7684,37,1
7685,37,1
7686,37,1
7687,37,1
7688,37,1
7689,37,1
7690,37,1
7691,37,1
7692,37,1
7693,37,1
7694,37,1
7695,37,1
7696,37,1
7697,37,1
7698,37,1
7699,37,1
7700,37,1
7701,37,1
7702,37,1
7703,37,1
7704,37,1
7705,37,1
7706,37,1
7707,37,1
7708,37,1
7709,37,1
7710,37,1
7711,37,1
7712,37,1
7713,37,1
7714,37,1
7715,37,1
7716,37,1
7717,37,1
7718,37,1
7719,37,1
7720,37,1
7721,37,1
7722,37,1
7723,37,1
7724,38,1
7725,38,1
7726,38,1
7727,38,1
7728,38,1
7729,38,1
7730,38,1
7731,38,1
7732,38,1
7733,38,1
7734,38,1
7735,38,1
7736,38,1
7737,38,1
7738,38,1
7739,38,1
7740,38,1
7741,38,1
7742,38,1
7743,38,1
7744,38,1
7745,38,1
7746,38,1
7747,38,1
7748,38,1
7749,38,1
7750,38,1
7751,38,1
7752,38,1
7753,38,1
7754,38,1
7755,38,1
7756,38,1
7757,38,1
7758,38,1
7759,38,1
7760,38,1
7761,38,1
7762,38,1
7763,38,1
7764,38,1
7765,38,1
7766,38,1
7767,38,1
7768,38,1
7769,38,1
7770,38,1
7771,38,1
7772,38,1
7773,38,1
7774,38,1
7775,38,1
7776,38,1
7777,38,1
7778,38,1
7779,38,1
7780,38,1
7781,38,1
7782,38,1
7783,38,1
7784,38,1
7785,38,1
7786,38,1
7787,38,1
7788,38,1
7789,38,1
7790,38,1
7791,38,1
7792,38,1
7793,38,1
7794,38,1
7795,38,1
7796,38,1
7797,38,1
7798,38,1
7799,38,1
7800,38,1
7801,38,1
7802,38,1
7803,38,1
7804,38,1
7805,38,1
7806,38,1
7807,38,1
7808,38,1
7809,38,1
7810,38,1
7811,38,1
7812,38,1
7813,38,1
7814,38,1
7815,38,1
7816,38,1
7817,38,1
7818,39,1
7819,39,1
7820,39,1
7821,39,1
7822,39,1
7823,39,1
7824,39,1
7825,39,1
7826,39,1
7827,39,1
7828,39,1
7829,39,1
7830,39,1
7831,39,1
7832,39,1
7833,39,1
7834,39,1
7835,39,1
7836,39,1
7837,39,1
7838,39,1
7839,39,1
7840,39,1
7841,39,1
7842,39,1
7843,39,1
7844,39,1
7845,39,1
7846,39,1
7847,39,1
7848,39,1
7849,39,1
7850,39,1
7851,39,1
7852,39,1
7853,39,1
7854,39,1
7855,39,1
7856,39,1
7857,39,1
7858,39,1
7859,39,1
7860,39,1
7861,39,1
7862,39,1
7863,39,1
7864,39,1
7865,40,1
7866,40,1
7867,40,1
7868,40,1
7869,40,1
7870,40,1
7871,40,1
7872,40,1
7873,40,1
7874,40,1
7875,40,1
7876,40,1
7877,40,1
7878,40,1
7879,40,1
7880,40,1
7881,40,1
7882,40,1
7883,40,1
7884,40,1
7885,40,1
7886,40,1
7887,40,1
7888,40,1
7889,39,1
7890,39,1
7891,39,1
7892,39,1
7893,39,1
7894,39,1
7895,39,1
7896,39,1
7897,39,1
7898,39,1
7899,39,1
7900,39,1
7901,39,1
7902,40,1
7903,40,1
7904,40,1
7905,40,1
7906,40,1
7907,40,1
7908,40,1
7909,40,1
7910,40,1
7911,40,1
7912,40,1
7913,40,1
7914,40,1
7915,40,1
7916,40,1
7917,40,1
7918,40,1
7919,40,1
7920,40,1
7921,40,1
7922,40,1
7923,40,1
7924,40,1
7925,40,1
7926,40,1
7927,40,1
7928,40,1
7929,40,1
7930,40,1
7931,40,1
7932,40,1
7933,40,1
7934,40,1
7935,40,1
7936,40,1
7937,40,1
7938,40,1
7939,40,1
7940,40,1
7941,40,1
7942,40,1
7943,40,1
7944,40,1
7945,40,1
7946,40,1
7947,40,1
7948,40,1
7949,40,1
7950,40,1
7951,40,1
7952,40,1
7953,40,1
7954,40,1
7955,40,1
7956,40,1
7957,40,1
7958,40,1
7959,40,1
7960,40,1
7961,40,1
7962,40,1
7963,40,1
7964,40,1
7965,40,1
7966,40,1
7967,40,1
7968,40,1
7969,40,1
7970,40,1
7971,40,1
7972,40,1
7973,40,1
7974,40,1
7975,40,1
7976,40,1
7977,40,1
7978,40,1
7979,41,1
7980,41,1
7981,41,1
7982,41,1
7983,41,1
7984,41,1
7985,41,1
7986,41,1
7987,41,1
7988,41,1
7989,41,1
7990,41,1
7991,41,1
7992,41,1
7993,41,1
7994,41,1
7995,41,1
7996,41,1
7997,42,1
7998,42,1
7999,42,1
8000,42,1
8001,42,1
8002,42,1
8003,42,1
8004,42,1
8005,42,1
8006,42,1
8007,43,1
8008,43,1
8009,43,1
8010,43,1
8011,43,1
8012,44,1
8013,44,1
8014,44,1
8015,44,1
8016,44,1
8017,44,1
8018,44,1
8019,44,1
8020,44,1
8021,44,1
8022,44,1
8023,44,1
8024,44,1
8025,44,1
8026,43,1
8027,43,1
8028,44,1
8029,44,1
8030,44,1
8031,44,1
8032,44,1
8033,44,1
8034,44,1
8035,44,1
8036,44,1
8037,44,1
8038,44,1
8039,44,1
8040,44,1
8041,44,1
8042,44,1
8043,44,1
8044,44,1
8045,44,1
8046,44,1
8047,44,1
8048,44,1
8049,44,1
8050,44,1
8051,44,1
8052,44,1
8053,44,1
8054,44,1
8055,44,1
8056,44,1
8057,44,1
8058,44,1
8059,43,1
8060,43,1
8061,43,1
8062,43,1
8063,43,1
8064,43,1
8065,43,1
8066,43,1
8067,43,1
8068,43,1
8069,43,1
8070,43,1
8071,43,1
8072,43,1
8073,43,1
8074,43,1
8075,43,1
8076,43,1
8077,43,1
8078,43,1
8079,43,1
8080,43,1
8081,43,1
8082,43,1
8083,43,1
8084,43,1
8085,43,1
8086,43,1
8087,43,1
8088,43,1
8089,43,1
8090,43,1
8091,43,1
8092,43,1
8093,43,1
8094,43,1
8095,43,1
8096,43,1
8097,42,0
8098,42,0
8099,42,0
8100,42,0
8101,42,0
8102,42,0
8103,42,0
8104,42,0
8105,42,0
8106,42,0
8107,42,0
8108,42,0
8109,42,0
8110,42,0
8111,42,0
8112,42,0
8113,42,0
8114,42,0
8115,42,0
8116,42,0
8117,42,0
8118,42,0
8119,42,0
8120,42,0
8121,42,0
8122,42,0
8123,42,0
8124,42,0
8125,42,0
8126,42,0
8127,42,0
8128,42,0
8129,42,0
8130,42,0
8131,42,0
8132,42,0
8133,42,0
8134,42,0
8135,41,0
8136,41,0
8137,41,0
8138,41,0
8139,41,0
8140,41,0
8141,41,0
8142,41,0
8143,41,0
8144,41,0
8145,41,0
8146,41,0
8147,41,0
8148,41,0
8149,41,0
8150,41,0
8151,41,0
8152,41,0
8153,41,0
8154,41,0
8155,41,0
8156,41,0
8157,41,0
8158,41,0
8159,41,0
8160,41,0
8161,41,0
8162,41,0
8163,41,0
8164,41,0
8165,41,0
8166,41,0
8167,41,0
8168,41,0
8169,41,0
8170,41,0
8171,41,0
8172,41,0
8173,41,0
8174,41,0
8175,41,0
8176,41,0
8177,41,0
8178,41,0
8179,41,0
8180,41,0
8181,41,0
8182,41,0
8183,41,0
8184,41,0
8185,41,0
8186,41,0
8187,41,0
8188,41,0
8189,41,0
8190,41,0
8191,41,0
8192,41,0
8193,41,0
8194,41,0
8195,41,0
8196,41,0
8197,41,0
8198,41,0
8199,41,0
8200,41,0
8201,41,0
8202,41,0
8203,41,0
8204,41,0
8205,41,0
8206,41,0
8207,41,0
8208,41,0
8209,41,0
8210,41,0
8211,41,0
8212,41,0
8213,41,0
8214,41,0
8215,41,0
8216,41,0
8217,41,0
8218,41,0
8219,41,0
8220,41,0
8221,41,0
8222,41,0
8223,41,0
8224,41,0
8225,41,0
8226,41,0
8227,41,0
8228,41,0
8229,41,0
8230,41,0
8231,41,0
8232,41,0
8233,41,0
8234,40,0
8235,40,0
8236,40,0
8237,40,0
8238,40,0
8239,40,0
8240,40,0
8241,40,0
8242,40,0
8243,40,0
8244,40,0
8245,40,0
8246,40,0
8247,40,0
8248,40,0
8249,40,0
8250,40,0
8251,40,0
8252,40,0
8253,40,0
8254,40,0
8255,40,0
8256,40,0
8257,39,0
8258,39,0
8259,39,0
8260,39,0
8261,39,0
8262,39,0
8263,39,0
8264,39,0
8265,39,0
8266,39,0
8267,39,0
8268,39,0
8269,39,0
8270,39,0
8271,39,0
8272,39,0
8273,39,0
8274,39,0
8275,39,0
8276,39,0
8277,39,0
8278,39,0
8279,39,0
8280,39,0
8281,39,0
8282,39,0
8283,39,0
8284,39,0
8285,39,0
8286,39,0
8287,39,0
8288,39,0
8289,39,0
8290,38,0
8291,38,0
8292,38,0
8293,38,0
8294,38,0
8295,38,0
8296,38,0
8297,38,0
8298,38,0
8299,38,0
8300,38,0
8301,38,0
8302,38,0
8303,37,0
8304,37,0
8305,37,0
8306,37,0
8307,37,0
8308,37,0
8309,37,0
8310,37,0
8311,37,0
8312,37,0
8313,37,0
8314,37,0
8315,37,0
8316,37,0
8317,37,0
8318,37,0
8319,37,0
8320,37,0
8321,37,0
8322,37,0
8323,37,0
8324,37,0
8325,37,0
8326,37,0
8327,37,0
8328,37,0
8329,37,0
8330,37,0
8331,37,0
8332,37,0
8333,37,0
8334,37,0
8335,37,0
8336,37,0
8337,37,0
8338,37,0
8339,37,0
8340,37,0
8341,38,0
8342,38,0
8343,38,0
8344,38,0
8345,38,0
8346,38,0
8347,38,0
8348,38,0
8349,38,0
8350,38,0
8351,38,0
8352,38,0
8353,38,0
8354,38,0
8355,38,0
8356,38,0
8357,38,0
8358,38,0
8359,38,0
8360,38,0
8361,39,0
8362,39,0
8363,39,0
8364,39,0
8365,39,0
8366,39,0
8367,39,0
8368,39,0
8369,39,0
8370,39,0
8371,39,0
8372,39,0
8373,39,0
8374,39,0
8375,39,0
8376,39,0
8377,39,0
8378,39,0
8379,39,0
8380,39,0
8381,39,0
8382,39,0
8383,39,0
8384,39,0
8385,39,0
8386,39,0
8387,39,0
8388,39,0
8389,38,0
8390,38,0
8391,38,0
8392,38,0
8393,38,0
8394,38,0
8395,38,0
8396,38,0
8397,38,0
8398,38,0
8399,38,0
8400,38,0
8401,38,0
8402,38,0
8403,38,0
8404,38,0
8405,38,0
8406,38,0
8407,38,0
8408,38,0
8409,38,0
8410,38,0
8411,38,0
8412,38,0
8413,38,0
8414,38,0
8415,38,0
8416,38,0
8417,38,0
8418,38,0
8419,38,0
8420,38,0
8421,38,0
8422,38,0
8423,38,0
8424,38,0
8425,38,0
8426,38,0
8427,38,0
8428,38,0
8429,38,0
8430,38,0
8431,38,0
8432,38,0
8433,38,0
8434,38,0
8435,38,0
8436,38,0
8437,38,0
8438,38,0
8439,38,0
8440,38,0
8441,38,0
8442,38,0
8443,38,0
8444,38,0
8445,38,0
8446,38,0
8447,38,0
8448,39,0
8449,39,0
8450,39,0
8451,39,0
8452,39,0
8453,39,0
8454,39,0
8455,39,0
8456,39,0
8457,39,0
8458,39,0
8459,39,0
8460,39,0
8461,39,0
8462,39,0
8463,39,0
8464,39,0
8465,39,0
8466,40,0
8467,40,0
8468,40,0
8469,40,0
8470,40,0
8471,40,0
8472,40,0
8473,40,0
8474,40,0
8475,40,0
8476,40,0
8477,40,0
8478,40,0
8479,40,0
8480,40,0
8481,40,0
8482,40,0
8483,40,0
8484,40,0
8485,40,0
8486,40,0
8487,40,0
8488,40,0
8489,40,0
8490,40,0
8491,40,0
8492,40,0
8493,40,0
8494,40,0
8495,40,0
8496,40,0
8497,40,0
8498,40,0
8499,40,0
8500,40,0
8501,40,0
8502,40,0
8503,40,0
8504,40,0
8505,40,0
8506,40,0
8507,40,0
8508,40,0
8509,41,0
8510,41,0
8511,41,0
8512,41,0
8513,41,0
8514,41,0
8515,41,0
8516,41,0
8517,41,0
8518,41,0
8519,41,0
8520,41,0
8521,41,0
8522,41,0
8523,42,0
8524,42,0
8525,42,0
8526,42,0
8527,42,0
8528,42,0
8529,42,0
8530,42,0
8531,42,0
8532,42,0
8533,42,0
8534,42,0
8535,42,0
8536,42,0
8537,41,0
8538,41,0
8539,41,0
8540,41,0
8541,41,0
8542,41,0
8543,41,0
8544,41,0
8545,41,0
8546,41,0
8547,41,0
8548,41,0
8549,41,0
8550,41,0
8551,41,0
8552,41,0
8553,41,0
8554,41,0
8555,41,0
8556,41,0
8557,41,0
8558,41,0
8559,41,0
8560,41,0
8561,41,0
8562,41,0
8563,41,0
8564,41,0
8565,41,0
8566,41,0
8567,42,0
8568,42,0
8569,42,0
8570,42,0
8571,42,0
8572,42,0
8573,42,0
8574,42,0
8575,42,0
8576,42,0
8577,42,0
8578,42,0
8579,42,0
8580,42,0
8581,42,0
8582,42,0
8583,42,0
8584,42,0
8585,42,0
8586,42,0
8587,43,0
8588,43,0
8589,43,0
8590,43,0
8591,44,0
8592,45,0
8593,45,0
8594,45,0
8595,45,0
8596,45,0
8597,45,0
8598,45,0
8599,45,0
8600,45,0
8601,45,0
8602,45,0
8603,45,0
8604,45,0
8605,45,0
8606,45,0
8607,45,0
8608,45,0
8609,45,0
8610,45,0
8611,45,0
8612,45,0
8613,45,0
8614,45,0
8615,45,0
8616,45,0
8617,45,0
8618,45,0
8619,45,0
8620,45,0
8621,45,0
8622,45,0
8623,45,0
8624,45,0
8625,45,0
8626,45,0
8627,45,0
8628,45,0
8629,45,0
8630,45,0
8631,45,0
8632,45,0
8633,45,0
8634,45,0
8635,45,0
8636,45,0
8637,45,0
8638,45,0
8639,45,0
8640,45,0
8641,45,0
8642,45,0
8643,45,0
8644,45,0
8645,45,0
8646,45,0
8647,45,0
8648,45,0
8649,45,0
8650,45,0
8651,45,0
8652,45,0
8653,44,0
8654,44,0
8655,44,0
8656,44,0
8657,44,0
8658,44,0
8659,44,0
8660,44,0
8661,44,0
8662,44,0
8663,44,0
8664,44,0
8665,44,0
8666,44,0
8667,44,0
8668,44,0
8669,44,0
8670,44,0
8671,44,0
8672,44,0
8673,44,0
8674,44,0
8675,44,0
8676,44,0
8677,44,0
8678,44,0
8679,44,0
8680,44,0
8681,44,0
8682,44,0
8683,44,0
8684,44,0
8685,44,0
8686,44,0
8687,44,0
8688,44,0
8689,44,0
8690,44,0
8691,44,0
8692,44,0
8693,44,0
8694,44,0
8695,44,0
8696,44,0
8697,44,0
8698,44,0
8699,44,0
8700,44,0
8701,44,0
8702,44,0
8703,44,0
8704,44,0
8705,44,0
8706,44,0
8707,44,0
8708,44,0
8709,44,0
8710,44,0
8711,44,0
8712,44,0
8713,44,0
8714,44,0
8715,44,0
8716,44,0
8717,44,0
8718,44,0
8719,44,0
8720,44,0
8721,44,0
8722,43,0
8723,43,0
8724,43,0
8725,43,0
8726,43,0
8727,43,0
8728,43,0
8729,43,0
8730,44,0
8731,44,0
8732,44,0
8733,44,0
8734,44,0
8735,44,0
8736,44,0
8737,44,0
8738,44,0
8739,44,0
8740,44,0
8741,44,0
8742,44,0
8743,45,0
8744,45,0
8745,45,0
8746,45,0
8747,45,0
8748,45,0
8749,45,0
8750,45,0
8751,45,0
8752,44,0
8753,44,0
8754,44,0
8755,44,0
8756,44,0
8757,44,0
8758,44,0
8759,44,0
8760,44,0
8761,44,0
8762,44,0
8763,44,0
8764,44,0
8765,44,0
8766,44,0
8767,44,0
8768,44,0
8769,44,0
8770,44,0
8771,44,0
8772,44,0
8773,44,0
8774,44,0
8775,44,0
8776,44,0
8777,44,0
8778,44,0
8779,44,0
8780,44,0
8781,44,0
8782,44,0
8783,44,0
8784,44,0
8785,44,0
8786,44,0
8787,44,0
8788,44,0
8789,44,0
8790,43,0
8791,43,0
8792,43,0
8793,43,0
8794,43,0
8795,43,0
8796,43,0
8797,43,0
8798,43,0
8799,43,0
8800,43,0
8801,43,0
8802,43,0
8803,43,0
8804,43,0
8805,43,0
8806,43,0
8807,43,0
8808,43,0
8809,43,0
8810,43,0
8811,43,0
8812,43,0
8813,43,0
8814,43,0
8815,43,0
8816,43,0
8817,43,0
8818,43,0
8819,43,0
8820,43,0
8821,43,0
8822,43,0
8823,43,0
8824,43,0
8825,43,0
8826,43,0
8827,43,0
8828,43,0
8829,43,0
8830,43,0
8831,43,0
8832,43,0
8833,43,0
8834,43,0
8835,43,0
8836,43,0
8837,43,0
8838,43,0
8839,43,0
8840,43,0
8841,43,0
8842,43,0
8843,43,0
8844,43,0
8845,43,0
8846,43,0
8847,43,0
8848,43,0
8849,43,0
8850,43,0
8851,43,0
8852,43,0
8853,43,0
8854,43,0
8855,43,0
8856,42,0
8857,42,0
8858,42,0
8859,42,0
8860,42,0
8861,42,0
8862,42,0
8863,42,0
8864,42,0
8865,42,0
8866,42,0
8867,42,0
8868,42,0
8869,42,0
8870,42,0
8871,42,0
8872,42,0
8873,42,0
8874,42,0
8875,42,0
8876,42,0
8877,42,0
8878,42,0
8879,42,0
8880,42,0
8881,42,0
8882,42,0
8883,42,0
8884,41,0
8885,41,0
8886,41,0
8887,41,0
8888,41,0
8889,41,0
8890,41,0
8891,41,0
8892,41,0
8893,41,0
8894,41,0
8895,41,0
8896,41,0
8897,41,0
8898,41,0
8899,41,0
8900,41,0
8901,41,0
8902,41,0
8903,41,0
8904,41,0
8905,41,0
8906,41,0
8907,41,0
8908,41,0
8909,41,0
8910,41,0
8911,41,0
8912,41,0
8913,41,0
8914,41,0
8915,41,0
8916,41,0
8917,40,0
8918,40,0
8919,40,0
8920,40,0
8921,40,0
8922,40,0
8923,40,0
8924,40,0
8925,40,0
8926,40,0
8927,40,0
8928,40,0
8929,40,0
8930,40,0
8931,40,0
8932,40,0
8933,40,0
8934,40,0
8935,40,0
8936,40,0
8937,40,0
8938,40,0
8939,40,0
8940,40,0
8941,40,0
8942,40,0
8943,40,0
8944,40,0
8945,40,0
8946,40,0
8947,40,0
8948,40,0
8949,40,0
8950,39,0
8951,39,0
8952,39,0
8953,39,0
8954,39,0
8955,40,0
8956,40,0
8957,40,0
8958,40,0
8959,40,0
8960,40,0
8961,40,0
8962,40,0
8963,40,0
8964,40,0
8965,40,0
8966,40,0
8967,40,0
8968,40,0
8969,40,0
8970,40,0
8971,40,0
8972,40,0
8973,40,0
8974,41,0
8975,41,0
8976,41,0
8977,41,0
8978,41,0
8979,41,0
8980,41,0
8981,41,0
8982,41,0
8983,41,0
8984,41,0
8985,41,0
8986,41,0
8987,41,0
8988,41,0
8989,41,0
8990,41,0
8991,41,0
8992,41,0
8993,41,0
8994,41,0
8995,41,0
8996,41,0
8997,41,0
8998,41,0
8999,41,0
9000,41,0
9001,42,1
9002,42,1
9003,42,1
9004,42,1
9005,42,1
9006,42,1
9007,42,1
9008,42,1
9009,42,1
9010,42,1
9011,42,1
9012,42,1
9013,42,1
9014,42,1
9015,42,1
9016,42,1
9017,42,1
9018,42,1
9019,42,1
9020,42,1
9021,42,1
9022,42,1
9023,42,1
9024,42,1
9025,43,1
9026,43,1
9027,43,1
9028,43,1
9029,43,1
9030,43,1
9031,43,1
9032,43,1
9033,43,1
9034,43,1
9035,43,1
9036,43,1
9037,43,1
9038,43,1
9039,43,1
9040,43,1
9041,43,1
9042,43,1
9043,43,1
9044,44,1
9045,44,1
9046,44,1
9047,44,1
9048,44,1
9049,44,1
9050,44,1
9051,44,1
9052,44,1
9053,44,1
9054,44,1
9055,44,1
9056,44,1
9057,44,1
9058,44,1
9059,44,1
9060,44,1
9061,44,1
9062,44,1
9063,45,1
9064,45,1
9065,45,1
9066,45,1
9067,45,1
9068,45,1
9069,45,1
9070,45,1
9071,45,1
9072,45,1
9073,45,1
9074,45,1
9075,45,1
9076,45,1
9077,45,1
9078,45,1
9079,45,1
9080,45,1
9081,45,1
9082,45,1
9083,45,1
9084,45,1
9085,45,1
9086,45,1
9087,45,1
9088,45,1
9089,45,1
9090,46,1
9091,46,1
9092,47,1
9093,47,1
9094,47,1
9095,47,1
9096,47,1
9097,47,1
9098,47,1
9099,47,1
9100,47,1
9101,47,1
9102,47,1
9103,47,1
9104,47,1
9105,47,1
9106,48,1
9107,48,1
9108,48,1
9109,48,1
9110,48,1
9111,48,1
9112,48,1
9113,48,1
9114,48,1
9115,48,1
9116,48,1
9117,48,1
9118,49,1
9119,49,1
9120,49,1
9121,49,1
9122,49,1
9123,49,1
9124,49,1
9125,49,1
9126,49,1
9127,49,1
9128,49,1
9129,49,1
9130,49,1
9131,49,1
9132,49,1
9133,49,1
9134,49,1
9135,49,1
9136,49,1
9137,49,1
9138,49,1
9139,49,1
9140,49,1
9141,49,1
9142,49,1
9143,49,1
9144,49,1
9145,49,1
9146,49,1
9147,49,1
9148,49,1
9149,49,1
9150,49,1
9151,49,1
9152,49,1
9153,49,1
9154,49,1
9155,49,1
9156,49,1
9157,49,1
9158,49,1
9159,48,1
9160,48,1
9161,48,1
9162,48,1
9163,49,1
9164,49,1
9165,49,1
9166,49,1
9167,49,1
9168,49,1
9169,49,1
9170,49,1
9171,49,1
9172,49,1
9173,49,1
9174,49,1
9175,49,1
9176,49,1
9177,49,1
9178,49,1
9179,49,1
9180,49,1
9181,48,1
9182,48,1
9183,48,1
9184,48,1
9185,48,1
9186,48,1
9187,48,1
9188,48,1
9189,48,1
9190,49,1
9191,49,1
9192,49,1
9193,49,1
9194,49,1
9195,49,1
9196,49,1
9197,49,1
9198,49,1
9199,49,1
9200,49,1
9201,49,1
9202,49,1
9203,49,1
9204,49,1
9205,49,1
9206,49,1
9207,49,1
9208,49,1
9209,49,1
9210,49,1
9211,49,1
9212,49,1
9213,49,1
9214,49,1
9215,49,1
9216,49,1
9217,49,1
9218,49,1
9219,49,1
9220,49,1
9221,49,1
9222,49,1
9223,49,1
9224,49,1
9225,49,1
9226,49,1
9227,49,1
9228,49,1
9229,49,1
9230,49,1
9231,49,1
9232,49,1
9233,49,1
9234,49,1
9235,49,1
9236,49,1
9237,49,1
9238,49,1
9239,49,1
9240,49,1
9241,49,1
9242,49,1
9243,49,1
9244,49,1
9245,49,1
9246,50,1
9247,50,1
9248,50,1
9249,50,1
9250,50,1
9251,50,1
9252,50,1
9253,50,1
9254,50,1
9255,50,1
9256,50,1
9257,50,1
9258,50,1
9259,50,1
9260,50,1
9261,50,1
9262,50,1
9263,50,1
9264,50,1
9265,50,1
9266,50,1
9267,50,1
9268,50,1
9269,50,1
9270,50,1
9271,50,1
9272,50,1
9273,49,1
9274,49,1
9275,49,1
9276,49,1
9277,49,1
9278,49,1
9279,49,1
9280,49,1
9281,49,1
9282,49,1
9283,49,1
9284,49,1
9285,49,1
9286,49,1
9287,49,1
9288,49,1
9289,49,1
9290,49,1
9291,49,1
9292,49,1
9293,49,1
9294,49,1
9295,49,1
9296,49,1
9297,49,1
9298,49,1
9299,49,1
9300,49,1
9301,49,1
9302,49,1
9303,49,1
9304,49,1
9305,49,1
9306,49,1
9307,50,1
9308,50,1
9309,50,1
9310,50,1
9311,50,1
9312,50,1
9313,50,1
9314,50,1
9315,50,1
9316,50,1
9317,50,1
9318,50,1
9319,50,1
9320,50,1
9321,50,1
9322,50,1
9323,50,1
9324,50,1
9325,50,1
9326,50,1
9327,50,1
9328,50,1
9329,50,1
9330,50,1
9331,50,1
9332,50,1
9333,50,1
9334,50,1
9335,50,1
9336,50,1
9337,50,1
9338,50,1
9339,50,1
9340,50,1
9341,50,1
9342,50,1
9343,50,1
9344,50,1
9345,50,1
9346,50,1
9347,50,1
9348,50,1
9349,50,1
9350,50,1
9351,50,1
9352,50,1
9353,50,1
9354,50,1
9355,50,1
9356,50,1
9357,50,1
9358,50,1
9359,50,1
9360,50,1
9361,50,1
9362,50,1
9363,50,1
9364,50,1
9365,50,1
9366,50,1
9367,50,1
9368,50,1
9369,50,1
9370,50,1
9371,50,1
9372,51,1
9373,51,1
9374,51,1
9375,51,1
9376,51,1
9377,51,1
9378,51,1
9379,51,1
9380,51,1
9381,51,1
9382,51,1
9383,51,1
9384,51,1
9385,51,1
9386,51,1
9387,51,1
9388,51,1
9389,51,1
9390,51,1
9391,51,1
9392,51,1
9393,51,1
9394,51,1
9395,51,1
9396,51,1
9397,52,1
9398,52,1
9399,52,1
9400,52,1
9401,52,1
9402,52,1
9403,52,1
9404,52,1
9405,52,1
9406,52,1
9407,52,1
9408,52,1
9409,52,1
9410,52,1
9411,52,1
9412,52,1
9413,52,1
9414,52,1
9415,52,1
9416,52,1
9417,52,1
9418,53,1
9419,53,1
9420,53,1
9421,53,1
9422,53,1
9423,54,1
9424,54,1
9425,54,1
9426,54,1
9427,54,1
9428,55,1
9429,55,1
9430,55,1
9431,55,1
9432,55,1
9433,55,1
9434,55,1
9435,55,1
9436,55,1
9437,55,1
9438,55,1
9439,55,1
9440,56,1
9441,56,1
9442,56,1
9443,56,1
9444,56,1
9445,56,1
9446,56,1
9447,56,1
9448,56,1
9449,56,1
9450,56,1
9451,56,1
9452,56,1
9453,56,1
9454,56,1
9455,56,1
9456,56,1
9457,56,1
9458,56,1
9459,56,1
9460,56,1
9461,56,1
9462,56,1
9463,56,1
9464,56,1
9465,56,1
9466,56,1
9467,56,1
9468,56,1
9469,56,1
9470,56,1
9471,56,1
9472,56,1
9473,56,1
9474,56,1
9475,56,1
9476,56,1
9477,56,1
9478,56,1
9479,56,1
9480,56,1
9481,56,1
9482,56,1
9483,56,1
9484,56,1
9485,56,1
9486,56,1
9487,56,1
9488,56,1
9489,56,1
9490,56,1
9491,56,1
9492,56,1
9493,56,1
9494,57,1
9495,57,1
9496,57,1
9497,57,1
9498,58,1
9499,58,1
9500,58,1
9501,58,1
9502,58,1
9503,58,1
9504,58,1
9505,58,1
9506,58,1
9507,58,1
9508,58,1
9509,57,1
9510,57,1
9511,57,1
9512,57,1
9513,57,1
9514,57,1
9515,57,1
9516,57,1
9517,57,1
9518,58,1
9519,58,1
9520,58,1
9521,58,1
9522,58,1
9523,58,1
9524,58,1
9525,58,1
9526,58,1
9527,58,1
9528,58,1
9529,58,1
9530,58,1
9531,59,1
9532,59,1
9533,59,1
9534,59,1
9535,59,1
9536,59,1
9537,59,1
9538,59,1
9539,59,1
9540,59,1
9541,59,1
9542,59,1
9543,59,1
9544,59,1
9545,59,1
9546,59,1
9547,59,1
9548,59,1
9549,59,1
9550,59,1
9551,59,1
9552,59,1
9553,59,1
9554,59,1
9555,59,1
9556,59,1
9557,59,1
9558,59,1
9559,59,1
9560,59,1
9561,59,1
9562,59,1
9563,59,1
9564,59,1
9565,59,1
9566,59,1
9567,59,1
9568,59,1
9569,59,1
9570,59,1
9571,59,1
9572,59,1
9573,59,1
9574,59,1
9575,58,1
9576,58,1
9577,58,1
9578,58,1
9579,58,1
9580,58,1
9581,58,1
9582,58,1
9583,58,1
9584,58,1
9585,58,1
9586,58,1
9587,58,1
9588,58,1
9589,57,1
9590,57,1
9591,57,1
9592,57,1
9593,57,1
9594,57,1
9595,57,1
9596,57,1
9597,57,1
9598,57,1
9599,57,1
9600,57,1
9601,57,1
9602,57,1
9603,57,1
9604,57,1
9605,57,1
9606,57,1
9607,57,1
9608,57,1
9609,57,1
9610,57,1
9611,57,1
9612,57,1
9613,57,1
9614,57,1
9615,57,1
9616,57,1
9617,57,1
9618,57,1
9619,57,1
9620,57,1
9621,57,1
9622,57,1
9623,57,1
9624,57,1
9625,57,1
9626,57,1
9627,57,1
9628,57,1
9629,57,1
9630,57,1
9631,57,1
9632,57,1
9633,57,1
9634,57,1
9635,57,1
9636,57,1
9637,57,1
9638,57,1
9639,57,1
9640,57,1
9641,57,1
9642,57,1
9643,56,1
9644,56,1
9645,56,1
9646,56,1
9647,56,1
9648,56,1
9649,56,1
9650,56,1
9651,56,1
9652,56,1
9653,56,1
9654,56,1
9655,56,1
9656,56,1
9657,56,1
9658,56,1
9659,56,1
9660,56,1
9661,56,1
9662,56,1
9663,56,1
9664,56,1
9665,56,1
9666,56,1
9667,56,1
9668,56,1
9669,56,1
9670,56,1
9671,56,1
9672,56,1
9673,56,1
9674,56,1
9675,56,1
9676,56,1
9677,56,1
9678,56,1
9679,56,1
9680,56,1
9681,56,1
9682,56,1
9683,56,1
9684,56,1
9685,56,1
9686,56,1
9687,57,1
9688,57,1
9689,57,1
9690,57,1
9691,57,1
9692,57,1
9693,57,1
9694,57,1
9695,57,1
9696,57,1
9697,57,1
9698,57,1
9699,57,1
9700,57,1
9701,57,1
9702,57,1
9703,57,1
9704,57,1
9705,57,1
9706,57,1
9707,57,1
9708,57,1
9709,57,1
9710,57,1
9711,57,1
9712,57,1
9713,57,1
9714,57,1
9715,57,1
9716,57,1
9717,57,1
9718,57,1
9719,57,1
9720,57,1
9721,56,0
9722,56,0
9723,57,0
9724,57,0
9725,57,0
9726,57,0
9727,57,0
9728,57,0
9729,57,0
9730,57,0
9731,57,0
9732,57,0
9733,57,0
9734,57,0
9735,57,0
9736,57,0
9737,57,0
9738,57,0
9739,57,0
9740,57,0
9741,57,0
9742,56,0
9743,56,0
9744,56,0
9745,56,0
9746,56,0
9747,56,0
9748,56,0
9749,56,0
9750,56,0
9751,56,0
9752,56,0
9753,56,0
9754,56,0
9755,56,0
9756,56,0
9757,56,0
9758,56,0
9759,56,0
9760,56,0
9761,57,0
9762,58,0
9763,58,0
9764,58,0
9765,58,0
9766,58,0
9767,58,0
9768,58,0
9769,58,0
9770,58,0
9771,59,0
9772,59,0
9773,59,0
9774,59,0
9775,58,0
9776,58,0
9777,58,0
9778,58,0
9779,58,0
9780,58,0
9781,58,0
9782,58,0
9783,58,0
9784,58,0
9785,58,0
9786,58,0
9787,58,0
9788,58,0
9789,58,0
9790,58,0
9791,58,0
9792,58,0
9793,58,0
9794,58,0
9795,58,0
9796,58,0
9797,58,0
9798,58,0
9799,58,0
9800,58,0
9801,58,0
9802,58,0
9803,58,0
9804,58,0
9805,58,0
9806,58,0
9807,58,0
9808,58,0
9809,59,0
9810,59,0
9811,59,0
9812,59,0
9813,59,0
9814,59,0
9815,59,0
9816,59,0
9817,59,0
9818,59,0
9819,59,0
9820,59,0
9821,59,0
9822,59,0
9823,59,0
9824,59,0
9825,59,0
9826,59,0
9827,59,0
9828,59,0
9829,59,0
9830,59,0
9831,59,0
9832,59,0
9833,59,0
9834,59,0
9835,59,0
9836,59,0
9837,59,0
9838,59,0
9839,59,0
9840,59,0
9841,58,0
9842,58,0
9843,58,0
9844,58,0
9845,58,0
9846,58,0
9847,58,0
9848,58,0
9849,58,0
9850,58,0
9851,58,0
9852,58,0
9853,58,0
9854,58,0
9855,58,0
9856,58,0
9857,58,0
9858,58,0
9859,58,0
9860,58,0
9861,58,0
9862,58,0
9863,58,0
9864,58,0
9865,58,0
9866,58,0
9867,58,0
9868,58,0
9869,58,0
9870,58,0
9871,58,0
9872,58,0
9873,58,0
9874,58,0
9875,58,0
9876,58,0
9877,58,0
9878,58,0
9879,58,0
9880,58,0
9881,58,0
9882,58,0
9883,58,0
9884,58,0
9885,58,0
9886,58,0
9887,58,0
9888,58,0
9889,58,0
9890,58,0
9891,58,0
9892,58,0
9893,58,0
9894,58,0
9895,58,0
9896,58,0
9897,58,0
9898,58,0
9899,58,0
9900,58,0
9901,58,0
9902,58,0
9903,58,0
9904,58,0
9905,59,0
9906,59,0
9907,59,0
9908,59,0
9909,59,0
9910,59,0
9911,59,0
9912,59,0
9913,59,0
9914,59,0
9915,59,0
9916,59,0
9917,59,0
9918,59,0
9919,59,0
9920,59,0
9921,59,0
9922,59,0
9923,59,0
9924,59,0
9925,59,0
9926,59,0
9927,59,0
9928,59,0
9929,59,0
9930,59,0
9931,59,0
9932,59,0
9933,59,0
9934,59,0
9935,59,0
9936,59,0
9937,59,0
9938,59,0
9939,59,0
9940,58,0
9941,58,0
9942,58,0
9943,58,0
9944,58,0
9945,58,0
9946,58,0
9947,58,0
9948,58,0
9949,58,0
9950,58,0
9951,58,0
9952,58,0
9953,58,0
9954,58,0
9955,58,0
9956,58,0
9957,58,0
9958,58,0
9959,58,0
9960,58,0
9961,58,0
9962,58,0
9963,58,0
9964,58,0
9965,58,0
9966,58,0
9967,58,0
9968,58,0
9969,58,0
9970,58,0
9971,58,0
9972,58,0
9973,58,0
9974,58,0
9975,58,0
9976,58,0
9977,58,0
9978,58,0
9979,58,0
9980,58,0
9981,58,0
9982,58,0
9983,58,0
9984,59,0
9985,59,0
9986,59,0
9987,59,0
9988,59,0
9989,59,0
9990,59,0
9991,59,0
9992,59,0
9993,58,0
9994,58,0
9995,58,0
9996,58,0
9997,58,0
9998,59,0
9999,60,0
10000,60,0
10001,60,0
10002,60,0
10003,60,0
10004,60,0
10005,60,0
10006,60,0
10007,60,0
10008,60,0
10009,60,0
10010,60,0
10011,60,0
10012,60,0
10013,60,0
10014,60,0
10015,60,0
10016,60,0
10017,60,0
10018,60,0
10019,60,0
10020,60,0
10021,60,0
10022,60,0
10023,60,0
10024,60,0
10025,60,0
10026,59,0
10027,59,0
10028,59,0
10029,59,0
10030,59,0
10031,59,0
10032,59,0
10033,59,0
10034,59,0
10035,59,0
10036,59,0
10037,59,0
10038,59,0
10039,59,0
10040,59,0
10041,59,0
10042,59,0
10043,59,0
10044,59,0
10045,59,0
10046,59,0
10047,59,0
10048,59,0
10049,59,0
10050,59,0
10051,59,0
10052,59,0
10053,59,0
10054,59,0
10055,59,0
10056,59,0
10057,59,0
10058,59,0
10059,59,0
10060,59,0
10061,59,0
10062,59,0
10063,59,0
10064,59,0
10065,59,0
10066,59,0
10067,59,0
10068,59,0
10069,59,0
10070,59,0
10071,59,0
10072,59,0
10073,59,0
10074,59,0
10075,59,0
10076,59,0
10077,59,0
10078,59,0
10079,59,0
10080,59,0
10081,59,0
10082,59,0
10083,59,0
10084,59,0
10085,59,0
10086,59,0
10087,59,0
10088,59,0
10089,59,0
10090,59,0
10091,59,0
10092,59,0
10093,59,0
10094,59,0
10095,59,0
10096,59,0
10097,59,0
10098,59,0
10099,60,0
10100,60,0
10101,60,0
10102,60,0
10103,60,0
10104,60,0
10105,60,0
10106,61,0
10107,61,0
10108,61,0
10109,61,0
10110,61,0
10111,61,0
10112,61,0
10113,61,0
10114,61,0
10115,61,0
10116,61,0
10117,61,0
10118,61,0
10119,61,0
10120,61,0
10121,61,0
10122,61,0
10123,61,0
10124,61,0
10125,61,0
10126,61,0
10127,61,0
10128,61,0
10129,61,0
10130,61,0
10131,61,0
10132,61,0
10133,61,0
10134,61,0
10135,61,0
10136,61,0
10137,61,0
10138,61,0
10139,61,0
10140,61,0
10141,61,0
10142,61,0
10143,61,0
10144,61,0
10145,61,0
10146,61,0
10147,61,0
10148,61,0
10149,61,0
10150,61,0
10151,61,0
10152,61,0
10153,61,0
10154,61,0
10155,61,0
10156,61,0
10157,61,0
10158,61,0
10159,61,0
10160,61,0
10161,61,0
10162,61,0
10163,61,0
10164,61,0
10165,61,0
10166,61,0
10167,61,0
10168,61,0
10169,61,0
10170,61,0
10171,61,0
10172,61,0
10173,61,0
10174,61,0
10175,61,0
10176,61,0
10177,61,0
10178,61,0
10179,61,0
10180,61,0
10181,61,0
10182,61,0
10183,61,0
10184,61,0
10185,61,0
10186,61,0
10187,61,0
10188,61,0
10189,61,0
10190,61,0
10191,61,0
10192,61,0
10193,61,0
10194,61,0
10195,61,0
10196,61,0
10197,61,0
10198,61,0
10199,61,0
10200,61,0
10201,61,0
10202,61,0
10203,61,0
10204,61,0
10205,61,0
10206,61,0
10207,61,0
10208,61,0
10209,61,0
10210,61,0
10211,61,0
10212,61,0
10213,61,0
10214,61,0
10215,61,0
10216,61,0
10217,61,0
10218,61,0
10219,61,0
10220,61,0
10221,61,0
10222,61,0
10223,61,0
10224,61,0
10225,61,0
10226,61,0
10227,61,0
10228,60,0
10229,60,0
10230,60,0
10231,60,0
10232,60,0
10233,60,0
10234,60,0
10235,60,0
10236,60,0
10237,60,0
10238,60,0
10239,60,0
10240,60,0
10241,60,0
10242,60,0
10243,60,0
10244,60,0
10245,60,0
10246,60,0
10247,60,0
10248,60,0
10249,60,0
10250,60,0
10251,60,0
10252,60,0
10253,60,0
10254,60,0
10255,60,0
10256,60,0
10257,60,0
10258,60,0
10259,60,0
10260,60,0
10261,60,0
10262,60,0
10263,60,0
10264,60,0
10265,60,0
10266,60,0
10267,60,0
10268,60,0
10269,60,0
10270,60,0
10271,60,0
10272,60,0
10273,60,0
10274,60,0
10275,60,0
10276,60,0
10277,60,0
10278,60,0
10279,60,0
10280,60,0
10281,60,0
10282,60,0
10283,60,0
10284,60,0
10285,60,0
10286,60,0
10287,60,0
10288,60,0
10289,60,0
10290,60,0
10291,60,0
10292,60,0
10293,60,0
10294,60,0
10295,60,0
10296,60,0
10297,60,0
10298,60,0
10299,60,0
10300,60,0
10301,60,0
10302,60,0
10303,60,0
10304,60,0
10305,60,0
10306,60,0
10307,60,0
10308,60,0
10309,60,0
10310,60,0
10311,60,0
10312,60,0
10313,60,0
10314,60,0
10315,60,0
10316,61,0
10317,61,0
10318,61,0
10319,61,0
10320,61,0
10321,61,0
10322,62,0
10323,62,0
10324,62,0
10325,62,0
10326,62,0
10327,61,0
10328,61,0
10329,60,0
10330,60,0
10331,60,0
10332,60,0
10333,60,0
10334,60,0
10335,60,0
10336,60,0
10337,60,0
10338,60,0
10339,60,0
10340,60,0
10341,60,0
10342,60,0
10343,60,0
10344,60,0
10345,60,0
10346,60,0
10347,60,0
10348,60,0
10349,60,0
10350,60,0
10351,60,0
10352,60,0
10353,60,0
10354,60,0
10355,60,0
10356,60,0
10357,60,0
10358,60,0
10359,60,0
10360,60,0
10361,60,0
10362,59,0
10363,59,0
10364,59,0
10365,59,0
10366,59,0
10367,59,0
10368,59,0
10369,59,0
10370,59,0
10371,59,0
10372,59,0
10373,59,0
10374,59,0
10375,59,0
10376,59,0
10377,59,0
10378,59,0
10379,59,0
10380,59,0
10381,59,0
10382,59,0
10383,59,0
10384,59,0
10385,59,0
10386,59,0
10387,59,0
10388,59,0
10389,59,0
10390,59,0
10391,59,0
10392,59,0
10393,58,0
10394,58,0
10395,57,0
10396,57,0
10397,57,0
10398,57,0
10399,57,0
10400,57,0
10401,57,0
10402,57,0
10403,57,0
10404,57,0
10405,57,0
10406,57,0
10407,57,0
10408,57,0
10409,57,0
10410,57,0
10411,57,0
10412,57,0
10413,57,0
10414,57,0
10415,57,0
10416,57,0
10417,57,0
10418,57,0
10419,57,0
10420,57,0
10421,57,0
10422,57,0
10423,57,0
10424,57,0
10425,57,0
10426,57,0
10427,57,0
10428,56,0
10429,56,0
10430,56,0
10431,56,0
10432,56,0
10433,56,0
10434,56,0
10435,56,0
10436,56,0
10437,56,0
10438,56,0
10439,56,0
10440,56,0
10441,56,0
10442,56,0
10443,56,0
10444,56,0
10445,56,0
10446,56,0
10447,56,0
10448,56,0
10449,56,0
10450,56,0
10451,56,0
10452,56,0
10453,56,0
10454,56,0
10455,56,0
10456,56,0
10457,56,0
10458,56,0
10459,56,0
10460,56,0
10461,56,0
10462,56,0
10463,55,0
10464,55,0
10465,55,0
10466,55,0
10467,55,0
10468,55,0
10469,55,0
10470,55,0
10471,55,0
10472,55,0
10473,55,0
10474,55,0
10475,55,0
10476,55,0
10477,55,0
10478,55,0
10479,55,0
10480,55,0
10481,55,0
10482,55,0
10483,55,0
10484,55,0
10485,55,0
10486,56,0
10487,56,0
10488,56,0
10489,56,0
10490,56,0
10491,56,0
10492,56,0
10493,56,0
10494,57,0
10495,57,0
10496,57,0
10497,57,0
10498,57,0
10499,57,0
10500,57,0
10501,57,0
10502,57,0
10503,57,0
10504,57,0
10505,57,0
10506,57,0
10507,57,0
10508,57,0
10509,57,0
10510,57,0
10511,57,0
10512,57,0
10513,57,0
10514,57,0
10515,57,0
10516,57,0
10517,57,0
10518,57,0
10519,57,0
10520,57,0
10521,57,0
10522,57,0
10523,57,0
10524,57,0
10525,57,0
10526,57,0
10527,57,0
10528,57,0
10529,56,0
10530,56,0
10531,56,0
10532,56,0
10533,56,0
10534,56,0
10535,56,0
10536,56,0
10537,56,0
10538,56,0
10539,56,0
10540,56,0
10541,56,0
10542,56,0
10543,56,0
10544,56,0
10545,56,0
10546,56,0
10547,56,0
10548,56,0
10549,56,0
10550,56,0
10551,56,0
10552,56,0
10553,56,0
10554,56,0
10555,56,0
10556,56,0
10557,56,0
10558,56,0
10559,56,0
10560,56,0
10561,56,0
10562,56,0
10563,56,0
10564,56,0
10565,56,0
10566,56,0
10567,56,0
10568,56,0
10569,56,0
10570,56,0
10571,56,0
10572,56,0
10573,56,0
10574,56,0
10575,56,0
10576,56,0
10577,56,0
10578,56,0
10579,56,0
10580,56,0
10581,56,0
10582,56,0
10583,56,0
10584,56,0
10585,56,0
10586,56,0
10587,56,0
10588,56,0
10589,56,0
10590,56,0
10591,56,0
10592,56,0
10593,56,0
10594,56,0
10595,56,0
10596,56,0
10597,56,0
10598,56,0
10599,56,0
10600,56,0
10601,56,0
10602,56,0
10603,56,0
10604,56,0
10605,56,0
10606,56,0
10607,56,0
10608,56,0
10609,56,0
10610,56,0
10611,56,0
10612,57,0
10613,57,0
10614,57,0
10615,57,0
10616,57,0
10617,57,0
10618,57,0
10619,57,0
10620,57,0
10621,57,0
10622,57,0
10623,57,0
10624,57,0
10625,58,0
10626,58,0
10627,58,0
10628,58,0
10629,58,0
10630,57,0
10631,57,0
10632,57,0
10633,57,0
10634,57,0
10635,57,0
10636,57,0
10637,57,0
10638,57,0
10639,57,0
10640,57,0
10641,57,0
10642,57,0
10643,57,0
10644,57,0
10645,57,0
10646,57,0
10647,57,0
10648,57,0
10649,56,0
10650,56,0
10651,56,0
10652,56,0
10653,56,0
10654,56,0
10655,56,0
10656,56,0
10657,56,0
10658,56,0
10659,56,0
10660,56,0
10661,56,0
10662,56,0
10663,56,0
10664,56,0
10665,56,0
10666,56,0
10667,56,0
10668,56,0
10669,57,0
10670,57,0
10671,57,0
10672,57,0
10673,57,0
10674,57,0
10675,57,0
10676,57,0
10677,57,0
10678,57,0
10679,57,0
10680,57,0
10681,57,0
10682,57,0
10683,57,0
10684,57,0
10685,57,0
10686,57,0
10687,57,0
10688,57,0
10689,57,0
10690,57,0
10691,57,0
10692,57,0
10693,57,0
10694,57,0
10695,57,0
10696,56,0
10697,56,0
10698,56,0
10699,56,0
10700,56,0
10701,56,0
10702,56,0
10703,56,0
10704,56,0
10705,56,0
10706,56,0
10707,56,0
10708,56,0
10709,56,0
10710,56,0
10711,56,0
10712,56,0
10713,56,0
10714,57,0
10715,57,0
10716,57,0
10717,57,0
10718,57,0
10719,57,0
10720,57,0
10721,57,0
10722,57,0
10723,57,0
10724,57,0
10725,57,0
10726,57,0
10727,57,0
10728,57,0
10729,57,0
10730,57,0
10731,57,0
10732,57,0
10733,57,0
10734,57,0
10735,57,0
10736,57,0
10737,57,0
10738,57,0
10739,57,0
10740,57,0
10741,57,0
10742,57,0
10743,57,0
10744,57,0
10745,57,0
10746,57,0
10747,57,0
10748,57,0
10749,57,0
10750,57,0
10751,57,0
10752,57,0
10753,57,0
10754,57,0
10755,57,0
10756,57,0
10757,57,0
10758,57,0
10759,57,0
10760,57,0
10761,57,0
10762,57,0
10763,57,0
10764,57,0
10765,57,0
10766,58,0
10767,58,0
10768,58,0
10769,58,0
10770,58,0
10771,58,0
10772,58,0
10773,58,0
10774,58,0
10775,58,0
10776,58,0
10777,58,0
10778,58,0
10779,58,0
10780,58,0
10781,58,0
10782,58,0
10783,58,0
10784,58,0
10785,58,0
10786,57,0
10787,57,0
10788,57,0
10789,57,0
10790,57,0
10791,57,0
10792,57,0
10793,57,0
10794,57,0
10795,57,0
10796,57,0
10797,57,0
10798,57,0
10799,57,0
10800,57,0
10801,57,0
10802,57,0
10803,57,0
10804,57,0
10805,57,0
10806,57,0
10807,57,0
10808,57,0
10809,57,0
10810,57,0
10811,57,0
10812,57,0
10813,57,0
10814,57,0
10815,57,0
10816,57,0
10817,57,0
10818,57,0
10819,56,0
10820,56,0
10821,56,0
10822,56,0
10823,56,0
10824,56,0
10825,56,0
10826,56,0
10827,56,0
10828,56,0
10829,56,0
10830,56,0
10831,56,0
10832,56,0
10833,56,0
10834,56,0
10835,56,0
10836,56,0
10837,56,0
10838,56,0
10839,56,0
10840,56,0
10841,56,0
10842,56,0
10843,56,0
10844,56,0
10845,56,0
10846,56,0
10847,56,0
10848,56,0
10849,56,0
10850,56,0
10851,56,0
10852,55,0
10853,55,0
10854,55,0
10855,55,0
10856,55,0
10857,55,0
10858,55,0
10859,55,0
10860,55,0
10861,55,0
10862,55,0
10863,55,0
10864,55,0
10865,55,0
10866,55,0
10867,55,0
10868,55,0
10869,55,0
10870,55,0
10871,55,0
10872,55,0
10873,55,0
10874,55,0
10875,55,0
10876,55,0
10877,55,0
10878,55,0
10879,55,0
10880,55,0
10881,56,0
10882,56,0
10883,56,0
10884,56,0
10885,55,0
10886,54,0
10887,54,0
10888,54,0
10889,54,0
10890,54,0
10891,54,0
10892,54,0
10893,54,0
10894,54,0
10895,54,0
10896,54,0
10897,54,0
10898,54,0
10899,54,0
10900,54,0
10901,54,0
10902,54,0
10903,54,0
10904,54,0
10905,54,0
10906,54,0
10907,54,0
10908,54,0
10909,54,0
10910,54,0
10911,54,0
10912,54,0
10913,54,0
10914,54,0
10915,54,0
10916,54,0
10917,54,0
10918,54,0
10919,54,0
10920,53,0
10921,53,0
10922,53,0
10923,53,0
10924,53,0
10925,53,0
10926,53,0
10927,53,0
10928,53,0
10929,53,0
10930,53,0
10931,53,0
10932,53,0
10933,53,0
10934,53,0
10935,53,0
10936,53,0
10937,53,0
10938,53,0
10939,53,0
10940,53,0
10941,53,0
10942,53,0
10943,53,0
10944,53,0
10945,53,0
10946,53,0
10947,53,0
10948,53,0
10949,53,0
10950,53,0
10951,53,0
10952,53,0
10953,53,0
10954,53,0
10955,53,0
10956,53,0
10957,53,0
10958,53,0
10959,53,0
10960,53,0
10961,53,0
10962,53,0
10963,53,0
10964,53,0
10965,53,0
10966,53,0
10967,53,0
10968,53,0
10969,53,0
10970,53,0
10971,53,0
10972,53,0
10973,53,0
10974,53,0
10975,53,0
10976,53,0
10977,53,0
10978,53,0
10979,53,0
10980,53,0
10981,53,0
10982,53,0
10983,53,0
10984,53,0
10985,53,0
10986,53,0
10987,53,0
10988,53,0
10989,53,0
10990,53,0
10991,53,0
10992,53,0
10993,53,0
10994,53,0
10995,53,0
10996,53,0
10997,53,0
10998,53,0
10999,53,0
11000,53,0
11001,53,0
11002,53,0
11003,53,0
11004,53,0
11005,53,0
11006,53,0
11007,53,0
11008,53,0
11009,53,0
11010,53,0
11011,53,0
11012,53,0
11013,53,0
11014,53,0
11015,53,0
11016,53,0
11017,53,0
11018,53,0
11019,53,0
11020,53,0
11021,53,0
11022,53,0
11023,53,0
11024,53,0
11025,53,0
11026,53,0
11027,53,0
11028,53,0
11029,53,0
11030,53,0
11031,53,0
11032,53,0
11033,53,0
11034,53,0
11035,53,0
11036,53,0
11037,53,0
11038,53,0
11039,53,0
11040,53,0
11041,53,0
11042,53,0
11043,53,0
11044,53,0
11045,53,0
11046,53,0
11047,53,0
11048,53,0
11049,53,0
11050,53,0
11051,53,0
11052,53,0
11053,53,0
11054,52,0
11055,52,0
11056,52,0
11057,52,0
11058,52,0
11059,52,0
11060,52,0
11061,52,0
11062,52,0
11063,52,0
11064,52,0
11065,52,0
11066,52,0
11067,52,0
11068,52,0
11069,52,0
11070,52,0
11071,52,0
11072,52,0
11073,52,0
11074,52,0
11075,52,0
11076,52,0
11077,52,0
11078,52,0
11079,52,0
11080,52,0
11081,52,0
11082,53,0
11083,53,0
11084,53,0
11085,53,0
11086,53,0
11087,53,0
11088,53,0
11089,53,0
11090,53,0
11091,53,0
11092,53,0
11093,53,0
11094,53,0
11095,53,0
11096,53,0
11097,53,0
11098,53,0
11099,53,0
11100,53,0
11101,53,0
11102,53,0
11103,53,0
11104,53,0
11105,53,0
11106,53,0
11107,53,0
11108,53,0
11109,53,0
11110,53,0
11111,53,0
11112,53,0
11113,53,0
11114,53,0
11115,53,0
11116,53,0
11117,53,0
11118,53,0
11119,53,0
11120,53,0
11121,53,0
11122,53,0
11123,53,0
11124,53,0
11125,53,0
11126,53,0
11127,53,0
11128,53,0
11129,53,0
11130,53,0
11131,53,0
11132,53,0
11133,53,0
11134,53,0
11135,53,0
11136,53,0
11137,53,0
11138,53,0
11139,53,0
11140,53,0
11141,54,0
11142,54,0
11143,54,0
11144,54,0
11145,54,0
11146,54,0
11147,54,0
11148,54,0
11149,54,0
11150,54,0
11151,54,0
11152,54,0
11153,53,0
11154,53,0
11155,53,0
11156,53,0
11157,53,0
11158,53,0
11159,53,0
11160,53,0
11161,53,0
11162,53,0
11163,53,0
11164,53,0
11165,53,0
11166,53,0
11167,53,0
11168,53,0
11169,53,0
11170,53,0
11171,53,0
11172,53,0
11173,52,0
11174,52,0
11175,52,0
11176,52,0
11177,52,0
11178,52,0
11179,52,0
11180,52,0
11181,52,0
11182,52,0
11183,52,0
11184,52,0
11185,52,0
11186,52,0
11187,52,0
11188,52,0
11189,52,0
11190,52,0
11191,52,0
11192,52,0
11193,52,0
11194,53,0
11195,53,0
11196,53,0
11197,53,0
11198,53,0
11199,53,0
11200,53,0
11201,53,0
11202,53,0
11203,53,0
11204,53,0
11205,53,0
11206,53,0
11207,53,0
11208,53,0
11209,53,0
11210,53,0
11211,53,0
11212,53,0
11213,53,0
11214,53,0
11215,53,0
11216,53,0
11217,53,0
11218,53,0
11219,53,0
11220,53,0
11221,54,0
11222,54,0
11223,54,0
11224,54,0
11225,54,0
11226,54,0
11227,54,0
11228,54,0
11229,54,0
11230,54,0
11231,54,0
11232,54,0
11233,54,0
11234,54,0
11235,54,0
11236,54,0
11237,54,0
11238,54,0
11239,54,0
11240,54,0
11241,54,0
11242,54,0
11243,54,0
11244,54,0
11245,54,0
11246,54,0
11247,54,0
11248,54,0
11249,54,0
11250,54,0
11251,54,0
11252,54,0
11253,54,0
11254,54,0
11255,54,0
11256,54,0
11257,54,0
11258,54,0
11259,54,0
11260,54,0
11261,54,0
11262,54,0
11263,54,0
11264,54,0
11265,54,0
11266,54,0
11267,55,0
11268,55,0
11269,55,0
11270,55,0
11271,55,0
11272,55,0
11273,55,0
11274,55,0
11275,55,0
11276,55,0
11277,55,0
11278,55,0
11279,55,0
11280,55,0
11281,55,0
11282,55,0
11283,55,0
11284,55,0
11285,55,0
11286,55,0
11287,54,0
11288,54,0
11289,54,0
11290,54,0
11291,54,0
11292,54,0
11293,54,0
11294,54,0
11295,54,0
11296,54,0
11297,54,0
11298,54,0
11299,54,0
11300,54,0
11301,54,0
11302,54,0
11303,54,0
11304,54,0
11305,54,0
11306,54,0
11307,54,0
11308,54,0
11309,54,0
11310,54,0
11311,54,0
11312,54,0
11313,54,0
11314,54,0
11315,54,0
11316,54,0
11317,54,0
11318,54,0
11319,54,0
11320,54,0
11321,54,0
11322,54,0
11323,54,0
11324,54,0
11325,54,0
11326,54,0
11327,54,0
11328,54,0
11329,54,0
11330,54,0
11331,54,0
11332,54,0
11333,54,0
11334,54,0
11335,54,0
11336,54,0
11337,54,0
11338,54,0
11339,54,0
11340,54,0
11341,54,0
11342,53,0
11343,53,0
11344,53,0
11345,53,0
11346,53,0
11347,53,0
11348,53,0
11349,53,0
11350,53,0
11351,53,0
11352,53,0
11353,53,0
11354,53,0
11355,53,0
11356,53,0
11357,53,0
11358,53,0
11359,53,0
11360,53,0
11361,53,0
11362,53,0
11363,53,0
11364,53,0
11365,53,0
11366,53,0
11367,53,0
11368,53,0
11369,53,0
11370,53,0
11371,53,0
11372,53,0
11373,53,0
11374,53,0
11375,53,0
11376,53,0
11377,53,0
11378,53,0
11379,53,0
11380,53,0
11381,53,0
11382,53,0
11383,53,0
11384,53,0
11385,53,0
11386,53,0
11387,53,0
11388,53,0
11389,53,0
11390,53,0
11391,53,0
11392,53,0
11393,53,0
11394,53,0
11395,53,0
11396,53,0
11397,53,0
11398,53,0
11399,53,0
11400,53,0
11401,53,0
11402,53,0
11403,53,0
11404,53,0
11405,53,0
11406,53,0
11407,53,0
11408,53,0
11409,52,0
11410,52,0
11411,52,0
11412,52,0
11413,52,0
11414,52,0
11415,52,0
11416,52,0
11417,52,0
11418,52,0
11419,52,0
11420,52,0
11421,52,0
11422,52,0
11423,52,0
11424,52,0
11425,52,0
11426,52,0
11427,52,0
11428,52,0
11429,52,0
11430,52,0
11431,52,0
11432,52,0
11433,52,0
11434,52,0
11435,52,0
11436,52,0
11437,52,0
11438,52,0
11439,52,0
11440,52,0
11441,52,0
11442,52,0
11443,52,0
11444,52,0
11445,52,0
11446,52,0
11447,52,0
11448,52,0
11449,52,0
11450,52,0
11451,52,0
11452,52,0
11453,52,0
11454,52,0
11455,52,0
11456,52,0
11457,52,0
11458,52,0
11459,52,0
11460,52,0
11461,52,0
11462,52,0
11463,52,0
11464,52,0
11465,52,0
11466,52,0
11467,52,0
11468,52,0
11469,52,0
11470,52,0
11471,52,0
11472,52,0
11473,52,0
11474,52,0
11475,51,0
11476,51,0
11477,51,0
11478,51,0
11479,51,0
11480,51,0
11481,51,0
11482,51,0
11483,51,0
11484,51,0
11485,51,0
11486,51,0
11487,51,0
11488,51,0
11489,51,0
11490,51,0
11491,51,0
11492,51,0
11493,51,0
11494,51,0
11495,51,0
11496,51,0
11497,51,0
11498,51,0
11499,51,0
11500,51,0
11501,51,0
11502,51,0
11503,51,0
11504,51,0
11505,51,0
11506,51,0
11507,51,0
11508,51,0
11509,51,0
11510,50,0
11511,50,0
11512,50,0
11513,50,0
11514,50,0
11515,50,0
11516,50,0
11517,50,0
11518,50,0
11519,50,0
11520,50,0
11521,51,0
11522,51,0
11523,51,0
11524,51,0
11525,51,0
11526,51,0
11527,51,0
11528,51,0
11529,51,0
11530,51,0
11531,51,0
11532,51,0
11533,51,0
11534,51,0
11535,51,0
11536,51,0
11537,51,0
11538,51,0
11539,51,0
11540,51,0
11541,51,0
11542,51,0
11543,51,0
11544,51,0
11545,51,0
11546,51,0
11547,51,0
11548,51,0
11549,51,0
11550,51,0
11551,51,0
11552,51,0
11553,52,0
11554,52,0
11555,52,0
11556,52,0
11557,52,0
11558,52,0
11559,52,0
11560,52,0
11561,52,0
11562,52,0
11563,52,0
11564,52,0
11565,52,0
11566,52,0
11567,52,0
11568,52,0
11569,52,0
11570,52,0
11571,52,0
11572,52,0
11573,52,0
11574,52,0
11575,52,0
11576,52,0
11577,52,0
11578,52,0
11579,52,0
11580,52,0
11581,52,0
11582,52,0
11583,52,0
11584,52,0
11585,52,0
11586,52,0
11587,52,0
11588,52,0
11589,52,0
11590,52,0
11591,52,0
11592,52,0
11593,52,0
11594,52,0
11595,52,0
11596,52,0
11597,52,0
11598,52,0
11599,52,0
11600,52,0
11601,52,0
11602,52,0
11603,52,0
11604,52,0
11605,52,0
11606,52,0
11607,52,0
11608,51,0
11609,50,0
11610,50,0
11611,50,0
11612,50,0
11613,50,0
11614,50,0
11615,50,0
11616,50,0
11617,50,0
11618,50,0
11619,50,0
11620,50,0
11621,50,0
11622,50,0
11623,50,0
11624,50,0
11625,50,0
11626,50,0
11627,50,0
11628,50,0
11629,50,0
11630,50,0
11631,50,0
11632,50,0
11633,50,0
11634,50,0
11635,50,0
11636,50,0
11637,50,0
11638,50,0
11639,50,0
11640,50,0
11641,50,0
11642,50,0
11643,50,0
11644,50,0
11645,49,0
11646,49,0
11647,49,0
11648,49,0
11649,49,0
11650,49,0
11651,49,0
11652,49,0
11653,49,0
11654,49,0
11655,49,0
11656,49,0
11657,49,0
11658,49,0
11659,49,0
11660,49,0
11661,49,0
11662,49,0
11663,50,0
11664,50,0
11665,50,0
11666,50,0
11667,50,0
11668,50,0
11669,50,0
11670,50,0
11671,50,0
11672,50,0
11673,50,0
11674,50,0
11675,50,0
11676,50,0
11677,50,0
11678,49,0
11679,49,0
11680,49,0
11681,49,0
11682,49,0
11683,49,0
11684,49,0
11685,49,0
11686,49,0
11687,49,0
11688,49,0
11689,49,0
11690,49,0
11691,49,0
11692,49,0
11693,49,0
11694,49,0
11695,50,0
11696,50,0
11697,50,0
11698,50,0
11699,50,0
11700,50,0
11701,50,0
11702,50,0
11703,51,0
11704,51,0
11705,51,0
11706,51,0
11707,51,0
11708,51,0
11709,51,0
11710,51,0
11711,51,0
11712,51,0
11713,51,0
11714,51,0
11715,51,0
11716,51,0
11717,51,0
11718,51,0
11719,51,0
11720,51,0
11721,52,0
11722,52,0
11723,52,0
11724,52,0
11725,52,0
11726,52,0
11727,52,0
11728,52,0
11729,52,0
11730,52,0
11731,52,0
11732,52,0
11733,52,0
11734,52,0
11735,52,0
11736,52,0
11737,52,0
11738,52,0
11739,52,0
11740,52,0
11741,52,0
11742,52,0
11743,52,0
11744,52,0
11745,52,0
11746,52,0
11747,52,0
11748,52,0
11749,52,0
11750,52,0
11751,52,0
11752,52,0
11753,52,0
11754,52,0
11755,53,0
11756,53,0
11757,53,0
11758,53,0
11759,53,0
11760,53,0
11761,53,0
11762,53,0
11763,53,0
11764,53,0
11765,53,0
11766,53,0
11767,53,0
11768,53,0
11769,53,0
11770,53,0
11771,53,0
11772,53,0
11773,53,0
11774,53,0
11775,53,0
11776,53,0
11777,52,0
11778,52,0
11779,52,0
11780,52,0
11781,52,0
11782,52,0
11783,52,0
11784,52,0
11785,52,0
11786,52,0
11787,52,0
11788,52,0
11789,52,0
11790,52,0
11791,52,0
11792,52,0
11793,52,0
11794,52,0
11795,52,0
11796,52,0
11797,52,0
11798,52,0
11799,52,0
11800,52,0
11801,52,0
11802,52,0
11803,52,0
11804,52,0
11805,52,0
11806,52,0
11807,52,0
11808,52,0
11809,52,0
11810,52,0
11811,52,0
11812,52,0
11813,51,0
11814,51,0
11815,51,0
11816,51,0
11817,51,0
11818,51,0
11819,51,0
11820,51,0
11821,51,0
11822,51,0
11823,51,0
11824,51,0
11825,51,0
11826,51,0
11827,51,0
11828,51,0
11829,51,0
11830,51,0
11831,51,0
11832,51,0
11833,51,0
11834,51,0
11835,51,0
11836,51,0
11837,51,0
11838,51,0
11839,51,0
11840,51,0
11841,51,0
11842,51,0
11843,51,0
11844,51,0
11845,51,0
11846,50,0
11847,50,0
11848,50,0
11849,50,0
11850,50,0
11851,50,0
11852,50,0
11853,50,0
11854,50,0
11855,50,0
11856,50,0
11857,50,0
11858,50,0
11859,50,0
11860,50,0
11861,50,0
11862,50,0
11863,50,0
11864,50,0
11865,50,0
11866,50,0
11867,50,0
11868,50,0
11869,50,0
11870,50,0
11871,50,0
11872,50,0
11873,50,0
11874,50,0
11875,50,0
11876,50,0
11877,50,0
11878,50,0
11879,50,0
11880,50,0
11881,50,0
11882,50,0
11883,50,0
11884,50,0
11885,50,0
11886,50,0
11887,50,0
11888,50,0
11889,50,0
11890,50,0
11891,50,0
11892,50,0
11893,50,0
11894,50,0
11895,50,0
11896,50,0
11897,50,0
11898,50,0
11899,50,0
11900,50,0
11901,50,0
11902,50,0
11903,50,0
11904,50,0
11905,50,0
11906,50,0
11907,50,0
11908,50,0
11909,50,0
11910,50,0
11911,50,0
11912,50,0
11913,51,0
11914,51,0
11915,51,0
11916,51,0
11917,51,0
11918,51,0
11919,51,0
11920,51,0
11921,51,0
11922,51,0
11923,51,0
11924,51,0
11925,51,0
11926,51,0
11927,51,0
11928,51,0
11929,51,0
11930,51,0
11931,51,0
11932,51,0
11933,51,0
11934,51,0
11935,51,0
11936,51,0
11937,51,0
11938,51,0
11939,51,0
11940,51,0
11941,51,0
11942,51,0
11943,51,0
11944,51,0
11945,51,0
11946,51,0
11947,51,0
11948,51,0
11949,51,0
11950,51,0
11951,51,0
11952,51,0
11953,51,0
11954,51,0
11955,51,0
11956,51,0
11957,51,0
11958,51,0
11959,51,0
11960,51,0
11961,51,0
11962,51,0
11963,51,0
11964,51,0
11965,51,0
11966,51,0
11967,51,0
11968,51,0
11969,51,0
11970,51,0
11971,51,0
11972,51,0
11973,51,0
11974,51,0
11975,51,0
11976,51,0
11977,51,0
11978,51,0
11979,51,0
11980,51,0
11981,51,0
11982,51,0
11983,51,0
11984,51,0
11985,51,0
11986,51,0
11987,51,0
11988,51,0
11989,51,0
11990,51,0
11991,51,0
11992,51,0
11993,51,0
11994,51,0
11995,51,0
11996,51,0
11997,51,0
11998,51,0
11999,51,0
12000,51,0
12001,51,0
12002,51,0
12003,51,0
12004,51,0
12005,51,0
12006,51,0
12007,51,0
12008,51,0
12009,51,0
12010,51,0
12011,51,0
12012,51,0
12013,51,0
12014,51,0
12015,51,0
12016,51,0
12017,51,0
12018,51,0
12019,51,0
12020,51,0
12021,51,0
12022,51,0
12023,51,0
12024,51,0
12025,51,0
12026,51,0
12027,51,0
12028,51,0
12029,51,0
12030,51,0
12031,51,0
12032,51,0
12033,51,0
12034,51,0
12035,51,0
12036,51,0
12037,51,0
12038,51,0
12039,51,0
12040,51,0
12041,51,0
12042,51,0
12043,51,0
12044,51,0
12045,51,0
12046,51,0
12047,51,0
12048,50,0
12049,50,0
12050,50,0
12051,51,0
12052,51,0
12053,51,0
12054,51,0
12055,51,0
12056,51,0
12057,51,0
12058,51,0
12059,51,0
12060,51,0
12061,51,0
12062,51,0
12063,51,0
12064,50,0
12065,50,0
12066,50,0
12067,50,0
12068,50,0
12069,50,0
12070,50,0
12071,50,0
12072,50,0
12073,50,0
12074,50,0
12075,50,0
12076,50,0
12077,50,0
12078,50,0
12079,50,0
12080,50,0
12081,50,0
12082,50,0
12083,50,0
12084,50,0
12085,50,0
12086,50,0
12087,50,0
12088,50,0
12089,50,0
12090,50,0
12091,50,0
12092,50,0
12093,50,0
12094,50,0
12095,50,0
12096,50,0
12097,49,0
12098,49,0
12099,49,0
12100,49,0
12101,49,0
12102,49,0
12103,49,0
12104,49,0
12105,49,0
12106,49,0
12107,49,0
12108,49,0
12109,49,0
12110,49,0
12111,49,0
12112,49,0
12113,49,0
12114,49,0
12115,49,0
12116,49,0
12117,49,0
12118,49,0
12119,49,0
12120,49,0
12121,49,0
12122,49,0
12123,49,0
12124,50,0
12125,50,0
12126,50,0
12127,50,0
12128,50,0
12129,50,0
12130,50,0
12131,50,0
12132,49,0
12133,49,0
12134,49,0
12135,49,0
12136,49,0
12137,49,0
12138,49,0
12139,49,0
12140,49,0
12141,49,0
12142,49,0
12143,49,0
12144,49,0
12145,49,0
12146,49,0
12147,49,0
12148,49,0
12149,49,0
12150,49,0
12151,49,0
12152,49,0
12153,49,0
12154,49,0
12155,49,0
12156,49,0
12157,49,0
12158,49,0
12159,49,0
12160,49,0
12161,49,0
12162,49,0
12163,49,0
12164,49,0
12165,49,0
12166,49,0
12167,49,0
12168,49,0
12169,49,0
12170,49,0
12171,49,0
12172,49,0
12173,49,0
12174,49,0
12175,49,0
12176,49,0
12177,49,0
12178,49,0
12179,49,0
12180,49,0
12181,49,0
12182,49,0
12183,49,0
12184,49,0
12185,49,0
12186,49,0
12187,49,0
12188,49,0
12189,49,0
12190,49,0
12191,49,0
12192,49,0
12193,49,0
12194,49,0
12195,49,0
12196,49,0
12197,49,0
12198,48,0
12199,48,0
12200,48,0
12201,48,0
12202,48,0
12203,48,0
12204,48,0
12205,48,0
12206,48,0
12207,48,0
12208,48,0
12209,48,0
12210,48,0
12211,48,0
12212,48,0
12213,48,0
12214,48,0
12215,48,0
12216,48,0
12217,48,0
12218,48,0
12219,48,0
12220,48,0
12221,48,0
12222,48,0
12223,48,0
12224,49,0
12225,49,0
12226,49,0
12227,49,0
12228,49,0
12229,49,0
12230,49,0
12231,49,0
12232,49,0
12233,49,0
12234,49,0
12235,49,0
12236,49,0
12237,49,0
12238,49,0
12239,49,0
12240,49,0
12241,49,0
12242,49,0
12243,49,0
12244,49,0
12245,49,0
12246,49,0
12247,49,0
12248,49,0
12249,49,0
12250,49,0
12251,49,0
12252,49,0
12253,49,0
12254,49,0
12255,50,1
12256,50,1
12257,50,1
12258,50,1
12259,50,1
12260,50,1
12261,50,1
12262,50,1
12263,50,1
12264,50,1
12265,50,1
12266,50,1
12267,49,1
12268,49,1
12269,49,1
12270,49,1
12271,49,1
12272,49,1
12273,49,1
12274,49,1
12275,49,1
12276,49,1
12277,49,1
12278,49,1
12279,49,1
12280,49,1
12281,49,1
12282,49,1
12283,49,1
12284,49,1
12285,49,1
12286,49,1
12287,49,1
12288,49,1
12289,49,1
12290,49,1
12291,49,1
12292,49,1
12293,49,1
12294,49,1
12295,49,1
12296,49,1
12297,49,1
12298,49,1
12299,49,1
12300,49,1
12301,49,1
12302,49,1
12303,49,1
12304,49,1
12305,49,1
12306,50,1
12307,50,1
12308,50,1
12309,50,1
12310,50,1
12311,50,1
12312,50,1
12313,51,1
12314,51,1
12315,51,1
12316,51,1
12317,51,1
12318,51,1
12319,51,1
12320,51,1
12321,51,1
12322,51,1
12323,51,1
12324,51,1
12325,51,1
12326,51,1
12327,51,1
12328,51,1
12329,51,1
12330,51,1
12331,51,1
12332,51,1
12333,51,1
12334,52,2
12335,52,2
12336,52,2
12337,52,2
12338,52,2
12339,52,2
12340,52,2
12341,52,2
12342,52,2
12343,52,2
12344,52,2
12345,52,2
12346,52,2
12347,52,2
12348,52,2
12349,52,2
12350,52,2
12351,52,2
12352,52,2
12353,52,2
12354,52,2
12355,52,2
12356,52,2
12357,52,2
12358,52,2
12359,52,2
12360,52,2
12361,52,2
12362,52,2
12363,52,2
12364,52,2
12365,52,2
12366,52,2
12367,52,2
12368,52,2
12369,52,2
12370,52,2
12371,52,2
12372,52,2
12373,52,2
12374,51,2
12375,51,2
12376,51,2
12377,51,2
12378,51,2
12379,51,2
12380,51,2
12381,51,2
12382,51,2
12383,51,2
12384,51,2
12385,51,2
12386,51,2
12387,51,2
12388,51,2
12389,51,2
12390,51,2
12391,51,2
12392,51,2
12393,51,2
12394,51,2
12395,51,2
12396,51,2
12397,51,2
12398,51,2
12399,51,2
12400,51,2
12401,51,2
12402,51,2
12403,51,2
12404,51,2
12405,51,2
12406,51,2
12407,51,2
12408,51,2
12409,51,2
12410,51,2
12411,51,2
12412,51,2
12413,51,2
12414,51,2
12415,51,2
12416,51,2
12417,51,2
12418,51,2
12419,51,2
12420,51,2
12421,51,2
12422,51,2
12423,51,2
12424,51,2
12425,51,2
12426,51,2
12427,51,2
12428,51,2
12429,51,2
12430,51,2
12431,51,2
12432,51,2
12433,51,2
12434,51,2
12435,51,2
12436,51,2
12437,51,2
12438,51,2
12439,51,2
12440,50,2
12441,50,2
12442,50,2
12443,50,2
12444,50,2
12445,50,2
12446,50,2
12447,50,2
12448,50,2
12449,50,2
12450,50,2
12451,50,2
12452,50,2
12453,50,2
12454,50,2
12455,50,2
12456,50,2
12457,50,2
12458,50,2
12459,50,2
12460,50,2
12461,50,2
12462,50,2
12463,50,2
12464,51,2
12465,51,2
12466,51,2
12467,51,2
12468,50,2
12469,50,2
12470,50,2
12471,50,2
12472,50,2
12473,51,2
12474,51,2
12475,51,2
12476,51,2
12477,51,2
12478,51,2
12479,51,2
12480,51,2
12481,51,2
12482,51,2
12483,51,2
12484,51,2
12485,51,2
12486,51,2
12487,51,2
12488,51,2
12489,51,2
12490,52,2
12491,52,2
12492,52,2
12493,52,2
12494,52,2
12495,52,2
12496,52,2
12497,52,2
12498,52,2
12499,52,2
12500,52,2
12501,52,2
12502,52,2
12503,52,2
12504,52,2
12505,52,2
12506,52,2
12507,52,2
12508,52,2
12509,52,2
12510,52,2
12511,52,2
12512,52,2
12513,52,2
12514,52,2
12515,52,2
12516,52,2
12517,52,2
12518,52,2
12519,52,2
12520,52,2
12521,52,2
12522,52,2
12523,52,2
12524,52,2
12525,52,2
12526,52,2
12527,52,2
12528,52,2
12529,52,2
12530,52,2
12531,52,2
12532,52,2
12533,52,2
12534,52,2
12535,52,2
12536,52,2
12537,52,2
12538,52,2
12539,52,2
12540,52,2
12541,52,2
12542,52,2
12543,52,2
12544,52,2
12545,52,2
12546,52,2
12547,52,2
12548,52,2
12549,52,2
12550,52,2
12551,52,2
12552,52,2
12553,52,2
12554,52,2
12555,52,2
12556,52,2
12557,52,2
12558,52,2
12559,52,2
12560,52,2
12561,52,2
12562,52,2
12563,52,2
12564,52,2
12565,52,2
12566,52,2
12567,51,2
12568,51,2
12569,51,2
12570,51,2
12571,51,2
12572,51,2
12573,51,2
12574,51,2
12575,51,2
12576,51,2
12577,51,2
12578,51,2
12579,51,2
12580,51,2
12581,51,2
12582,51,2
12583,51,2
12584,51,2
12585,51,2
12586,51,2
12587,51,2
12588,51,2
12589,51,2
12590,51,2
12591,51,2
12592,51,2
12593,51,2
12594,51,2
12595,51,2
12596,51,2
12597,51,2
12598,51,2
12599,51,2
12600,51,2
12601,50,2
12602,50,2
12603,50,2
12604,50,2
12605,49,2
12606,49,2
12607,49,2
12608,49,2
12609,50,2
12610,50,2
12611,50,2
12612,50,2
12613,50,2
12614,50,2
12615,50,2
12616,50,2
12617,50,2
12618,50,2
12619,50,2
12620,50,2
12621,50,2
12622,50,2
12623,50,2
12624,50,2
12625,50,2
12626,50,2
12627,49,2
12628,49,2
12629,49,2
12630,49,2
12631,49,2
12632,49,2
12633,49,2
12634,49,2
12635,49,2
12636,49,2
12637,49,2
12638,49,2
12639,49,2
12640,49,2
12641,49,2
12642,49,2
12643,49,2
12644,49,2
12645,49,2
12646,49,2
12647,49,2
12648,49,2
12649,49,2
12650,49,2
12651,49,2
12652,49,2
12653,49,2
12654,49,2
12655,49,2
12656,49,2
12657,49,2
12658,49,2
12659,49,2
12660,49,2
12661,49,2
12662,49,2
12663,49,2
12664,49,2
12665,49,2
12666,49,2
12667,49,2
12668,49,2
12669,49,2
12670,49,2
12671,49,2
12672,49,2
12673,49,2
12674,49,2
12675,49,2
12676,49,2
12677,49,2
12678,49,2
12679,49,2
12680,49,2
12681,49,2
12682,49,2
12683,49,2
12684,49,2
12685,49,2
12686,49,2
12687,49,2
12688,49,2
12689,49,2
12690,49,2
12691,49,2
12692,49,2
12693,49,2
12694,49,2
12695,49,2
12696,49,2
12697,49,2
12698,49,2
12699,49,2
12700,49,2
12701,49,2
12702,49,2
12703,49,2
12704,49,2
12705,49,2
12706,49,2
12707,49,2
12708,49,2
12709,49,2
12710,49,2
12711,49,2
12712,49,2
12713,49,2
12714,49,2
12715,49,2
12716,49,2
12717,49,2
12718,49,2
12719,49,2
12720,49,2
12721,49,2
12722,49,2
12723,49,2
12724,49,2
12725,49,2
12726,49,2
12727,49,2
12728,49,2
12729,49,2
12730,49,2
12731,49,2
12732,49,2
12733,49,2
12734,49,2
12735,49,2
12736,49,2
12737,49,2
12738,49,2
12739,49,2
12740,49,2
12741,50,2
12742,50,2
12743,50,2
12744,50,2
12745,50,2
12746,50,2
12747,50,2
12748,50,2
12749,50,2
12750,50,2
12751,50,2
12752,50,2
12753,50,2
12754,50,2
12755,50,2
12756,50,2
12757,50,2
12758,50,2
12759,50,2
12760,50,2
12761,50,2
12762,50,2
12763,50,2
12764,50,2
12765,50,2
12766,50,2
12767,50,2
12768,50,2
12769,50,2
12770,50,2
12771,50,2
12772,50,2
12773,50,2
12774,50,2
12775,50,2
12776,50,2
12777,50,2
12778,50,2
12779,50,2
12780,50,2
12781,50,2
12782,50,2
12783,50,2
12784,50,2
12785,50,2
12786,50,2
12787,50,2
12788,50,2
12789,50,2
12790,50,2
12791,50,2
12792,50,2
12793,50,2
12794,50,2
12795,50,2
12796,50,2
12797,50,2
12798,50,2
12799,50,2
12800,50,2
12801,50,2
12802,50,2
12803,49,1
12804,49,1
12805,49,1
12806,49,1
12807,49,1
12808,49,1
12809,49,1
12810,49,1
12811,49,1
12812,49,1
12813,49,1
12814,49,1
12815,49,1
12816,49,1
12817,49,1
12818,49,1
12819,49,1
12820,49,1
12821,49,1
12822,49,1
12823,49,1
12824,49,1
12825,49,1
12826,49,1
12827,49,1
12828,49,1
12829,49,1
12830,49,1
12831,49,1
12832,49,1
12833,49,1
12834,49,1
12835,49,1
12836,48,1
12837,48,1
12838,48,1
12839,48,1
12840,48,1
12841,48,1
12842,48,1
12843,48,1
12844,48,1
12845,48,1
12846,48,1
12847,48,1
12848,48,1
12849,48,1
12850,48,1
12851,48,1
12852,48,1
12853,48,1
12854,48,1
12855,48,1
12856,48,1
12857,48,1
12858,48,1
12859,48,1
12860,47,1
12861,47,1
12862,47,1
12863,48,1
12864,48,1
12865,48,1
12866,48,1
12867,48,1
12868,48,1
12869,48,1
12870,48,1
12871,48,1
12872,48,1
12873,48,1
12874,48,1
12875,48,1
12876,48,1
12877,48,1
12878,48,1
12879,48,1
12880,48,1
12881,48,1
12882,48,1
12883,48,1
12884,48,1
12885,48,1
12886,48,1
12887,48,1
12888,48,1
12889,48,1
12890,48,1
12891,48,1
12892,49,1
12893,49,1
12894,49,1
12895,49,1
12896,49,1
12897,49,1
12898,49,1
12899,49,1
12900,49,1
12901,49,1
12902,49,1
12903,49,1
12904,49,1
12905,49,1
12906,49,1
12907,49,1
12908,49,1
12909,50,1
12910,50,1
12911,50,1
12912,50,1
12913,50,1
12914,50,1
12915,50,1
12916,50,1
12917,50,1
12918,50,1
12919,50,1
12920,50,1
12921,50,1
12922,50,1
12923,50,1
12924,50,1
12925,50,1
12926,50,1
12927,50,1
12928,50,1
12929,50,1
12930,50,1
12931,50,1
12932,50,1
12933,50,1
12934,51,1
12935,51,1
12936,51,1
12937,50,0
12938,50,0
12939,50,0
12940,50,0
12941,50,0
12942,50,0
12943,50,0
12944,50,0
12945,50,0
12946,50,0
12947,50,0
12948,50,0
12949,50,0
12950,50,0
12951,50,0
12952,50,0
12953,50,0
12954,50,0
12955,50,0
12956,50,0
12957,50,0
12958,50,0
12959,50,0
12960,50,0
12961,49,0
12962,49,0
12963,49,0
12964,49,0
12965,49,0
12966,49,0
12967,49,0
12968,49,0
12969,49,0
12970,48,0
12971,48,0
12972,48,0
12973,48,0
12974,48,0
12975,48,0
12976,48,0
12977,48,0
12978,48,0
12979,48,0
12980,48,0
12981,48,0
12982,48,0
12983,49,0
12984,49,0
12985,49,0
12986,49,0
12987,49,0
12988,49,0
12989,49,0
12990,49,0
12991,49,0
12992,49,0
12993,49,0
12994,48,0
12995,48,0
12996,48,0
12997,48,0
12998,48,0
12999,48,0
13000,48,0
13001,48,0
13002,48,0
13003,48,0
13004,48,0
13005,48,0
13006,48,0
13007,48,0
13008,48,0
13009,49,0
13010,49,0
13011,49,0
13012,49,0
13013,49,0
13014,49,0
13015,49,0
13016,49,0
13017,49,0
13018,49,0
13019,49,0
13020,49,0
13021,49,0
13022,49,0
13023,49,0
13024,49,0
13025,49,0
13026,49,0
13027,49,0
13028,49,0
13029,49,0
13030,49,0
13031,49,0
13032,49,0
13033,49,0
13034,50,0
13035,50,0
13036,50,0
13037,50,0
13038,50,0
13039,50,0
13040,50,0
13041,50,0
13042,50,0
13043,50,0
13044,50,0
13045,50,0
13046,50,0
13047,50,0
13048,50,0
13049,50,0
13050,50,0
13051,50,0
13052,50,0
13053,50,0
13054,50,0
13055,50,0
13056,50,0
13057,50,0
13058,50,0
13059,50,0
13060,50,0
13061,50,0
13062,50,0
13063,50,0
13064,50,0
13065,50,0
13066,50,0
13067,50,0
13068,50,0
13069,50,0
13070,50,0
13071,50,0
13072,50,0
13073,50,0
13074,50,0
13075,50,0
13076,50,0
13077,50,0
13078,50,0
13079,51,0
13080,51,0
13081,51,0
13082,51,0
13083,51,0
13084,51,0
13085,51,0
13086,51,0
13087,51,0
13088,51,0
13089,51,0
13090,51,0
13091,51,0
13092,51,0
13093,51,0
13094,51,0
13095,51,0
13096,51,0
13097,51,0
13098,51,0
13099,51,0
13100,51,0
13101,51,0
13102,51,0
13103,51,0
13104,51,0
13105,51,0
13106,51,0
13107,51,0
13108,51,0
13109,51,0
13110,51,0
13111,51,0
13112,51,0
13113,51,0
13114,51,0
13115,51,0
13116,51,0
13117,51,0
13118,51,0
13119,51,0
13120,51,0
13121,51,0
13122,51,0
13123,52,0
13124,52,0
13125,52,0
13126,52,0
13127,52,0
13128,51,0
13129,51,0
13130,51,0
13131,51,0
13132,51,0
13133,51,0
13134,51,0
13135,51,0
13136,51,0
13137,51,0
13138,51,0
13139,51,0
13140,51,0
13141,51,0
13142,51,0
13143,51,0
13144,51,0
13145,51,0
13146,51,0
13147,51,0
13148,51,0
13149,51,0
13150,51,0
13151,52,0
13152,53,0
13153,53,0
13154,53,0
13155,53,0
13156,53,0
13157,53,0
13158,53,0
13159,53,0
13160,53,0
13161,53,0
13162,53,0
13163,53,0
13164,53,0
13165,53,0
13166,53,0
13167,53,0
13168,53,0
13169,53,0
13170,53,0
13171,54,0
13172,54,0
13173,54,0
13174,54,0
13175,54,0
13176,54,0
13177,54,0
13178,54,0
13179,54,0
13180,54,0
13181,54,0
13182,54,0
13183,54,0
13184,54,0
13185,54,0
13186,54,0
13187,54,0
13188,54,0
13189,54,0
13190,54,0
13191,54,0
13192,54,0
13193,54,0
13194,54,0
13195,54,0
13196,54,0
13197,54,0
13198,54,0
13199,53,0
13200,53,0
13201,53,0
13202,53,0
13203,53,0
13204,53,0
13205,53,0
13206,53,0
13207,53,0
13208,53,0
13209,53,0
13210,53,0
13211,53,0
13212,53,0
13213,53,0
13214,53,0
13215,53,0
13216,53,0
13217,53,0
13218,53,0
13219,53,0
13220,53,0
13221,53,0
13222,53,0
13223,53,0
13224,54,0
13225,54,0
13226,54,0
13227,54,0
13228,54,0
13229,54,0
13230,54,0
13231,54,0
13232,54,0
13233,54,0
13234,54,0
13235,54,0
13236,54,0
13237,54,0
13238,54,0
13239,54,0
13240,54,0
13241,54,0
13242,54,0
13243,54,0
13244,54,0
13245,54,0
13246,54,0
13247,54,0
13248,54,0
13249,54,0
13250,54,0
13251,54,0
13252,54,0
13253,54,0
13254,54,0
13255,54,0
13256,54,0
13257,54,0
13258,54,0
13259,54,0
13260,54,0
13261,54,0
13262,54,0
13263,54,0
13264,54,0
13265,53,0
13266,53,0
13267,53,0
13268,53,0
13269,53,0
13270,53,0
13271,53,0
13272,53,0
13273,53,0
13274,53,0
13275,53,0
13276,53,0
13277,53,0
13278,53,0
13279,53,0
13280,53,0
13281,53,0
13282,53,0
13283,53,0
13284,53,0
13285,53,0
13286,53,0
13287,53,0
13288,53,0
13289,53,0
13290,53,0
13291,53,0
13292,53,0
13293,53,0
13294,53,0
13295,53,0
13296,53,0
13297,53,0
13298,52,0
13299,52,0
13300,52,0
13301,52,0
13302,52,0
13303,52,0
13304,52,0
13305,52,0
13306,52,0
13307,52,0
13308,52,0
13309,52,0
13310,52,0
13311,52,0
13312,52,0
13313,52,0
13314,52,0
13315,52,0
13316,52,0
13317,52,0
13318,52,0
13319,52,0
13320,52,0
13321,52,0
13322,52,0
13323,52,0
13324,52,0
13325,52,0
13326,52,0
13327,52,0
13328,52,0
13329,52,0
13330,52,0
13331,52,0
13332,52,0
13333,52,0
13334,52,0
13335,52,0
13336,52,0
13337,52,0
13338,52,0
13339,52,0
13340,52,0
13341,52,0
13342,52,0
13343,52,0
13344,52,0
13345,52,0
13346,52,0
13347,52,0
13348,52,0
13349,52,0
13350,52,0
13351,52,0
13352,52,0
13353,52,0
13354,52,0
13355,52,0
13356,52,0
13357,52,0
13358,52,0
13359,52,0
13360,52,0
13361,52,0
13362,52,0
13363,52,0
13364,51,0
13365,51,0
13366,51,0
13367,51,0
13368,51,0
13369,51,0
13370,51,0
13371,51,0
13372,51,0
13373,51,0
13374,51,0
13375,51,0
13376,51,0
13377,51,0
13378,51,0
13379,51,0
13380,51,0
13381,51,0
13382,51,0
13383,51,0
13384,51,0
13385,51,0
13386,51,0
13387,51,0
13388,51,0
13389,51,0
13390,51,0
13391,51,0
13392,51,0
13393,51,0
13394,51,0
13395,51,0
13396,51,0
13397,50,0
13398,50,0
13399,50,0
13400,50,0
13401,50,0
13402,50,0
13403,50,0
13404,50,0
13405,50,0
13406,50,0
13407,50,0
13408,50,0
13409,50,0
13410,50,0
13411,50,0
13412,50,0
13413,50,0
13414,50,0
13415,50,0
13416,50,0
13417,50,0
13418,50,0
13419,50,0
13420,50,0
13421,50,0
13422,50,0
13423,50,0
13424,50,0
13425,50,0
13426,50,0
13427,50,0
13428,50,0
13429,50,0
13430,49,0
13431,49,0
13432,49,0
13433,49,0
13434,49,0
13435,49,0
13436,49,0
13437,49,0
13438,49,0
13439,49,0
13440,49,0
13441,49,0
13442,49,0
13443,49,0
13444,49,0
13445,49,0
13446,49,0
13447,49,0
13448,49,0
13449,49,0
13450,49,0
13451,49,0
13452,49,0
13453,49,0
13454,49,0
13455,49,0
13456,49,0
13457,49,0
13458,49,0
13459,49,0
13460,49,0
13461,49,0
13462,49,0
13463,49,0
13464,49,0
13465,49,0
13466,49,0
13467,49,0
13468,49,0
13469,49,0
13470,49,0
13471,49,0
13472,49,0
13473,49,0
13474,49,0
13475,49,0
13476,49,0
13477,49,0
13478,49,0
13479,49,0
13480,49,0
13481,49,0
13482,49,0
13483,49,0
13484,49,0
13485,49,0
13486,48,0
13487,48,0
13488,48,0
13489,48,0
13490,48,0
13491,48,0
13492,48,0
13493,48,0
13494,48,0
13495,48,0
13496,48,0
13497,48,0
13498,48,0
13499,48,0
13500,48,0
13501,48,0
13502,48,0
13503,48,0
13504,48,0
13505,48,0
13506,48,0
13507,48,0
13508,49,0
13509,49,0
13510,49,0
13511,49,0
13512,49,0
13513,49,0
13514,49,0
13515,49,0
13516,49,0
13517,49,0
13518,49,0
13519,49,0
13520,49,0
13521,49,0
13522,49,0
13523,49,0
13524,49,0
13525,50,0
13526,50,0
13527,50,0
13528,50,0
13529,50,0
13530,50,0
13531,50,0
13532,50,0
13533,51,0
13534,51,0
13535,51,0
13536,51,0
13537,51,0
13538,51,0
13539,51,0
13540,51,0
13541,51,0
13542,51,0
13543,51,0
13544,51,0
13545,51,0
13546,51,0
13547,51,0
13548,51,0
13549,51,0
13550,51,0
13551,51,0
13552,50,0
13553,50,0
13554,50,0
13555,50,0
13556,50,0
13557,50,0
13558,50,0
13559,50,0
13560,50,0
13561,50,0
13562,50,0
13563,50,0
13564,50,0
13565,50,0
13566,50,0
13567,50,0
13568,50,0
13569,50,0
13570,50,0
13571,50,0
13572,50,0
13573,50,0
13574,50,0
13575,50,0
13576,50,0
13577,50,0
13578,50,0
13579,50,0
13580,50,0
13581,50,0
13582,50,0
13583,50,0
13584,51,0
13585,50,0
13586,50,0
13587,50,0
13588,50,0
13589,50,0
13590,50,0
13591,50,0
13592,50,0
13593,50,0
13594,50,0
13595,50,0
13596,50,0
13597,50,0
13598,50,0
13599,50,0
13600,50,0
13601,50,0
13602,50,0
13603,50,0
13604,50,0
13605,50,0
13606,50,0
13607,50,0
13608,50,0
13609,50,0
13610,51,1
13611,51,1
13612,51,1
13613,51,1
13614,51,1
13615,51,1
13616,51,1
13617,51,1
13618,51,1
13619,51,1
13620,51,1
13621,51,1
13622,51,1
13623,51,1
13624,51,1
13625,51,1
13626,51,1
13627,51,1
13628,51,1
13629,51,1
13630,51,1
13631,51,1
13632,51,1
13633,51,1
13634,51,1
13635,51,1
13636,51,1
13637,51,1
13638,51,1
13639,51,1
13640,51,1
13641,51,1
13642,51,1
13643,51,1
13644,51,1
13645,51,1
13646,51,1
13647,51,1
13648,51,1
13649,51,1
13650,51,1
13651,51,1
13652,51,1
13653,50,1
13654,50,1
13655,50,1
13656,50,1
13657,50,1
13658,50,1
13659,50,1
13660,50,1
13661,50,1
13662,50,1
13663,50,1
13664,50,1
13665,50,1
13666,50,1
13667,50,1
13668,50,1
13669,50,1
13670,50,1
13671,50,1
13672,50,1
13673,50,1
13674,50,1
13675,50,1
13676,50,1
13677,50,1
13678,50,1
13679,50,1
13680,50,1
13681,50,1
13682,50,1
13683,50,1
13684,50,1
13685,50,1
13686,49,1
13687,49,1
13688,49,1
13689,49,1
13690,49,1
13691,49,1
13692,49,1
13693,49,1
13694,48,1
13695,48,1
13696,48,1
13697,48,1
13698,48,1
13699,48,1
13700,48,1
13701,48,1
13702,48,1
13703,48,1
13704,48,1
13705,48,1
13706,48,1
13707,48,1
13708,48,1
13709,48,1
13710,48,1
13711,48,1
13712,48,1
13713,48,1
13714,48,1
13715,48,1
13716,48,1
13717,48,1
13718,48,1
13719,48,1
13720,48,1
13721,48,1
13722,48,1
13723,48,1
13724,48,1
13725,48,1
13726,48,1
13727,48,1
13728,48,1
13729,48,1
13730,48,1
13731,48,1
13732,48,1
13733,48,1
13734,48,1
13735,48,1
13736,48,1
13737,48,1
13738,48,1
13739,48,1
13740,48,1
13741,48,1
13742,48,1
13743,48,1
13744,48,1
13745,48,1
13746,48,1
13747,48,1
13748,48,1
13749,48,1
13750,48,1
13751,48,1
13752,48,1
13753,48,1
13754,48,1
13755,48,1
13756,48,1
13757,48,1
13758,48,1
13759,48,1
13760,48,1
13761,48,1
13762,49,1
13763,49,1
13764,49,1
13765,49,1
13766,49,1
13767,49,1
13768,49,1
13769,49,1
13770,49,1
13771,49,1
13772,49,1
13773,49,1
13774,49,1
13775,49,1
13776,49,1
13777,49,1
13778,49,1
13779,49,1
13780,49,1
13781,49,1
13782,49,1
13783,49,1
13784,49,1
13785,49,1
13786,49,1
13787,49,1
13788,49,1
13789,49,1
13790,49,1
13791,49,1
13792,49,1
13793,49,1
13794,49,1
13795,49,1
13796,49,1
13797,49,1
13798,49,1
13799,50,1
13800,50,1
13801,50,1
13802,50,1
13803,50,1
13804,50,1
13805,50,1
13806,50,1
13807,50,1
13808,50,1
13809,50,1
13810,50,1
13811,50,1
13812,50,1
13813,50,1
13814,50,1
13815,50,1
13816,50,1
13817,50,1
13818,50,1
13819,50,1
13820,50,1
13821,50,1
13822,50,1
13823,50,1
13824,50,1
13825,50,1
13826,49,1
13827,49,1
13828,49,1
13829,49,1
13830,49,1
13831,49,1
13832,49,1
13833,49,1
13834,49,1
13835,49,1
13836,49,1
13837,49,1
13838,49,1
13839,49,1
13840,50,1
13841,50,1
13842,50,1
13843,50,1
13844,50,1
13845,50,1
13846,50,1
13847,50,1
13848,50,1
13849,50,1
13850,50,1
13851,50,1
13852,50,1
13853,50,1
13854,50,1
13855,50,1
13856,50,1
13857,50,1
13858,50,1
13859,50,1
13860,50,1
13861,50,1
13862,50,1
13863,50,1
13864,49,1
13865,49,1
13866,49,1
13867,49,1
13868,49,1
13869,49,1
13870,49,1
13871,49,1
13872,49,1
13873,49,1
13874,49,1
13875,49,1
13876,50,1
13877,50,1
13878,50,1
13879,50,1
13880,50,1
13881,50,1
13882,50,1
13883,50,1
13884,50,1
13885,50,1
13886,50,1
13887,50,1
13888,50,1
13889,50,1
13890,50,1
13891,50,1
13892,50,1
13893,50,1
13894,50,1
13895,50,1
13896,50,1
13897,50,1
13898,50,1
13899,50,1
13900,50,1
13901,50,1
13902,50,1
13903,50,1
13904,50,1
13905,50,1
13906,50,1
13907,50,1
13908,50,1
13909,50,1
13910,50,1
13911,50,1
13912,50,1
13913,50,1
13914,50,1
13915,50,1
13916,50,1
13917,50,1
13918,50,1
13919,50,1
13920,50,1
13921,50,1
13922,50,1
13923,50,1
13924,50,1
13925,49,1
13926,49,1
13927,49,1
13928,49,1
13929,49,1
13930,49,1
13931,49,1
13932,49,1
13933,49,1
13934,49,1
13935,50,2
13936,50,2
13937,50,2
13938,50,2
13939,50,2
13940,50,2
13941,50,2
13942,50,2
13943,50,2
13944,50,2
13945,50,2
13946,50,2
13947,50,2
13948,50,2
13949,50,2
13950,50,2
13951,50,2
13952,50,2
13953,50,2
13954,50,2
13955,50,2
13956,50,2
13957,50,2
13958,50,2
13959,50,2
13960,50,2
13961,50,2
13962,50,2
13963,50,2
13964,50,2
13965,50,2
13966,50,2
13967,50,2
13968,50,2
13969,50,2
13970,50,2
13971,50,2
13972,50,2
13973,50,2
13974,50,2
13975,50,2
13976,50,2
13977,50,2
13978,50,2
13979,51,2
13980,51,2
13981,51,2
13982,51,2
13983,51,2
13984,51,2
13985,51,2
13986,51,2
13987,51,2
13988,51,2
13989,51,2
13990,51,2
13991,50,2
13992,50,2
13993,50,2
13994,50,2
13995,50,2
13996,50,2
13997,50,2
13998,50,2
13999,50,2
14000,50,2
14001,50,2
14002,50,2
14003,50,2
14004,50,2
14005,50,2
14006,50,2
14007,50,2
14008,50,2
14009,50,2
14010,50,2
14011,50,2
14012,50,2
14013,50,2
14014,50,2
14015,50,2
14016,50,2
14017,50,2
14018,50,2
14019,50,2
14020,50,2
14021,50,2
14022,50,2
14023,50,2
14024,49,2
14025,49,2
14026,49,2
14027,49,2
14028,49,2
14029,49,2
14030,49,2
14031,49,2
14032,49,2
14033,49,2
14034,49,2
14035,49,2
14036,49,2
14037,49,2
14038,49,2
14039,49,2
14040,49,2
14041,49,2
14042,49,2
14043,49,2
14044,49,2
14045,49,2
14046,49,2
14047,49,2
14048,49,2
14049,49,2
14050,49,2
14051,49,2
14052,49,2
14053,49,2
14054,49,2
14055,49,2
14056,49,2
14057,48,2
14058,48,2
14059,48,2
14060,48,2
14061,48,2
14062,48,2
14063,48,2
14064,48,2
14065,48,2
14066,48,2
14067,48,2
14068,48,2
14069,48,2
14070,48,2
14071,48,2
14072,48,2
14073,48,2
14074,48,2
14075,48,2
14076,48,2
14077,48,2
14078,48,2
14079,48,2
14080,48,2
14081,48,2
14082,48,2
14083,48,2
14084,48,2
14085,48,2
14086,48,2
14087,48,2
14088,48,2
14089,48,2
14090,48,2
14091,48,2
14092,48,2
14093,48,2
14094,48,2
14095,48,2
14096,48,2
14097,48,2
14098,48,2
14099,48,2
14100,48,2
14101,48,2
14102,48,2
14103,48,2
14104,48,2
14105,48,2
14106,48,2
14107,48,2
14108,48,2
14109,48,2
14110,48,2
14111,48,2
14112,48,2
14113,48,2
14114,48,2
14115,48,2
14116,48,2
14117,48,2
14118,48,2
14119,48,2
14120,48,2
14121,48,2
14122,48,2
14123,48,2
14124,48,2
14125,48,2
14126,48,2
14127,48,2
14128,48,2
14129,48,2
14130,48,2
14131,48,2
14132,49,2
14133,49,2
14134,49,2
14135,49,2
14136,49,2
14137,49,2
14138,49,2
14139,49,2
14140,49,2
14141,49,2
14142,49,2
14143,49,2
14144,49,2
14145,49,2
14146,49,2
14147,49,2
14148,49,2
14149,49,2
14150,49,2
14151,49,2
14152,49,2
14153,49,2
14154,49,2
14155,49,2
14156,49,2
14157,49,2
14158,49,2
14159,49,2
14160,49,2
14161,49,2
14162,49,2
14163,49,2
14164,49,2
14165,49,2
14166,49,2
14167,49,2
14168,48,2
14169,48,2
14170,48,2
14171,48,2
14172,48,2
14173,48,2
14174,48,2
14175,48,2
14176,48,2
14177,48,2
14178,48,2
14179,48,2
14180,48,2
14181,48,2
14182,48,2
14183,48,2
14184,48,2
14185,48,2
14186,48,2
14187,48,2
14188,48,2
14189,47,2
14190,47,2
14191,47,2
14192,47,2
14193,47,2
14194,47,2
14195,47,2
14196,47,2
14197,47,2
14198,47,2
14199,47,2
14200,47,2
14201,47,2
14202,47,2
14203,47,2
14204,47,2
14205,47,2
14206,47,2
14207,47,2
14208,47,2
14209,47,2
14210,47,2
14211,47,2
14212,47,2
14213,47,2
14214,47,2
14215,48,2
14216,48,2
14217,48,2
14218,48,2
14219,48,2
14220,48,2
14221,48,2
14222,48,2
14223,48,2
14224,48,2
14225,48,2
14226,48,2
14227,48,2
14228,48,2
14229,48,2
14230,48,2
14231,48,2
14232,48,2
14233,48,2
14234,48,2
14235,47,2
14236,47,2
14237,47,2
14238,47,2
14239,47,2
14240,47,2
14241,47,2
14242,47,2
14243,47,2
14244,47,2
14245,47,2
14246,47,2
14247,47,2
14248,47,2
14249,47,2
14250,47,2
14251,47,2
14252,47,2
14253,47,2
14254,47,2
14255,46,2
14256,46,2
14257,46,2
14258,46,2
14259,46,2
14260,46,2
14261,46,2
14262,46,2
14263,46,2
14264,46,2
14265,46,2
14266,46,2
14267,46,2
14268,46,2
14269,46,2
14270,46,2
14271,46,2
14272,46,2
14273,46,2
14274,46,2
14275,46,2
14276,46,2
14277,46,2
14278,46,2
14279,46,2
14280,46,2
14281,46,2
14282,46,2
14283,46,2
14284,46,2
14285,47,2
14286,47,2
14287,47,2
14288,47,2
14289,48,2
14290,48,2
14291,48,2
14292,48,2
14293,48,2
14294,48,2
14295,48,2
14296,48,2
14297,48,2
14298,48,2
14299,48,2
14300,48,2
14301,48,2
14302,48,2
14303,48,2
14304,48,2
14305,48,2
14306,48,2
14307,48,2
14308,48,2
14309,48,2
14310,48,2
14311,48,2
14312,48,2
14313,48,2
14314,48,2
14315,48,2
14316,48,2
14317,48,2
14318,48,2
14319,48,2
14320,48,2
14321,47,2
14322,47,2
14323,47,2
14324,47,2
14325,47,2
14326,47,2
14327,47,2
14328,47,2
14329,47,2
14330,47,2
14331,47,2
14332,47,2
14333,47,2
14334,47,2
14335,47,2
14336,47,2
14337,47,2
14338,47,2
14339,47,2
14340,47,2
14341,47,2
14342,47,2
14343,47,2
14344,47,2
14345,47,2
14346,47,2
14347,47,2
14348,47,2
14349,47,2
14350,47,2
14351,47,2
14352,47,2
14353,47,2
14354,46,2
14355,46,2
14356,46,2
14357,46,2
14358,46,2
14359,46,2
14360,46,2
14361,46,2
14362,46,2
14363,46,2
14364,46,2
14365,46,2
14366,46,2
14367,46,2
14368,46,2
14369,46,2
14370,46,2
14371,46,2
14372,46,2
14373,46,2
14374,46,2
14375,46,2
14376,46,2
14377,46,2
14378,46,2
14379,46,2
14380,46,2
14381,46,2
14382,46,2
14383,46,2
14384,46,2
14385,46,2
14386,46,2
14387,46,2
14388,46,2
14389,46,2
14390,46,2
14391,46,2
14392,46,2
14393,46,2
14394,46,2
14395,46,2
14396,46,2
14397,46,2
14398,46,2
14399,46,2
14400,46,2
14401,46,2
14402,46,2
14403,46,2
14404,46,2
14405,46,2
14406,46,2
14407,46,2
14408,46,2
14409,46,2
14410,46,2
14411,46,2
14412,46,2
14413,46,2
14414,46,2
14415,46,2
14416,46,2
14417,46,2
14418,46,2
14419,46,2
14420,46,2
14421,46,2
14422,47,2
14423,47,2
14424,47,2
14425,47,2
14426,47,2
14427,47,2
14428,47,2
14429,47,2
14430,47,2
14431,47,2
14432,47,2
14433,47,2
14434,47,2
14435,47,2
14436,47,2
14437,47,2
14438,47,2
14439,47,2
14440,47,2
14441,47,2
14442,47,2
14443,47,2
14444,47,2
14445,47,2
14446,47,2
14447,47,2
14448,47,2
14449,47,2
14450,47,2
14451,47,2
14452,47,2
14453,47,2
14454,47,2
14455,47,2
14456,47,2
14457,47,2
14458,47,2
14459,47,2
14460,47,2
14461,47,2
14462,47,2
14463,47,2
14464,47,2
14465,47,2
14466,47,2
14467,47,2
14468,47,2
14469,47,2
14470,47,2
14471,47,2
14472,47,2
14473,47,2
14474,47,2
14475,47,2
14476,47,2
14477,47,2
14478,47,2
14479,47,2
14480,47,2
14481,47,2
14482,47,2
14483,47,2
14484,47,2
14485,47,2
14486,47,2
14487,47,2
14488,47,2
14489,47,2
14490,47,2
14491,47,2
14492,47,2
14493,47,2
14494,47,2
14495,47,2
14496,47,2
14497,47,2
14498,47,2
14499,47,2
14500,47,2
14501,47,2
14502,47,2
14503,47,2
14504,47,2
14505,47,2
14506,47,2
14507,47,2
14508,47,2
14509,47,2
14510,47,2
14511,47,2
14512,47,2
14513,47,2
14514,47,2
14515,46,2
14516,46,2
14517,46,2
14518,46,2
14519,46,2
14520,46,2
14521,46,2
14522,46,2
14523,46,2
14524,46,2
14525,46,2
14526,46,2
14527,46,2
14528,46,2
14529,46,2
14530,46,2
14531,46,2
14532,47,2
14533,47,2
14534,47,2
14535,47,2
14536,47,2
14537,47,2
14538,47,2
14539,47,2
14540,47,2
14541,47,2
14542,47,2
14543,47,2
14544,47,2
14545,47,2
14546,47,2
14547,47,2
14548,47,2
14549,47,2
14550,46,2
14551,46,2
14552,46,2
14553,46,2
14554,46,2
14555,46,2
14556,46,2
14557,46,2
14558,46,2
14559,46,2
14560,46,2
14561,46,2
14562,46,2
14563,46,2
14564,46,2
14565,46,2
14566,46,2
14567,46,2
14568,46,2
14569,46,2
14570,46,2
14571,47,2
14572,47,2
14573,47,2
14574,47,2
14575,47,2
14576,47,2
14577,47,2
14578,47,2
14579,47,2
14580,47,2
14581,47,2
14582,47,2
14583,46,2
14584,46,2
14585,46,2
14586,46,2
14587,46,2
14588,46,2
14589,46,2
14590,46,2
14591,46,2
14592,46,2
14593,46,2
14594,46,2
14595,46,2
14596,46,2
14597,46,2
14598,46,2
14599,46,2
14600,46,2
14601,46,2
14602,46,2
14603,46,2
14604,46,2
14605,46,2
14606,46,2
14607,46,2
14608,46,2
14609,46,2
14610,46,2
14611,46,2
14612,46,2
14613,46,2
14614,46,2
14615,46,2
14616,45,2
14617,45,2
14618,45,2
14619,45,2
14620,45,2
14621,45,2
14622,45,2
14623,45,2
14624,45,2
14625,45,2
14626,45,2
14627,45,2
14628,45,2
14629,45,2
14630,45,2
14631,45,2
14632,45,2
14633,45,2
14634,45,2
14635,45,2
14636,45,2
14637,45,2
14638,45,2
14639,45,2
14640,45,2
14641,45,2
14642,45,2
14643,45,2
14644,45,2
14645,46,2
14646,46,2
14647,46,2
14648,46,2
14649,45,2
14650,45,2
14651,45,2
14652,45,2
14653,45,2
14654,45,2
14655,45,2
14656,45,2
14657,45,2
14658,45,2
14659,45,2
14660,45,2
14661,45,2
14662,45,2
14663,45,2
14664,45,2
14665,45,2
14666,45,2
14667,45,2
14668,45,2
14669,45,2
14670,45,2
14671,45,2
14672,45,2
14673,45,2
14674,45,2
14675,45,2
14676,45,2
14677,45,2
14678,46,2
14679,46,2
14680,46,2
14681,47,2
14682,47,2
14683,47,2
14684,47,2
14685,47,2
14686,47,2
14687,47,2
14688,47,2
14689,47,2
14690,47,2
14691,47,2
14692,47,2
14693,47,2
14694,47,2
14695,47,2
14696,47,2
14697,47,2
14698,47,2
14699,47,2
14700,47,2
14701,47,2
14702,47,2
14703,47,2
14704,47,2
14705,48,2
14706,48,2
14707,48,2
14708,48,2
14709,48,2
14710,48,2
14711,48,2
14712,48,2
14713,48,2
14714,48,2
14715,48,2
14716,48,2
14717,48,2
14718,47,2
14719,47,2
14720,47,2
14721,47,2
14722,47,2
14723,47,2
14724,47,2
14725,47,2
14726,47,2
14727,47,2
14728,47,2
14729,47,2
14730,47,2
14731,47,2
14732,47,2
14733,47,2
14734,47,2
14735,47,2
14736,47,2
14737,47,2
14738,47,2
14739,47,2
14740,47,2
14741,47,2
14742,47,2
14743,47,2
14744,47,2
14745,47,2
14746,47,2
14747,47,2
14748,47,2
14749,47,2
14750,47,2
14751,47,2
14752,47,2
14753,47,2
14754,47,2
14755,47,2
14756,47,2
14757,47,2
14758,47,2
14759,47,2
14760,47,2
14761,47,2
14762,46,2
14763,46,2
14764,46,2
14765,46,2
14766,46,2
14767,46,2
14768,46,2
14769,46,2
14770,46,2
14771,46,2
14772,46,2
14773,46,2
14774,46,2
14775,46,2
14776,46,2
14777,46,2
14778,46,2
14779,46,2
14780,46,2
14781,46,2
14782,46,2
14783,46,2
14784,46,2
14785,46,2
14786,46,2
14787,46,2
14788,46,2
14789,46,2
14790,46,2
14791,46,2
14792,46,2
14793,46,2
14794,46,2
14795,46,2
14796,46,2
14797,46,2
14798,46,2
14799,46,2
14800,46,2
14801,46,2
14802,46,2
14803,46,2
14804,46,2
14805,46,2
14806,46,2
14807,46,2
14808,46,2
14809,46,2
14810,46,2
14811,46,2
14812,46,2
14813,46,2
14814,46,2
14815,46,2
14816,46,2
14817,45,2
14818,45,2
14819,45,2
14820,45,2
14821,45,2
14822,45,2
14823,45,2
14824,45,2
14825,45,2
14826,45,2
14827,45,2
14828,45,2
14829,45,2
14830,45,2
14831,45,2
14832,45,2
14833,45,2
14834,45,2
14835,45,2
14836,45,2
14837,45,2
14838,45,2
14839,45,2
14840,45,2
14841,45,2
14842,45,2
14843,45,2
14844,45,2
14845,45,2
14846,45,2
14847,45,2
14848,45,2
14849,45,2
14850,45,2
14851,45,2
14852,45,2
14853,45,2
14854,44,2
14855,44,2
14856,45,2
14857,45,2
14858,45,2
14859,45,2
14860,45,2
14861,45,2
14862,45,2
14863,45,2
14864,45,2
14865,45,2
14866,45,2
14867,45,2
14868,45,2
14869,45,2
14870,45,2
14871,45,2
14872,45,2
14873,45,2
14874,45,2
14875,45,2
14876,45,2
14877,45,2
14878,45,2
14879,45,2
14880,45,2
14881,45,2
14882,45,2
14883,45,2
14884,45,2
14885,45,2
14886,44,2
14887,44,2
14888,44,2
14889,44,2
14890,44,2
14891,44,2
14892,45,2
14893,45,2
14894,45,2
14895,45,2
14896,45,2
14897,45,2
14898,45,2
14899,45,2
14900,45,2
14901,45,2
14902,45,2
14903,45,2
14904,45,2
14905,45,2
14906,45,2
14907,45,2
14908,45,2
14909,45,2
14910,45,2
14911,45,2
14912,45,2
14913,45,2
14914,46,2
14915,46,2
14916,46,2
14917,46,2
14918,46,2
14919,45,2
14920,44,2
14921,44,2
14922,44,2
14923,44,2
14924,44,2
14925,44,2
14926,44,2
14927,44,2
14928,44,2
14929,44,2
14930,44,2
14931,45,2
14932,45,2
14933,45,2
14934,45,2
14935,45,2
14936,45,2
14937,45,2
14938,45,2
14939,45,2
14940,45,2
14941,45,2
14942,45,2
14943,45,2
14944,45,2
14945,45,2
14946,45,2
14947,45,2
14948,45,2
14949,45,2
14950,45,2
14951,45,2
14952,45,2
14953,44,2
14954,44,2
14955,44,2
14956,45,2
14957,45,2
14958,45,2
14959,45,2
14960,45,2
14961,45,2
14962,45,2
14963,45,2
14964,45,2
14965,45,2
14966,45,2
14967,45,2
14968,45,2
14969,45,2
14970,45,2
14971,45,2
14972,45,2
14973,45,2
14974,45,2
14975,45,2
14976,45,2
14977,45,2
14978,45,2
14979,45,2
14980,45,2
14981,45,2
14982,45,2
14983,45,2
14984,45,2
14985,45,2
14986,45,2
14987,45,2
14988,45,2
14989,45,2
14990,45,2
14991,45,2
14992,45,2
14993,45,2
14994,45,2
14995,45,2
14996,45,2
14997,45,2
14998,45,2
14999,45,2
15000,45,2
15001,45,2
15002,45,2
15003,45,2
15004,45,2
15005,45,2
15006,45,2
15007,45,2
15008,45,2
15009,45,2
15010,45,2
15011,45,2
15012,45,2
15013,45,2
15014,45,2
15015,45,2
15016,45,2
15017,45,2
15018,45,2
15019,45,2
15020,45,2
15021,45,2
15022,44,2
15023,44,2
15024,44,2
15025,44,2
15026,44,2
15027,44,2
15028,44,2
15029,44,2
15030,44,2
15031,44,2
15032,44,2
15033,44,2
15034,44,2
15035,45,2
15036,45,2
15037,45,2
15038,45,2
15039,45,2
15040,45,2
15041,45,2
15042,45,2
15043,45,2
15044,45,2
15045,45,2
15046,45,2
15047,45,2
15048,45,2
15049,45,2
15050,45,2
15051,45,2
15052,45,2
15053,45,2
15054,45,2
15055,45,2
15056,45,2
15057,45,2
15058,45,2
15059,44,1
15060,45,1
15061,45,1
15062,45,1
15063,45,1
15064,45,1
15065,45,1
15066,45,1
15067,45,1
15068,45,1
15069,45,1
15070,45,1
15071,45,1
15072,45,1
15073,45,1
15074,45,1
15075,45,1
15076,45,1
15077,45,1
15078,46,1
15079,46,1
15080,46,1
15081,46,1
15082,46,1
15083,46,1
15084,46,1
15085,46,1
15086,46,1
15087,46,1
15088,45,1
15089,45,1
15090,45,1
15091,45,1
15092,45,1
15093,45,1
15094,45,1
15095,45,1
15096,45,1
15097,45,1
15098,45,1
15099,45,1
15100,45,1
15101,45,1
15102,45,1
15103,45,1
15104,45,1
15105,45,1
15106,45,1
15107,45,1
15108,45,1
15109,45,1
15110,45,1
15111,45,1
15112,45,1
15113,45,1
15114,44,1
15115,44,1
15116,44,1
15117,44,1
15118,44,1
15119,44,1
15120,44,1
15121,43,1
15122,43,1
15123,43,1
15124,43,1
15125,44,1
15126,44,1
15127,44,1
15128,44,1
15129,44,1
15130,44,1
15131,44,1
15132,44,1
15133,44,1
15134,44,1
15135,44,1
15136,44,1
15137,44,1
15138,44,1
15139,44,1
15140,44,1
15141,44,1
15142,44,1
15143,44,1
15144,44,1
15145,44,1
15146,44,1
15147,43,1
15148,43,1
15149,43,1
15150,43,1
15151,43,1
15152,43,1
15153,43,1
15154,43,1
15155,43,1
15156,43,1
15157,44,1
15158,44,1
15159,44,1
15160,44,1
15161,44,1
15162,44,1
15163,44,1
15164,44,1
15165,44,1
15166,45,1
15167,45,1
15168,45,1
15169,45,1
15170,45,1
15171,45,1
15172,45,1
15173,45,1
15174,45,1
15175,45,1
15176,45,1
15177,45,1
15178,45,1
15179,45,1
15180,45,1
15181,45,1
15182,45,1
15183,45,1
15184,45,1
15185,45,1
15186,45,1
15187,45,1
15188,45,1
15189,45,1
15190,45,1
15191,45,1
15192,45,1
15193,45,1
15194,45,1
15195,45,1
15196,45,1
15197,45,1
15198,45,1
15199,45,1
15200,45,1
15201,45,1
15202,45,1
15203,45,1
15204,45,1
15205,45,1
15206,45,1
15207,45,1
15208,45,1
15209,45,1
15210,45,1
15211,45,1
15212,45,1
15213,45,1
15214,45,1
15215,45,1
15216,45,1
15217,45,1
15218,45,1
15219,45,1
15220,45,1
15221,45,1
15222,45,1
15223,45,1
15224,44,1
15225,44,1
15226,44,1
15227,44,1
15228,44,1
15229,44,1
15230,44,1
15231,44,1
15232,44,1
15233,44,1
15234,44,1
15235,44,1
15236,44,1
15237,44,1
15238,44,1
15239,44,1
15240,44,1
15241,44,1
15242,44,1
15243,44,1
15244,44,1
15245,44,1
15246,44,1
15247,44,1
15248,44,1
15249,44,1
15250,44,1
15251,44,1
15252,44,1
15253,44,1
15254,44,1
15255,44,1
15256,44,1
15257,44,1
15258,44,1
15259,44,1
15260,44,1
15261,44,1
15262,44,1
15263,44,1
15264,44,1
15265,44,1
15266,44,1
15267,44,1
15268,44,1
15269,44,1
15270,44,1
15271,44,1
15272,44,1
15273,44,1
15274,44,1
15275,44,1
15276,44,1
15277,44,1
15278,44,1
15279,44,1
15280,44,1
15281,43,1
15282,43,1
15283,43,1
15284,43,1
15285,43,1
15286,43,1
15287,43,1
15288,43,1
15289,43,1
15290,43,1
15291,42,1
15292,42,1
15293,42,1
15294,42,1
15295,42,1
15296,42,1
15297,42,1
15298,42,1
15299,42,1
15300,42,1
15301,42,1
15302,42,1
15303,42,1
15304,42,1
15305,42,1
15306,42,1
15307,42,1
15308,42,1
15309,42,1
15310,42,1
15311,42,1
15312,42,1
15313,42,1
15314,42,1
15315,42,1
15316,42,1
15317,42,1
15318,42,1
15319,43,1
15320,43,1
15321,43,1
15322,43,1
15323,43,1
15324,43,1
15325,43,1
15326,43,1
15327,43,1
15328,43,1
15329,43,1
15330,43,1
15331,43,1
15332,43,1
15333,43,1
15334,43,1
15335,43,1
15336,43,1
15337,43,1
15338,43,1
15339,43,1
15340,43,1
15341,43,1
15342,43,1
15343,43,1
15344,43,1
15345,43,1
15346,43,1
15347,43,1
15348,43,1
15349,43,1
15350,43,1
15351,43,1
15352,43,1
15353,43,1
15354,43,1
15355,43,1
15356,43,1
15357,43,1
15358,43,1
15359,43,1
15360,43,1
15361,43,1
15362,43,1
15363,43,1
15364,43,1
15365,43,1
15366,43,1
15367,43,1
15368,43,1
15369,43,1
15370,43,1
15371,44,1
15372,44,1
15373,44,1
15374,44,1
15375,44,1
15376,44,1
15377,44,1
15378,44,1
15379,44,1
15380,44,1
15381,44,1
15382,44,1
15383,44,1
15384,44,1
15385,44,1
15386,44,1
15387,44,1
15388,44,1
15389,44,1
15390,44,1
15391,44,1
15392,44,1
15393,44,1
15394,45,1
15395,45,1
15396,45,1
15397,45,1
15398,45,1
15399,45,1
15400,45,1
15401,45,1
15402,45,1
15403,45,1
15404,45,1
15405,45,1
15406,45,1
15407,45,1
15408,45,1
15409,45,1
15410,45,1
15411,45,1
15412,45,1
15413,45,1
15414,45,1
15415,45,1
15416,45,1
15417,45,1
15418,45,1
15419,45,1
15420,45,1
15421,45,1
15422,45,1
15423,45,1
15424,45,1
15425,45,1
15426,45,1
15427,45,1
15428,46,1
15429,46,1
15430,46,1
15431,46,1
15432,46,1
15433,46,1
15434,46,1
15435,46,1
15436,46,1
15437,46,1
15438,46,1
15439,46,1
15440,46,1
15441,46,1
15442,46,1
15443,46,1
15444,46,1
15445,46,1
15446,46,1
15447,46,1
15448,46,1
15449,45,0
15450,45,0
15451,45,0
15452,45,0
15453,45,0
15454,45,0
15455,45,0
15456,45,0
15457,45,0
15458,45,0
15459,45,0
15460,44,0
15461,44,0
15462,44,0
15463,44,0
15464,44,0
15465,44,0
15466,44,0
15467,44,0
15468,44,0
15469,44,0
15470,44,0
15471,44,0
15472,44,0
15473,44,0
15474,44,0
15475,44,0
15476,44,0
15477,44,0
15478,44,0
15479,44,0
15480,44,0
15481,44,0
15482,44,0
15483,45,0
15484,45,0
15485,45,0
15486,45,0
15487,45,0
15488,45,0
15489,45,0
15490,45,0
15491,45,0
15492,45,0
15493,45,0
15494,46,0
15495,46,0
15496,46,0
15497,46,0
15498,46,0
15499,46,0
15500,46,0
15501,46,0
15502,46,0
15503,46,0
15504,46,0
15505,46,0
15506,46,0
15507,46,0
15508,46,0
15509,46,0
15510,46,0
15511,46,0
15512,46,0
15513,46,0
15514,46,0
15515,46,0
15516,46,0
15517,46,0
15518,45,0
15519,45,0
15520,45,0
15521,45,0
15522,45,0
15523,45,0
15524,45,0
15525,45,0
15526,45,0
15527,45,0
15528,45,0
15529,45,0
15530,45,0
15531,45,0
15532,45,0
15533,45,0
15534,45,0
15535,45,0
15536,45,0
15537,45,0
15538,45,0
15539,45,0
15540,45,0
15541,45,0
15542,45,0
15543,45,0
15544,45,0
15545,45,0
15546,45,0
15547,45,0
15548,45,0
15549,45,0
15550,45,0
15551,45,0
15552,45,0
15553,45,0
15554,45,0
15555,45,0
15556,46,0
15557,46,0
15558,46,0
15559,45,0
15560,45,0
15561,45,0
15562,45,0
15563,45,0
15564,45,0
15565,46,0
15566,46,0
15567,46,0
15568,46,0
15569,46,0
15570,46,0
15571,46,0
15572,46,0
15573,46,0
15574,46,0
15575,46,0
15576,46,0
15577,46,0
15578,46,0
15579,46,0
15580,46,0
15581,46,0
15582,46,0
15583,46,0
15584,46,0
15585,46,0
15586,46,0
15587,45,0
15588,45,0
15589,45,0
15590,45,0
15591,45,0
15592,45,0
15593,45,0
15594,45,0
15595,46,0
15596,46,0
15597,46,0
15598,46,0
15599,46,0
15600,46,0
15601,46,0
15602,46,0
15603,46,0
15604,46,0
15605,46,0
15606,46,0
15607,46,0
15608,46,0
15609,46,0
15610,46,0
15611,46,0
15612,46,0
15613,46,0
15614,46,0
15615,46,0
15616,46,0
15617,46,0
15618,46,0
15619,46,0
15620,46,0
15621,46,0
15622,46,0
15623,46,0
15624,46,0
15625,46,0
15626,46,0
15627,46,0
15628,47,0
15629,47,0
15630,47,0
15631,47,0
15632,47,0
15633,47,0
15634,47,0
15635,47,0
15636,47,0
15637,47,0
15638,47,0
15639,47,0
15640,47,0
15641,47,0
15642,47,0
15643,47,0
15644,47,0
15645,47,0
15646,47,0
15647,47,0
15648,47,0
15649,47,0
15650,47,0
15651,47,0
15652,47,0
15653,47,0
15654,47,0
15655,47,0
15656,48,0
15657,48,0
15658,48,0
15659,48,0
15660,48,0
15661,48,0
15662,48,0
15663,48,0
15664,48,0
15665,48,0
15666,48,0
15667,48,0
15668,48,0
15669,48,0
15670,48,0
15671,48,0
15672,48,0
15673,48,0
15674,48,0
15675,48,0
15676,48,0
15677,47,0
15678,47,0
15679,47,0
15680,47,0
15681,47,0
15682,47,0
15683,47,0
15684,47,0
15685,47,0
15686,47,0
15687,47,0
15688,47,0
15689,47,0
15690,47,0
15691,47,0
15692,47,0
15693,47,0
15694,47,0
15695,47,0
15696,47,0
15697,47,0
15698,47,0
15699,47,0
15700,47,0
15701,47,0
15702,47,0
15703,47,0
15704,47,0
15705,47,0
15706,47,0
15707,47,0
15708,47,0
15709,47,0
15710,46,0
15711,46,0
15712,46,0
15713,46,0
15714,46,0
15715,46,0
15716,46,0
15717,46,0
15718,46,0
15719,46,0
15720,46,0
15721,46,0
15722,46,0
15723,46,0
15724,46,0
15725,46,0
15726,46,0
15727,46,0
15728,46,0
15729,47,0
15730,47,0
15731,47,0
15732,47,0
15733,47,0
15734,47,0
15735,47,0
15736,47,0
15737,47,0
15738,47,0
15739,47,0
15740,47,0
15741,47,0
15742,47,0
15743,47,0
15744,47,0
15745,47,0
15746,47,0
15747,47,0
15748,47,0
15749,47,0
15750,47,0
15751,47,0
15752,48,0
15753,48,0
15754,48,0
15755,48,0
15756,48,0
15757,48,0
15758,48,0
15759,48,0
15760,48,0
15761,48,0
15762,48,0
15763,48,0
15764,48,0
15765,48,0
15766,48,0
15767,48,0
15768,48,0
15769,48,0
15770,48,0
15771,48,0
15772,48,0
15773,48,0
15774,48,0
15775,48,0
15776,47,0
15777,47,0
15778,47,0
15779,47,0
15780,47,0
15781,47,0
15782,47,0
15783,47,0
15784,47,0
15785,47,0
15786,47,0
15787,47,0
15788,47,0
15789,47,0
15790,47,0
15791,47,0
15792,47,0
15793,47,0
15794,47,0
15795,47,0
15796,47,0
15797,47,0
15798,47,0
15799,47,0
15800,47,0
15801,47,0
15802,47,0
15803,47,0
15804,47,0
15805,47,0
15806,47,0
15807,47,0
15808,47,0
15809,47,0
15810,47,0
15811,46,0
15812,46,0
15813,46,0
15814,46,0
15815,45,0
15816,45,0
15817,45,0
15818,45,0
15819,45,0
15820,45,0
15821,45,0
15822,45,0
15823,45,0
15824,45,0
15825,45,0
15826,45,0
15827,45,0
15828,45,0
15829,45,0
15830,45,0
15831,45,0
15832,45,0
15833,46,0
15834,46,0
15835,46,0
15836,46,0
15837,46,0
15838,46,0
15839,46,0
15840,46,0
15841,46,0
15842,46,0
15843,46,0
15844,45,0
15845,45,0
15846,45,0
15847,45,0
15848,45,0
15849,45,0
15850,45,0
15851,45,0
15852,45,0
15853,45,0
15854,45,0
15855,45,0
15856,45,0
15857,45,0
15858,45,0
15859,45,0
15860,45,0
15861,45,0
15862,45,0
15863,45,0
15864,45,0
15865,45,0
15866,45,0
15867,45,0
15868,45,0
15869,45,0
15870,45,0
15871,45,0
15872,45,0
15873,45,0
15874,45,0
15875,45,0
15876,45,0
15877,44,0
15878,44,0
15879,44,0
15880,44,0
15881,44,0
15882,44,0
15883,44,0
15884,44,0
15885,44,0
15886,44,0
15887,44,0
15888,44,0
15889,44,0
15890,44,0
15891,44,0
15892,44,0
15893,44,0
15894,44,0
15895,44,0
15896,44,0
15897,44,0
15898,44,0
15899,44,0
15900,44,0
15901,44,0
15902,44,0
15903,44,0
15904,44,0
15905,44,0
15906,44,0
15907,44,0
15908,44,0
15909,44,0
15910,45,0
15911,45,0
15912,45,0
15913,45,0
15914,45,0
15915,45,0
15916,44,0
15917,44,0
15918,44,0
15919,44,0
15920,44,0
15921,44,0
15922,44,0
15923,44,0
15924,44,0
15925,44,0
15926,44,0
15927,44,0
15928,44,0
15929,44,0
15930,44,0
15931,44,0
15932,44,0
15933,44,0
15934,44,0
15935,44,0
15936,44,0
15937,44,0
15938,44,0
15939,44,0
15940,44,0
15941,44,0
15942,44,0
15943,44,0
15944,44,0
15945,43,0
15946,43,0
15947,43,0
15948,43,0
15949,42,0
15950,42,0
15951,42,0
15952,42,0
15953,42,0
15954,42,0
15955,42,0
15956,42,0
15957,42,0
15958,42,0
15959,42,0
15960,42,0
15961,42,0
15962,42,0
15963,42,0
15964,42,0
15965,42,0
15966,42,0
15967,42,0
15968,42,0
15969,42,0
15970,42,0
15971,42,0
15972,42,0
15973,42,0
15974,42,0
15975,42,0
15976,42,0
15977,42,0
15978,42,0
15979,42,0
15980,42,0
15981,42,0
15982,42,0
15983,42,0
15984,42,0
15985,42,0
15986,42,0
15987,42,0
15988,42,0
15989,43,0
15990,43,0
15991,43,0
15992,43,0
15993,43,0
15994,43,0
15995,43,0
15996,43,0
15997,43,0
15998,43,0
15999,43,0
16000,43,0
16001,43,0
16002,43,0
16003,43,0
16004,43,0
16005,43,0
16006,43,0
16007,43,0
16008,43,0
16009,43,0
16010,43,0
16011,42,0
16012,42,0
16013,42,0
16014,42,0
16015,42,0
16016,42,0
16017,42,0
16018,42,0
16019,42,0
16020,42,0
16021,42,0
16022,42,0
16023,42,0
16024,42,0
16025,42,0
16026,42,0
16027,42,0
16028,42,0
16029,42,0
16030,42,0
16031,42,0
16032,42,0
16033,42,0
16034,42,0
16035,42,0
16036,42,0
16037,42,0
16038,42,0
16039,43,0
16040,43,0
16041,43,0
16042,43,0
16043,43,0
16044,42,0
16045,42,0
16046,42,0
16047,42,0
16048,42,0
16049,42,0
16050,42,0
16051,42,0
16052,42,0
16053,42,0
16054,42,0
16055,42,0
16056,42,0
16057,42,0
16058,42,0
16059,42,0
16060,42,0
16061,42,0
16062,42,0
16063,42,0
16064,42,0
16065,42,0
16066,42,0
16067,42,0
16068,42,0
16069,42,0
16070,42,0
16071,42,0
16072,42,0
16073,42,0
16074,42,0
16075,42,0
16076,42,0
16077,42,0
16078,42,0
16079,41,0
16080,41,0
16081,41,0
16082,41,0
16083,41,0
16084,41,0
16085,41,0
16086,41,0
16087,41,0
16088,41,0
16089,41,0
16090,41,0
16091,41,0
16092,41,0
16093,41,0
16094,41,0
16095,41,0
16096,41,0
16097,41,0
16098,41,0
16099,41,0
16100,41,0
16101,41,0
16102,41,0
16103,41,0
16104,41,0
16105,41,0
16106,41,0
16107,41,0
16108,41,0
16109,41,0
16110,41,0
16111,41,0
16112,41,0
16113,41,0
16114,41,0
16115,41,0
16116,41,0
16117,40,0
16118,40,0
16119,40,0
16120,40,0
16121,40,0
16122,40,0
16123,40,0
16124,40,0
16125,40,0
16126,40,0
16127,40,0
16128,40,0
16129,40,0
16130,40,0
16131,41,0
16132,41,0
16133,41,0
16134,41,0
16135,41,0
16136,41,0
16137,41,0
16138,41,0
16139,41,0
16140,41,0
16141,41,0
16142,41,0
16143,41,0
16144,41,0
16145,41,0
16146,41,0
16147,41,0
16148,41,0
16149,41,0
16150,41,0
16151,41,0
16152,41,0
16153,41,0
16154,41,0
16155,41,0
16156,41,0
16157,41,0
16158,41,0
16159,41,0
16160,41,0
16161,41,0
16162,41,0
16163,41,0
16164,41,0
16165,41,0
16166,41,0
16167,41,0
16168,41,0
16169,41,0
16170,41,0
16171,42,0
16172,42,0
16173,42,0
16174,42,0
16175,42,0
16176,42,0
16177,42,0
16178,42,0
16179,42,0
16180,42,0
16181,42,0
16182,42,0
16183,42,0
16184,42,0
16185,42,0
16186,42,0
16187,42,0
16188,42,0
16189,42,0
16190,42,0
16191,42,0
16192,42,0
16193,42,0
16194,42,0
16195,42,0
16196,42,0
16197,42,0
16198,42,0
16199,42,0
16200,42,0
16201,42,0
16202,42,0
16203,42,0
16204,42,0
16205,42,0
16206,42,0
16207,42,0
16208,42,0
16209,42,0
16210,42,0
16211,42,0
16212,42,0
16213,42,0
16214,42,0
16215,42,0
16216,42,0
16217,42,0
16218,42,0
16219,42,0
16220,42,0
16221,42,0
16222,42,0
16223,42,0
16224,42,0
16225,42,0
16226,42,0
16227,42,0
16228,42,0
16229,42,0
16230,42,0
16231,42,0
16232,42,0
16233,42,0
16234,42,0
16235,42,0
16236,42,0
16237,42,0
16238,42,0
16239,42,0
16240,42,0
16241,42,0
16242,42,0
16243,42,0
16244,42,0
16245,42,0
16246,42,0
16247,42,0
16248,42,0
16249,42,0
16250,42,0
16251,42,0
16252,41,0
16253,41,0
16254,41,0
16255,41,0
16256,41,0
16257,41,0
16258,42,0
16259,42,0
16260,42,0
16261,42,0
16262,42,0
16263,42,0
16264,42,0
16265,42,0
16266,42,0
16267,42,0
16268,42,0
16269,42,0
16270,42,0
16271,43,0
16272,43,0
16273,43,0
16274,43,0
16275,43,0
16276,43,0
16277,43,0
16278,43,0
16279,43,0
16280,43,0
16281,43,0
16282,43,0
16283,43,0
16284,43,0
16285,43,0
16286,43,0
16287,43,0
16288,43,0
16289,43,0
16290,43,0
16291,43,0
16292,43,0
16293,43,0
16294,43,0
16295,43,0
16296,43,0
16297,43,0
16298,43,0
16299,43,0
16300,43,0
16301,43,0
16302,43,0
16303,43,0
16304,43,0
16305,43,0
16306,43,0
16307,43,0
16308,43,0
16309,43,0
16310,43,0
16311,43,0
16312,43,0
16313,43,0
16314,43,0
16315,43,0
16316,43,0
16317,43,0
16318,43,0
16319,42,0
16320,42,0
16321,42,0
16322,42,0
16323,42,0
16324,42,0
16325,42,0
16326,42,0
16327,42,0
16328,42,0
16329,42,0
16330,42,0
16331,42,0
16332,42,0
16333,42,0
16334,42,0
16335,42,0
16336,42,0
16337,42,0
16338,42,0
16339,42,0
16340,42,0
16341,42,0
16342,42,0
16343,42,0
16344,42,0
16345,42,0
16346,42,0
16347,42,0
16348,42,0
16349,42,0
16350,42,0
16351,42,0
16352,42,0
16353,42,0
16354,42,0
16355,42,0
16356,42,0
16357,42,0
16358,42,0
16359,42,0
16360,42,0
16361,42,0
16362,42,0
16363,42,0
16364,42,0
16365,42,0
16366,42,0
16367,42,0
16368,42,0
16369,42,0
16370,42,0
16371,42,0
16372,42,0
16373,42,0
16374,42,0
16375,42,0
16376,42,0
16377,42,0
16378,42,0
16379,42,0
16380,42,0
16381,42,0
16382,42,0
16383,42,0
16384,42,0
16385,42,0
16386,42,0
16387,42,0
16388,42,0
16389,42,0
16390,42,0
16391,42,0
16392,42,0
16393,42,0
16394,42,0
16395,42,0
16396,42,0
16397,42,0
16398,42,0
16399,42,0
16400,42,0
16401,42,0
16402,42,0
16403,42,0
16404,42,0
16405,42,0
16406,42,0
16407,42,0
16408,42,0
16409,42,0
16410,42,0
16411,42,0
16412,42,0
16413,42,0
16414,42,0
16415,42,0
16416,42,0
16417,42,0
16418,42,0
16419,42,0
16420,42,0
16421,42,0
16422,42,0
16423,42,0
16424,42,0
16425,42,0
16426,42,0
16427,42,0
16428,42,0
16429,42,0
16430,42,0
16431,42,0
16432,42,0
16433,42,0
16434,42,0
16435,42,0
16436,42,0
16437,42,0
16438,42,0
16439,42,0
16440,42,0
16441,42,0
16442,43,0
16443,43,0
16444,43,0
16445,43,0
16446,43,0
16447,43,0
16448,43,0
16449,43,0
16450,43,0
16451,43,0
16452,43,0
16453,43,0
16454,43,0
16455,43,0
16456,43,0
16457,43,0
16458,43,0
16459,43,0
16460,43,0
16461,43,0
16462,43,0
16463,43,0
16464,43,0
16465,43,0
16466,43,0
16467,44,0
16468,44,0
16469,44,0
16470,43,0
16471,43,0
16472,43,0
16473,43,0
16474,43,0
16475,43,0
16476,43,0
16477,43,0
16478,43,0
16479,43,0
16480,43,0
16481,43,0
16482,43,0
16483,43,0
16484,43,0
16485,43,0
16486,43,0
16487,43,0
16488,43,0
16489,43,0
16490,44,0
16491,44,0
16492,44,0
16493,44,0
16494,44,0
16495,44,0
16496,44,0
16497,44,0
16498,44,0
16499,44,0
16500,44,0
16501,44,0
16502,44,0
16503,43,0
16504,43,0
16505,43,0
16506,43,0
16507,43,0
16508,43,0
16509,43,0
16510,43,0
16511,43,0
16512,43,0
16513,43,0
16514,43,0
16515,43,0
16516,43,0
16517,43,0
16518,43,0
16519,43,0
16520,43,0
16521,42,0
16522,42,0
16523,42,0
16524,42,0
16525,42,0
16526,42,0
16527,42,0
16528,42,0
16529,42,0
16530,42,0
16531,42,0
16532,42,0
16533,42,0
16534,42,0
16535,42,0
16536,42,0
16537,42,0
16538,42,0
16539,42,0
16540,42,0
16541,42,0
16542,42,0
16543,42,0
16544,42,0
16545,42,0
16546,42,0
16547,42,0
16548,42,0
16549,42,0
16550,42,0
16551,42,0
16552,43,0
16553,43,0
16554,42,0
16555,42,0
16556,42,0
16557,42,0
16558,42,0
16559,42,0
16560,42,0
16561,42,0
16562,42,0
16563,42,0
16564,42,0
16565,42,0
16566,42,0
16567,42,0
16568,42,0
16569,42,0
16570,42,0
16571,41,0
16572,41,0
16573,41,0
16574,41,0
16575,41,0
16576,41,0
16577,41,0
16578,41,0
16579,41,0
16580,41,0
16581,41,0
16582,41,0
16583,41,0
16584,41,0
16585,41,0
16586,41,0
16587,41,0
16588,41,0
16589,41,0
16590,41,0
16591,42,0
16592,42,0
16593,42,0
16594,42,0
16595,42,0
16596,42,0
16597,42,0
16598,42,0
16599,42,0
16600,42,0
16601,42,0
16602,42,0
16603,43,0
16604,43,0
16605,43,0
16606,44,0
16607,44,0
16608,44,0
16609,44,0
16610,44,0
16611,44,0
16612,44,0
16613,44,0
16614,44,0
16615,44,0
16616,44,0
16617,44,0
16618,44,0
16619,44,0
16620,44,0
16621,44,0
16622,44,0
16623,44,0
16624,44,0
16625,44,0
16626,44,0
16627,44,0
16628,44,0
16629,44,0
16630,44,0
16631,44,0
16632,44,0
16633,44,0
16634,44,0
16635,44,0
16636,44,0
16637,44,0
16638,44,0
16639,44,0
16640,44,0
16641,44,0
16642,44,0
16643,44,0
16644,44,0
16645,44,0
16646,44,0
16647,44,0
16648,44,0
16649,44,0
16650,44,0
16651,44,0
16652,44,0
16653,44,0
16654,44,0
16655,44,0
16656,44,0
16657,44,0
16658,44,0
16659,44,0
16660,44,0
16661,44,0
16662,44,0
16663,44,0
16664,44,0
16665,44,0
16666,44,0
16667,44,0
16668,44,0
16669,44,0
16670,44,0
16671,44,0
16672,44,0
16673,44,0
16674,44,0
16675,44,0
16676,44,0
16677,44,0
16678,44,0
16679,44,0
16680,44,0
16681,44,0
16682,44,0
16683,44,0
16684,44,0
16685,44,0
16686,44,0
16687,44,0
16688,44,0
16689,44,0
16690,44,0
16691,45,0
16692,45,0
16693,45,0
16694,45,0
16695,45,0
16696,45,0
16697,45,0
16698,45,0
16699,45,0
16700,45,0
16701,45,0
16702,45,0
16703,45,0
16704,45,0
16705,45,0
16706,45,0
16707,45,0
16708,45,0
16709,46,0
16710,46,0
16711,46,0
16712,46,0
16713,46,0
16714,46,0
16715,46,0
16716,46,0
16717,46,0
16718,46,0
16719,46,0
16720,46,0
16721,45,0
16722,45,0
16723,45,0
16724,45,0
16725,45,0
16726,45,0
16727,45,0
16728,45,0
16729,45,0
16730,45,0
16731,45,0
16732,45,0
16733,45,0
16734,45,0
16735,45,0
16736,45,0
16737,45,0
16738,45,0
16739,44,0
16740,44,0
16741,44,0
16742,44,0
16743,44,0
16744,44,0
16745,44,0
16746,44,0
16747,44,0
16748,44,0
16749,44,0
16750,44,0
16751,44,0
16752,44,0
16753,44,0
16754,44,0
16755,44,0
16756,44,0
16757,44,0
16758,44,0
16759,44,0
16760,44,0
16761,44,0
16762,44,0
16763,44,0
16764,44,0
16765,44,0
16766,44,0
16767,44,0
16768,44,0
16769,44,0
16770,44,0
16771,44,0
16772,44,0
16773,44,0
16774,44,0
16775,44,0
16776,44,0
16777,44,0
16778,44,0
16779,44,0
16780,44,0
16781,44,0
16782,44,0
16783,44,0
16784,44,0
16785,44,0
16786,44,0
16787,43,0
16788,43,0
16789,43,0
16790,43,0
16791,43,0
16792,43,0
16793,43,0
16794,43,0
16795,43,0
16796,43,0
16797,43,0
16798,43,0
16799,43,0
16800,43,0
16801,43,0
16802,43,0
16803,43,0
16804,43,0
16805,42,0
16806,42,0
16807,42,0
16808,42,0
16809,42,0
16810,42,0
16811,42,0
16812,42,0
16813,42,0
16814,42,0
16815,42,0
16816,42,0
16817,42,0
16818,42,0
16819,42,0
16820,43,0
16821,43,0
16822,43,0
16823,43,0
16824,43,0
16825,43,0
16826,43,0
16827,43,0
16828,44,0
16829,44,0
16830,44,0
16831,44,0
16832,44,0
16833,44,0
16834,44,0
16835,44,0
16836,44,0
16837,44,0
16838,44,0
16839,43,0
16840,43,0
16841,43,0
16842,43,0
16843,43,0
16844,43,0
16845,43,0
16846,43,0
16847,43,0
16848,43,0
16849,43,0
16850,43,0
16851,43,0
16852,43,0
16853,43,0
16854,43,0
16855,43,0
16856,43,0
16857,43,0
16858,43,0
16859,43,0
16860,44,0
16861,44,0
16862,44,0
16863,44,0
16864,44,0
16865,44,0
16866,44,0
16867,44,0
16868,44,0
16869,44,0
16870,44,0
16871,44,0
16872,43,0
16873,43,0
16874,43,0
16875,43,0
16876,43,0
16877,43,0
16878,43,0
16879,43,0
16880,43,0
16881,43,0
16882,43,0
16883,43,0
16884,43,0
16885,43,0
16886,43,0
16887,43,0
16888,43,0
16889,43,0
16890,43,0
16891,43,0
16892,43,0
16893,43,0
16894,43,0
16895,43,0
16896,43,0
16897,43,0
16898,43,0
16899,43,0
16900,43,0
16901,43,0
16902,43,0
16903,43,0
16904,43,0
16905,43,0
16906,43,0
16907,43,0
16908,43,0
16909,43,0
16910,43,0
16911,43,0
16912,43,0
16913,43,0
16914,43,0
16915,43,0
16916,43,0
16917,43,0
16918,43,0
16919,43,0
16920,43,0
16921,43,0
16922,43,0
16923,43,0
16924,43,0
16925,43,0
16926,43,0
16927,43,0
16928,43,0
16929,43,0
16930,43,0
16931,43,0
16932,43,0
16933,43,0
16934,43,0
16935,43,0
16936,43,0
16937,43,0
16938,42,0
16939,42,0
16940,42,0
16941,42,0
16942,42,0
16943,42,0
16944,42,0
16945,42,0
16946,42,0
16947,42,0
16948,42,0
16949,42,0
16950,42,0
16951,42,0
16952,42,0
16953,42,0
16954,42,0
16955,42,0
16956,42,0
16957,42,0
16958,42,0
16959,42,0
16960,42,0
16961,42,0
16962,42,0
16963,42,0
16964,42,0
16965,42,0
16966,42,0
16967,42,0
16968,42,0
16969,42,0
16970,42,0
16971,42,0
16972,42,0
16973,41,0
16974,41,0
16975,41,0
16976,41,0
16977,41,0
16978,42,0
16979,42,0
16980,42,0
16981,42,0
16982,42,0
16983,42,0
16984,42,0
16985,42,0
16986,42,0
16987,42,0
16988,43,0
16989,43,0
16990,43,0
16991,43,0
16992,43,0
16993,43,0
16994,43,0
16995,43,0
16996,43,0
16997,43,0
16998,43,0
16999,43,0
17000,43,0
17001,43,0
17002,43,0
17003,43,0
17004,43,0
17005,43,0
17006,43,0
17007,43,0
17008,43,0
17009,43,0
17010,43,0
17011,43,0
17012,43,0
17013,43,0
17014,43,0
17015,43,0
17016,43,0
17017,43,0
17018,43,0
17019,43,0
17020,43,0
17021,43,0
17022,43,0
17023,43,0
17024,43,0
17025,43,0
17026,43,0
17027,43,0
17028,43,0
17029,43,0
17030,43,0
17031,43,0
17032,43,0
17033,43,0
17034,43,0
17035,43,0
17036,43,0
17037,43,0
17038,43,0
17039,43,0
17040,43,0
17041,43,0
17042,43,0
17043,43,0
17044,43,0
17045,43,0
17046,43,0
17047,43,0
17048,43,0
17049,43,0
17050,43,0
17051,43,0
17052,43,0
17053,43,0
17054,43,0
17055,43,0
17056,43,0
17057,43,0
17058,43,0
17059,43,0
17060,43,0
17061,43,0
17062,43,0
17063,43,0
17064,43,0
17065,43,0
17066,43,0
17067,43,0
17068,43,0
17069,43,0
17070,43,0
17071,43,0
17072,43,0
17073,43,0
17074,43,0
17075,43,0
17076,43,0
17077,43,0
17078,43,0
17079,43,0
17080,43,0
17081,43,0
17082,43,0
17083,43,0
17084,43,0
17085,43,0
17086,43,0
17087,43,0
17088,43,0
17089,43,0
17090,43,0
17091,43,0
17092,43,0
17093,43,0
17094,43,0
17095,43,0
17096,43,0
17097,43,0
17098,43,0
17099,43,0
17100,43,0
17101,43,0
17102,43,0
17103,43,0
17104,43,0
17105,43,0
17106,43,0
17107,43,0
17108,43,0
17109,44,0
17110,44,0
17111,44,0
17112,44,0
17113,44,0
17114,44,0
17115,44,0
17116,44,0
17117,45,0
17118,45,0
17119,45,0
17120,45,0
17121,45,0
17122,45,0
17123,45,0
17124,45,0
17125,45,0
17126,45,0
17127,45,0
17128,45,0
17129,45,0
17130,45,0
17131,45,0
17132,45,0
17133,45,0
17134,45,0
17135,45,0
17136,45,0
17137,46,0
17138,46,0
17139,46,0
17140,46,0
17141,46,0
17142,46,0
17143,46,0
17144,47,0
17145,47,0
17146,47,0
17147,47,0
17148,47,0
17149,47,0
17150,47,0
17151,47,0
17152,47,0
17153,47,0
17154,47,0
17155,47,0
17156,47,0
17157,47,0
17158,47,0
17159,47,0
17160,47,0
17161,47,0
17162,47,0
17163,47,0
17164,47,0
17165,47,0
17166,47,0
17167,47,0
17168,47,0
17169,47,0
17170,47,0
17171,47,0
17172,47,0
17173,47,0
17174,47,0
17175,47,0
17176,47,0
17177,47,0
17178,47,0
17179,47,0
17180,47,0
17181,47,0
17182,47,0
17183,47,0
17184,47,0
17185,46,0
17186,46,0
17187,46,0
17188,46,0
17189,46,0
17190,46,0
17191,46,0
17192,46,0
17193,46,0
17194,46,0
17195,46,0
17196,46,0
17197,46,0
17198,46,0
17199,46,0
17200,46,0
17201,46,0
17202,46,0
17203,46,0
17204,46,0
17205,46,0
17206,46,0
17207,46,0
17208,46,0
17209,46,0
17210,46,0
17211,46,0
17212,46,0
17213,46,0
17214,46,0
17215,46,0
17216,46,0
17217,46,0
17218,46,0
17219,46,0
17220,46,0
17221,46,0
17222,46,0
17223,46,0
17224,46,0
17225,46,0
17226,46,0
17227,46,0
17228,47,0
17229,47,0
17230,48,0
17231,48,0
17232,48,0
17233,48,0
17234,48,0
17235,48,0
17236,48,0
17237,48,0
17238,48,0
17239,49,0
17240,49,0
17241,49,0
17242,49,0
17243,49,0
17244,49,0
17245,49,0
17246,49,0
17247,49,0
17248,49,0
17249,49,0
17250,49,0
17251,49,0
17252,49,0
17253,49,0
17254,49,0
17255,49,0
17256,49,0
17257,50,1
17258,50,1
17259,50,1
17260,50,1
17261,50,1
17262,50,1
17263,50,1
17264,50,1
17265,50,1
17266,50,1
17267,50,1
17268,50,1
17269,50,1
17270,50,1
17271,50,1
17272,50,1
17273,50,1
17274,50,1
17275,50,1
17276,50,1
17277,50,1
17278,50,1
17279,50,1
17280,50,1
17281,50,1
17282,50,1
17283,50,1
17284,50,1
17285,50,1
17286,50,1
17287,50,1
17288,50,1
17289,50,1
17290,50,1
17291,50,1
17292,50,1
17293,50,1
17294,50,1
17295,50,1
17296,50,1
17297,50,1
17298,50,1
17299,50,1
17300,50,1
17301,50,1
17302,50,1
17303,50,1
17304,50,1
17305,50,1
17306,50,1
17307,50,1
17308,50,1
17309,50,1
17310,50,1
17311,50,1
17312,50,1
17313,50,1
17314,50,1
17315,50,1
17316,50,1
17317,50,1
17318,50,1
17319,50,1
17320,50,1
17321,50,1
17322,50,1
17323,51,1
17324,51,1
17325,51,1
17326,52,1
17327,52,1
17328,52,1
17329,52,1
17330,52,1
17331,52,1
17332,52,1
17333,52,1
17334,52,1
17335,52,1
17336,52,1
17337,52,1
17338,52,1
17339,52,1
17340,51,1
17341,51,1
17342,51,1
17343,51,1
17344,51,1
17345,51,1
17346,51,1
17347,51,1
17348,51,1
17349,51,1
17350,51,1
17351,51,1
17352,51,1
17353,51,1
17354,51,1
17355,51,1
17356,51,1
17357,51,1
17358,51,1
17359,51,1
17360,51,1
17361,51,1
17362,51,1
17363,51,1
17364,51,1
17365,51,1
17366,51,1
17367,52,1
17368,52,1
17369,52,1
17370,52,1
17371,53,1
17372,53,1
17373,53,1
17374,53,1
17375,53,1
17376,53,1
17377,53,1
17378,53,1
17379,53,1
17380,53,1
17381,53,1
17382,53,1
17383,53,1
17384,53,1
17385,53,1
17386,53,1
17387,53,1
17388,53,1
17389,53,1
17390,53,1
17391,53,1
17392,53,1
17393,53,1
17394,53,1
17395,53,1
17396,53,1
17397,53,1
17398,53,1
17399,53,1
17400,53,1
17401,53,1
17402,53,1
17403,53,1
17404,53,1
17405,53,1
17406,53,1
17407,53,1
17408,53,1
17409,53,1
17410,53,1
17411,53,1
17412,53,1
17413,53,1
17414,53,1
17415,53,1
17416,53,1
17417,53,1
17418,53,1
17419,53,1
17420,53,1
17421,53,1
17422,53,1
17423,53,1
17424,53,1
17425,52,0
17426,52,0
17427,52,0
17428,52,0
17429,52,0
17430,52,0
17431,52,0
17432,52,0
17433,52,0
17434,52,0
17435,52,0
17436,52,0
17437,52,0
17438,52,0
17439,52,0
17440,52,0
17441,52,0
17442,52,0
17443,52,0
17444,52,0
17445,52,0
17446,52,0
17447,52,0
17448,52,0
17449,52,0
17450,52,0
17451,52,0
17452,52,0
17453,51,0
17454,51,0
17455,51,0
17456,51,0
17457,51,0
17458,51,0
17459,51,0
17460,51,0
17461,51,0
17462,51,0
17463,51,0
17464,51,0
17465,51,0
17466,51,0
17467,51,0
17468,51,0
17469,51,0
17470,51,0
17471,51,0
17472,51,0
17473,51,0
17474,51,0
17475,51,0
17476,51,0
17477,51,0
17478,51,0
17479,51,0
17480,51,0
17481,51,0
17482,51,0
17483,51,0
17484,51,0
17485,51,0
17486,51,0
17487,51,0
17488,51,0
17489,51,0
17490,51,0
17491,51,0
17492,51,0
17493,50,0
17494,50,0
17495,50,0
17496,50,0
17497,50,0
17498,50,0
17499,50,0
17500,50,0
17501,50,0
17502,50,0
17503,50,0
17504,50,0
17505,50,0
17506,50,0
17507,50,0
17508,50,0
17509,50,0
17510,50,0
17511,50,0
17512,50,0
17513,50,0
17514,50,0
17515,50,0
17516,50,0
17517,50,0
17518,50,0
17519,49,0
17520,49,0
17521,49,0
17522,49,0
17523,49,0
17524,49,0
17525,49,0
17526,49,0
17527,49,0
17528,49,0
17529,49,0
17530,49,0
17531,49,0
17532,49,0
17533,49,0
17534,49,0
17535,49,0
17536,49,0
17537,49,0
17538,49,0
17539,49,0
17540,49,0
17541,49,0
17542,49,0
17543,49,0
17544,49,0
17545,49,0
17546,49,0
17547,49,0
17548,49,0
17549,49,0
17550,49,0
17551,49,0
17552,49,0
17553,49,0
17554,49,0
17555,49,0
17556,49,0
17557,49,0
17558,49,0
17559,49,0
17560,49,0
17561,49,0
17562,49,0
17563,49,0
17564,49,0
17565,49,0
17566,49,0
17567,49,0
17568,49,0
17569,49,0
17570,49,0
17571,49,0
17572,49,0
17573,49,0
17574,49,0
17575,49,0
17576,49,0
17577,49,0
17578,49,0
17579,49,0
17580,49,0
17581,49,0
17582,49,0
17583,49,0
17584,49,0
17585,49,0
17586,49,0
17587,49,0
17588,49,0
17589,49,0
17590,49,0
17591,49,0
17592,49,0
17593,49,0
17594,48,0
17595,48,0
17596,48,0
17597,48,0
17598,48,0
17599,48,0
17600,48,0
17601,48,0
17602,48,0
17603,48,0
17604,48,0
17605,48,0
17606,48,0
17607,48,0
17608,47,0
17609,47,0
17610,47,0
17611,47,0
17612,47,0
17613,47,0
17614,47,0
17615,47,0
17616,47,0
17617,47,0
17618,47,0
17619,47,0
17620,47,0
17621,47,0
17622,47,0
17623,47,0
17624,47,0
17625,47,0
17626,47,0
17627,47,0
17628,47,0
17629,47,0
17630,47,0
17631,47,0
17632,47,0
17633,47,0
17634,47,0
17635,47,0
17636,47,0
17637,47,0
17638,47,0
17639,47,0
17640,47,0
17641,46,0
17642,46,0
17643,46,0
17644,46,0
17645,46,0
17646,46,0
17647,46,0
17648,46,0
17649,46,0
17650,46,0
17651,46,0
17652,46,0
17653,46,0
17654,46,0
17655,46,0
17656,46,0
17657,46,0
17658,47,0
17659,47,0
17660,48,0
17661,48,0
17662,48,0
17663,48,0
17664,48,0
17665,48,0
17666,48,0
17667,48,0
17668,48,0
17669,48,0
17670,48,0
17671,48,0
17672,48,0
17673,48,0
17674,48,0
17675,48,0
17676,48,0
17677,48,0
17678,48,0
17679,48,0
17680,48,0
17681,48,0
17682,48,0
17683,48,0
17684,48,0
17685,48,0
17686,48,0
17687,48,0
17688,48,0
17689,48,0
17690,48,0
17691,48,0
17692,47,0
17693,47,0
17694,47,0
17695,47,0
17696,46,0
17697,46,0
17698,46,0
17699,46,0
17700,46,0
17701,46,0
17702,46,0
17703,46,0
17704,46,0
17705,46,0
17706,46,0
17707,46,0
17708,46,0
17709,46,0
17710,46,0
17711,46,0
17712,46,0
17713,46,0
17714,46,0
17715,46,0
17716,46,0
17717,46,0
17718,46,0
17719,46,0
17720,46,0
17721,46,0
17722,46,0
17723,46,0
17724,46,0
17725,46,0
17726,46,0
17727,46,0
17728,46,0
17729,46,0
17730,46,0
17731,46,0
17732,46,0
17733,46,0
17734,46,0
17735,46,0
17736,46,0
17737,46,0
17738,46,0
17739,46,0
17740,46,0
17741,47,0
17742,46,0
17743,46,0
17744,46,0
17745,46,0
17746,46,0
17747,46,0
17748,46,0
17749,46,0
17750,46,0
17751,46,0
17752,46,0
17753,46,0
17754,46,0
17755,46,0
17756,46,0
17757,46,0
17758,46,0
17759,46,0
17760,46,0
17761,46,0
17762,46,0
17763,46,0
17764,46,0
17765,46,0
17766,46,0
17767,46,0
17768,46,0
17769,46,0
17770,46,0
17771,46,0
17772,46,0
17773,46,0
17774,46,0
17775,46,0
17776,46,0
17777,46,0
17778,46,0
17779,46,0
17780,46,0
17781,46,0
17782,46,0
17783,46,0
17784,46,0
17785,46,0
17786,46,0
17787,46,0
17788,46,0
17789,46,0
17790,46,0
17791,46,0
17792,46,0
17793,46,0
17794,46,0
17795,46,0
17796,46,0
17797,46,0
17798,46,0
17799,46,0
17800,46,0
17801,46,0
17802,46,0
17803,46,0
17804,46,0
17805,46,0
17806,46,0
17807,46,0
17808,46,0
17809,46,0
17810,46,0
17811,46,0
17812,46,0
17813,46,0
17814,46,0
17815,46,0
17816,46,0
17817,46,0
17818,46,0
17819,46,0
17820,46,0
17821,46,0
17822,46,0
17823,46,0
17824,46,0
17825,46,0
17826,46,0
17827,46,0
17828,46,0
17829,46,0
17830,46,0
17831,46,0
17832,46,0
17833,46,0
17834,47,0
17835,47,0
17836,47,0
17837,47,0
17838,47,0
17839,47,0
17840,47,0
17841,47,0
17842,47,0
17843,47,0
17844,47,0
17845,47,0
17846,47,0
17847,47,0
17848,47,0
17849,47,0
17850,47,0
17851,47,0
17852,47,0
17853,47,0
17854,47,0
17855,47,0
17856,47,0
17857,47,0
17858,47,0
17859,47,0
17860,47,0
17861,47,0
17862,47,0
17863,47,0
17864,46,0
17865,46,0
17866,46,0
17867,46,0
17868,46,0
17869,46,0
17870,46,0
17871,46,0
17872,46,0
17873,46,0
17874,46,0
17875,46,0
17876,46,0
17877,46,0
17878,46,0
17879,46,0
17880,46,0
17881,46,0
17882,46,0
17883,46,0
17884,46,0
17885,46,0
17886,46,0
17887,46,0
17888,46,0
17889,46,0
17890,46,0
17891,46,0
17892,46,0
17893,46,0
17894,46,0
17895,46,0
17896,46,0
17897,46,0
17898,46,0
17899,46,0
17900,46,0
17901,46,0
17902,46,0
17903,46,0
17904,46,0
17905,46,0
17906,46,0
17907,46,0
17908,46,0
17909,46,0
17910,45,0
17911,45,0
17912,45,0
17913,45,0
17914,45,0
17915,45,0
17916,45,0
17917,45,0
17918,45,0
17919,45,0
17920,45,0
17921,45,0
17922,45,0
17923,45,0
17924,45,0
17925,45,0
17926,45,0
17927,45,0
17928,45,0
17929,45,0
17930,45,0
17931,45,0
17932,45,0
17933,45,0
17934,45,0
17935,45,0
17936,45,0
17937,45,0
17938,45,0
17939,45,0
17940,45,0
17941,45,0
17942,45,0
17943,44,0
17944,44,0
17945,44,0
17946,44,0
17947,44,0
17948,44,0
17949,44,0
17950,44,0
17951,44,0
17952,44,0
17953,44,0
17954,44,0
17955,44,0
17956,44,0
17957,44,0
17958,44,0
17959,44,0
17960,44,0
17961,44,0
17962,44,0
17963,45,0
17964,45,0
17965,45,0
17966,45,0
17967,45,0
17968,45,0
17969,45,0
17970,45,0
17971,46,1
17972,46,1
17973,46,1
17974,46,1
17975,46,1
17976,46,1
17977,46,1
17978,46,1
17979,46,1
17980,46,1
17981,46,1
17982,46,1
17983,46,1
17984,46,1
17985,46,1
17986,46,1
17987,46,1
17988,46,1
17989,46,1
17990,46,1
17991,46,1
17992,46,1
17993,46,1
17994,46,1
17995,46,1
17996,46,1
17997,46,1
17998,46,1
17999,46,1
18000,46,1
18001,46,1
18002,46,1
18003,46,1
18004,46,1
18005,46,1
18006,46,1
18007,46,1
18008,46,1
18009,46,1
18010,46,1
18011,46,1
18012,46,1
18013,46,1
18014,46,1
18015,46,1
18016,46,1
18017,46,1
18018,46,1
18019,46,1
18020,46,1
18021,46,1
18022,46,1
18023,46,1
18024,46,1
18025,46,1
18026,46,1
18027,46,1
18028,46,1
18029,46,1
18030,47,1
18031,47,1
18032,47,1
18033,47,1
18034,47,1
18035,47,1
18036,47,1
18037,47,1
18038,47,1
18039,47,1
18040,47,1
18041,47,1
18042,47,1
18043,47,1
18044,47,1
18045,46,1
18046,46,1
18047,46,1
18048,46,1
18049,46,1
18050,46,1
18051,46,1
18052,46,1
18053,46,1
18054,46,1
18055,46,1
18056,46,1
18057,46,1
18058,46,1
18059,46,1
18060,46,1
18061,46,1
18062,46,1
18063,46,1
18064,46,1
18065,46,1
18066,46,1
18067,45,1
18068,45,1
18069,45,1
18070,45,1
18071,45,1
18072,45,1
18073,45,1
18074,45,1
18075,45,1
18076,45,1
18077,45,1
18078,45,1
18079,45,1
18080,45,1
18081,45,1
18082,45,1
18083,45,1
18084,45,1
18085,45,1
18086,45,1
18087,45,1
18088,45,1
18089,45,1
18090,45,1
18091,45,1
18092,45,1
18093,45,1
18094,45,1
18095,45,1
18096,45,1
18097,45,1
18098,45,1
18099,45,1
18100,45,1
18101,45,1
18102,45,1
18103,45,1
18104,45,1
18105,45,1
18106,45,1
18107,45,1
18108,45,1
18109,45,1
18110,45,1
18111,44,1
18112,44,1
18113,44,1
18114,44,1
18115,44,1
18116,44,1
18117,44,1
18118,44,1
18119,44,1
18120,44,1
18121,44,1
18122,44,1
18123,44,1
18124,44,1
18125,44,1
18126,44,1
18127,44,1
18128,44,1
18129,44,1
18130,44,1
18131,44,1
18132,44,1
18133,43,1
18134,43,1
18135,43,1
18136,43,1
18137,43,1
18138,43,1
18139,43,1
18140,43,1
18141,43,1
18142,43,1
18143,43,1
18144,43,1
18145,43,1
18146,43,1
18147,43,1
18148,43,1
18149,43,1
18150,43,1
18151,43,1
18152,43,1
18153,43,1
18154,43,1
18155,43,1
18156,43,1
18157,43,1
18158,43,1
18159,43,1
18160,43,1
18161,43,1
18162,43,1
18163,43,1
18164,43,1
18165,43,1
18166,43,1
18167,43,1
18168,43,1
18169,43,1
18170,43,1
18171,43,1
18172,43,1
18173,43,1
18174,43,1
18175,43,1
18176,43,1
18177,42,1
18178,42,1
18179,42,1
18180,42,1
18181,42,1
18182,42,1
18183,42,1
18184,42,1
18185,42,1
18186,42,1
18187,42,1
18188,42,1
18189,42,1
18190,42,1
18191,42,1
18192,43,1
18193,43,1
18194,43,1
18195,43,1
18196,43,1
18197,43,1
18198,43,1
18199,43,1
18200,43,1
18201,43,1
18202,43,1
18203,43,1
18204,43,1
18205,43,1
18206,43,1
18207,43,1
18208,43,1
18209,43,1
18210,43,1
18211,43,1
18212,43,1
18213,43,1
18214,43,1
18215,43,1
18216,43,1
18217,43,1
18218,43,1
18219,44,1
18220,44,1
18221,44,1
18222,44,1
18223,44,1
18224,44,1
18225,44,1
18226,44,1
18227,44,1
18228,44,1
18229,44,1
18230,43,1
18231,43,1
18232,43,1
18233,43,1
18234,43,1
18235,44,1
18236,44,1
18237,44,1
18238,44,1
18239,44,1
18240,44,1
18241,44,1
18242,44,1
18243,44,1
18244,44,1
18245,44,1
18246,44,1
18247,44,1
18248,44,1
18249,44,1
18250,44,1
18251,43,1
18252,43,1
18253,43,1
18254,43,1
18255,43,1
18256,43,1
18257,43,1
18258,43,1
18259,43,1
18260,43,1
18261,43,1
18262,43,1
18263,43,1
18264,43,1
18265,43,1
18266,43,1
18267,43,1
18268,43,1
18269,43,1
18270,43,1
18271,43,1
18272,43,1
18273,43,1
18274,43,1
18275,43,1
18276,43,1
18277,43,1
18278,43,1
18279,43,1
18280,43,1
18281,43,1
18282,43,1
18283,43,1
18284,43,1
18285,43,1
18286,43,1
18287,43,1
18288,43,1
18289,43,1
18290,43,1
18291,43,1
18292,43,1
18293,43,1
18294,43,1
18295,43,1
18296,43,1
18297,43,1
18298,43,1
18299,43,1
18300,43,1
18301,43,1
18302,43,1
18303,43,1
18304,43,1
18305,43,1
18306,43,1
18307,43,1
18308,43,1
18309,43,1
18310,43,1
18311,43,1
18312,43,1
18313,43,1
18314,43,1
18315,43,1
18316,43,1
18317,43,1
18318,43,1
18319,42,1
18320,43,1
18321,43,1
18322,43,1
18323,43,1
18324,43,1
18325,43,1
18326,43,1
18327,43,1
18328,43,1
18329,43,1
18330,43,1
18331,43,1
18332,43,1
18333,43,1
18334,43,1
18335,43,1
18336,43,1
18337,43,1
18338,43,1
18339,43,1
18340,43,1
18341,43,1
18342,44,1
18343,44,1
18344,44,1
18345,44,1
18346,44,1
18347,44,1
18348,44,1
18349,44,1
18350,44,1
18351,44,1
18352,43,1
18353,43,1
18354,43,1
18355,43,1
18356,43,1
18357,43,1
18358,43,1
18359,43,1
18360,43,1
18361,43,1
18362,43,1
18363,43,1
18364,43,1
18365,43,1
18366,43,1
18367,43,1
18368,43,1
18369,43,1
18370,43,1
18371,43,1
18372,43,1
18373,43,1
18374,43,1
18375,43,1
18376,43,1
18377,43,1
18378,43,1
18379,43,1
18380,43,1
18381,43,1
18382,43,1
18383,43,1
18384,43,1
18385,43,1
18386,43,1
18387,43,1
18388,43,1
18389,43,1
18390,43,1
18391,43,1
18392,43,1
18393,43,1
18394,43,1
18395,43,1
18396,43,1
18397,42,1
18398,42,1
18399,42,1
18400,42,1
18401,43,1
18402,43,1
18403,43,1
18404,43,1
18405,43,1
18406,43,1
18407,43,1
18408,43,1
18409,43,1
18410,43,1
18411,43,1
18412,43,1
18413,43,1
18414,43,1
18415,43,1
18416,43,1
18417,43,1
18418,42,1
18419,42,1
18420,42,1
18421,42,1
18422,42,1
18423,42,1
18424,42,1
18425,42,1
18426,42,1
18427,42,1
18428,42,1
18429,42,1
18430,42,1
18431,42,1
18432,42,1
18433,42,1
18434,42,1
18435,42,1
18436,42,1
18437,42,1
18438,42,1
18439,42,1
18440,42,1
18441,42,1
18442,42,1
18443,42,1
18444,42,1
18445,42,1
18446,42,1
18447,42,1
18448,42,1
18449,42,1
18450,42,1
18451,42,1
18452,42,1
18453,42,1
18454,42,1
18455,42,1
18456,42,1
18457,42,1
18458,42,1
18459,42,1
18460,42,1
18461,42,1
18462,43,1
18463,42,1
18464,42,1
18465,42,1
18466,42,1
18467,42,1
18468,42,1
18469,41,0
18470,41,0
18471,41,0
18472,41,0
18473,41,0
18474,41,0
18475,41,0
18476,41,0
18477,41,0
18478,41,0
18479,41,0
18480,41,0
18481,41,0
18482,41,0
18483,41,0
18484,41,0
18485,41,0
18486,40,0
18487,40,0
18488,40,0
18489,40,0
18490,40,0
18491,40,0
18492,41,0
18493,41,0
18494,41,0
18495,41,0
18496,41,0
18497,41,0
18498,41,0
18499,41,0
18500,41,0
18501,41,0
18502,41,0
18503,41,0
18504,41,0
18505,41,0
18506,41,0
18507,41,0
18508,42,0
18509,42,0
18510,42,0
18511,42,0
18512,42,0
18513,42,0
18514,42,0
18515,42,0
18516,42,0
18517,42,0
18518,42,0
18519,42,0
18520,42,0
18521,42,0
18522,42,0
18523,42,0
18524,42,0
18525,42,0
18526,42,0
18527,42,0
18528,42,0
18529,42,0
18530,42,0
18531,42,0
18532,42,0
18533,42,0
18534,42,0
18535,42,0
18536,43,0
18537,43,0
18538,43,0
18539,43,0
18540,43,0
18541,44,0
18542,44,0
18543,44,0
18544,44,0
18545,44,0
18546,44,0
18547,44,0
18548,44,0
18549,44,0
18550,44,0
18551,44,0
18552,44,0
18553,44,0
18554,44,0
18555,44,0
18556,44,0
18557,44,0
18558,44,0
18559,44,0
18560,44,0
18561,44,0
18562,44,0
18563,45,0
18564,45,0
18565,44,0
18566,44,0
18567,44,0
18568,44,0
18569,44,0
18570,44,0
18571,44,0
18572,44,0
18573,44,0
18574,44,0
18575,44,0
18576,44,0
18577,44,0
18578,44,0
18579,44,0
18580,44,0
18581,44,0
18582,44,0
18583,44,0
18584,44,0
18585,43,0
18586,43,0
18587,43,0
18588,43,0
18589,43,0
18590,43,0
18591,43,0
18592,43,0
18593,43,0
18594,43,0
18595,43,0
18596,43,0
18597,43,0
18598,43,0
18599,43,0
18600,43,0
18601,43,0
18602,43,0
18603,43,0
18604,43,0
18605,43,0
18606,43,0
18607,43,0
18608,43,0
18609,43,0
18610,43,0
18611,43,0
18612,43,0
18613,43,0
18614,43,0
18615,43,0
18616,43,0
18617,43,0
18618,43,0
18619,43,0
18620,43,0
18621,43,0
18622,43,0
18623,44,0
18624,44,0
18625,44,0
18626,44,0
18627,44,0
18628,44,0
18629,44,0
18630,44,0
18631,44,0
18632,44,0
18633,44,0
18634,44,0
18635,44,0
18636,44,0
18637,44,0
18638,44,0
18639,44,0
18640,44,0
18641,44,0
18642,44,0
18643,44,0
18644,44,0
18645,44,0
18646,44,0
18647,44,0
18648,44,0
18649,44,0
18650,44,0
18651,44,0
18652,44,0
18653,44,0
18654,44,0
18655,44,0
18656,44,0
18657,44,0
18658,44,0
18659,44,0
18660,44,0
18661,44,0
18662,44,0
18663,44,0
18664,44,0
18665,44,0
18666,44,0
18667,43,0
18668,43,0
18669,43,0
18670,43,0
18671,43,0
18672,43,0
18673,43,0
18674,43,0
18675,43,0
18676,43,0
18677,43,0
18678,43,0
18679,43,0
18680,44,0
18681,44,0
18682,44,0
18683,44,0
18684,44,0
18685,44,0
18686,44,0
18687,45,0
18688,45,0
18689,45,0
18690,45,0
18691,45,0
18692,45,0
18693,45,0
18694,45,0
18695,45,0
18696,45,0
18697,45,0
18698,45,0
18699,45,0
18700,45,0
18701,45,0
18702,45,0
18703,45,0
18704,45,0
18705,45,0
18706,45,0
18707,45,0
18708,44,0
18709,44,0
18710,44,0
18711,44,0
18712,44,0
18713,44,0
18714,44,0
18715,44,0
18716,44,0
18717,44,0
18718,44,0
18719,44,0
18720,44,0
18721,44,0
18722,44,0
18723,44,0
18724,44,0
18725,45,0
18726,45,0
18727,45,0
18728,45,0
18729,45,0
18730,45,0
18731,45,0
18732,45,0
18733,45,0
18734,46,0
18735,46,0
18736,46,0
18737,46,0
18738,46,0
18739,46,0
18740,46,0
18741,46,0
18742,46,0
18743,46,0
18744,46,0
18745,46,0
18746,46,0
18747,47,0
18748,47,0
18749,47,0
18750,47,0
18751,47,0
18752,47,0
18753,47,0
18754,47,0
18755,47,0
18756,47,0
18757,47,0
18758,47,0
18759,47,0
18760,47,0
18761,47,0
18762,48,0
18763,48,0
18764,48,0
18765,48,0
18766,48,0
18767,48,0
18768,48,0
18769,48,0
18770,48,0
18771,48,0
18772,48,0
18773,48,0
18774,48,0
18775,48,0
18776,48,0
18777,48,0
18778,48,0
18779,48,0
18780,48,0
18781,48,0
18782,48,0
18783,48,0
18784,48,0
18785,48,0
18786,48,0
18787,48,0
18788,48,0
18789,48,0
18790,48,0
18791,48,0
18792,48,0
18793,48,0
18794,48,0
18795,48,0
18796,48,0
18797,49,0
18798,49,0
18799,49,0
18800,49,0
18801,49,0
18802,49,0
18803,49,0
18804,49,0
18805,49,0
18806,49,0
18807,49,0
18808,49,0
18809,49,0
18810,49,0
18811,49,0
18812,49,0
18813,49,0
18814,49,0
18815,49,0
18816,49,0
18817,49,0
18818,49,0
18819,49,0
18820,49,0
18821,49,0
18822,49,0
18823,49,0
18824,49,0
18825,49,0
18826,49,0
18827,49,0
18828,49,0
18829,49,0
18830,49,0
18831,49,0
18832,50,0
18833,50,0
18834,50,0
18835,50,0
18836,50,0
18837,50,0
18838,50,0
18839,50,0
18840,50,0
18841,50,0
18842,50,0
18843,50,0
18844,50,0
18845,50,0
18846,50,0
18847,50,0
18848,50,0
18849,50,0
18850,50,0
18851,50,0
18852,50,0
18853,50,0
18854,50,0
18855,50,0
18856,50,0
18857,50,0
18858,50,0
18859,50,0
18860,50,0
18861,50,0
18862,50,0
18863,50,0
18864,50,0
18865,50,0
18866,50,0
18867,50,0
18868,50,0
18869,50,0
18870,50,0
18871,50,0
18872,50,0
18873,50,0
18874,50,0
18875,50,0
18876,50,0
18877,50,0
18878,50,0
18879,50,0
18880,50,0
18881,50,0
18882,50,0
18883,50,0
18884,50,0
18885,50,0
18886,50,0
18887,50,0
18888,50,0
18889,50,0
18890,50,0
18891,50,0
18892,50,0
18893,50,0
18894,50,0
18895,50,0
18896,50,0
18897,50,0
18898,50,0
18899,50,0
18900,50,0
18901,50,0
18902,50,0
18903,50,0
18904,50,0
18905,50,0
18906,50,0
18907,50,0
18908,50,0
18909,50,0
18910,49,0
18911,49,0
18912,49,0
18913,49,0
18914,49,0
18915,49,0
18916,49,0
18917,49,0
18918,49,0
18919,49,0
18920,49,0
18921,49,0
18922,49,0
18923,49,0
18924,49,0
18925,49,0
18926,49,0
18927,49,0
18928,50,0
18929,50,0
18930,50,0
18931,50,0
18932,50,0
18933,50,0
18934,50,0
18935,50,0
18936,50,0
18937,50,0
18938,50,0
18939,50,0
18940,50,0
18941,50,0
18942,50,0
18943,49,0
18944,49,0
18945,49,0
18946,49,0
18947,49,0
18948,49,0
18949,49,0
18950,49,0
18951,49,0
18952,48,0
18953,48,0
18954,48,0
18955,48,0
18956,48,0
18957,48,0
18958,48,0
18959,48,0
18960,48,0
18961,48,0
18962,48,0
18963,48,0
18964,48,0
18965,48,0
18966,48,0
18967,48,0
18968,48,0
18969,48,0
18970,48,0
18971,48,0
18972,48,0
18973,48,0
18974,48,0
18975,48,0
18976,48,0
18977,48,0
18978,48,0
18979,48,0
18980,48,0
18981,48,0
18982,48,0
18983,48,0
18984,48,0
18985,49,0
18986,49,0
18987,49,0
18988,49,0
18989,49,0
18990,49,0
18991,49,0
18992,49,0
18993,49,0
18994,49,0
18995,49,0
18996,49,0
18997,49,0
18998,49,0
18999,49,0
19000,49,0
19001,49,0
19002,49,0
19003,49,0
19004,49,0
19005,49,0
19006,50,0
19007,50,0
19008,50,0
19009,50,0
19010,50,0
19011,50,0
19012,50,0
19013,50,0
19014,50,0
19015,50,0
19016,50,0
19017,50,0
19018,50,0
19019,50,0
19020,50,0
19021,50,0
19022,50,0
19023,50,0
19024,50,0
19025,50,0
19026,50,0
19027,50,0
19028,50,0
19029,50,0
19030,50,0
19031,50,0
19032,51,0
19033,51,0
19034,51,0
19035,51,0
19036,51,0
19037,51,0
19038,51,0
19039,51,0
19040,51,0
19041,51,0
19042,51,0
19043,51,0
19044,51,0
19045,51,0
19046,51,0
19047,51,0
19048,51,0
19049,51,0
19050,51,0
19051,51,0
19052,51,0
19053,51,0
19054,52,0
19055,52,0
19056,52,0
19057,52,0
19058,52,0
19059,52,0
19060,52,0
19061,52,0
19062,53,0
19063,53,0
19064,53,0
19065,53,0
19066,53,0
19067,53,0
19068,53,0
19069,53,0
19070,53,0
19071,53,0
19072,53,0
19073,53,0
19074,53,0
19075,53,0
19076,53,0
19077,53,0
19078,53,0
19079,53,0
19080,53,0
19081,53,0
19082,53,0
19083,53,0
19084,52,0
19085,52,0
19086,52,0
19087,52,0
19088,52,0
19089,52,0
19090,52,0
19091,52,0
19092,52,0
19093,52,0
19094,52,0
19095,52,0
19096,52,0
19097,52,0
19098,52,0
19099,52,0
19100,52,0
19101,52,0
19102,52,0
19103,52,0
19104,52,0
19105,52,0
19106,52,0
19107,52,0
19108,52,0
19109,52,0
19110,51,0
19111,51,0
19112,51,0
19113,51,0
19114,51,0
19115,51,0
19116,51,0
19117,50,0
19118,50,0
19119,50,0
19120,50,0
19121,50,0
19122,50,0
19123,50,0
19124,50,0
19125,50,0
19126,50,0
19127,50,0
19128,50,0
19129,50,0
19130,50,0
19131,50,0
19132,50,0
19133,50,0
19134,50,0
19135,50,0
19136,50,0
19137,50,0
19138,50,0
19139,50,0
19140,50,0
19141,50,0
19142,50,0
19143,50,0
19144,51,0
19145,51,0
19146,51,0
19147,51,0
19148,51,0
19149,51,0
19150,51,0
19151,51,0
19152,51,0
19153,51,0
19154,51,0
19155,51,0
19156,51,0
19157,51,0
19158,51,0
19159,51,0
19160,51,0
19161,51,0
19162,51,0
19163,51,0
19164,51,0
19165,51,0
19166,51,0
19167,51,0
19168,51,0
19169,51,0
19170,51,0
19171,51,0
19172,51,0
19173,51,0
19174,51,0
19175,51,0
19176,51,0
19177,51,0
19178,51,0
19179,51,0
19180,51,0
19181,51,0
19182,51,0
19183,50,0
19184,50,0
19185,50,0
19186,50,0
19187,50,0
19188,50,0
19189,50,0
19190,50,0
19191,50,0
19192,50,0
19193,50,0
19194,50,0
19195,50,0
19196,50,0
19197,50,0
19198,51,1
19199,51,1
19200,51,1
19201,51,1
19202,51,1
19203,51,1
19204,51,1
19205,51,1
19206,51,1
19207,51,1
19208,51,1
19209,51,1
19210,51,1
19211,51,1
19212,51,1
19213,51,1
19214,51,1
19215,51,1
19216,51,1
19217,51,1
19218,51,1
19219,51,1
19220,51,1
19221,51,1
19222,51,1
19223,51,1
19224,51,1
19225,51,1
19226,51,1
19227,51,1
19228,51,1
19229,51,1
19230,51,1
19231,51,1
19232,50,1
19233,50,1
19234,50,1
19235,50,1
19236,50,1
19237,50,1
19238,50,1
19239,50,1
19240,50,1
19241,50,1
19242,50,1
19243,50,1
19244,50,1
19245,50,1
19246,50,1
19247,50,1
19248,50,1
19249,50,1
19250,49,0
19251,49,0
19252,49,0
19253,49,0
19254,49,0
19255,49,0
19256,49,0
19257,49,0
19258,49,0
19259,49,0
19260,49,0
19261,49,0
19262,49,0
19263,49,0
19264,49,0
19265,49,0
19266,49,0
19267,49,0
19268,49,0
19269,49,0
19270,49,0
19271,50,0
19272,50,0
19273,50,0
19274,50,0
19275,50,0
19276,50,0
19277,50,0
19278,50,0
19279,50,0
19280,50,0
19281,50,0
19282,50,0
19283,50,0
19284,50,0
19285,50,0
19286,50,0
19287,50,0
19288,50,0
19289,50,0
19290,50,0
19291,50,0
19292,50,0
19293,50,0
19294,50,0
19295,50,0
19296,50,0
19297,50,0
19298,49,0
19299,49,0
19300,49,0
19301,49,0
19302,49,0
19303,49,0
19304,49,0
19305,49,0
19306,49,0
19307,49,0
19308,49,0
19309,50,0
19310,50,0
19311,50,0
19312,50,0
19313,50,0
19314,50,0
19315,50,0
19316,50,0
19317,50,0
19318,50,0
19319,50,0
19320,50,0
19321,50,0
19322,50,0
19323,50,0
19324,50,0
19325,50,0
19326,50,0
19327,50,0
19328,50,0
19329,50,0
19330,50,0
19331,50,0
19332,50,0
19333,50,0
19334,50,0
19335,50,0
19336,50,0
19337,50,0
19338,50,0
19339,50,0
19340,51,0
19341,51,0
19342,51,0
19343,51,0
19344,51,0
19345,51,0
19346,51,0
19347,51,0
19348,51,0
19349,51,0
19350,51,0
19351,51,0
19352,51,0
19353,51,0
19354,51,0
19355,51,0
19356,51,0
19357,51,0
19358,51,0
19359,51,0
19360,51,0
19361,51,0
19362,51,0
19363,51,0
19364,51,0
19365,51,0
19366,50,0
19367,50,0
19368,50,0
19369,50,0
19370,50,0
19371,50,0
19372,50,0
19373,50,0
19374,50,0
19375,50,0
19376,50,0
19377,50,0
19378,51,0
19379,51,0
19380,51,0
19381,51,0
19382,51,0
19383,51,0
19384,51,0
19385,51,0
19386,51,0
19387,51,0
19388,51,0
19389,51,0
19390,51,0
19391,51,0
19392,51,0
19393,51,0
19394,51,0
19395,51,0
19396,51,0
19397,51,0
19398,51,0
19399,51,0
19400,51,0
19401,51,0
19402,51,0
19403,51,0
19404,51,0
19405,51,0
19406,51,0
19407,51,0
19408,51,0
19409,51,0
19410,51,0
19411,51,0
19412,51,0
19413,51,0
19414,50,0
19415,50,0
19416,50,0
19417,49,0
19418,49,0
19419,49,0
19420,49,0
19421,49,0
19422,49,0
19423,49,0
19424,49,0
19425,49,0
19426,49,0
19427,49,0
19428,49,0
19429,49,0
19430,49,0
19431,49,0
19432,48,0
19433,48,0
19434,48,0
19435,48,0
19436,48,0
19437,48,0
19438,48,0
19439,48,0
19440,48,0
19441,48,0
19442,48,0
19443,48,0
19444,48,0
19445,48,0
19446,48,0
19447,48,0
19448,48,0
19449,48,0
19450,48,0
19451,48,0
19452,48,0
19453,48,0
19454,48,0
19455,48,0
19456,48,0
19457,48,0
19458,48,0
19459,48,0
19460,48,0
19461,48,0
19462,48,0
19463,48,0
19464,48,0
19465,48,0
19466,48,0
19467,48,0
19468,48,0
19469,48,0
19470,48,0
19471,48,0
19472,48,0
19473,48,0
19474,48,0
19475,48,0
19476,48,0
19477,48,0
19478,48,0
19479,48,0
19480,47,0
19481,47,0
19482,47,0
19483,48,0
19484,48,0
19485,48,0
19486,48,0
19487,48,0
19488,48,0
19489,48,0
19490,48,0
19491,48,0
19492,48,0
19493,48,0
19494,48,0
19495,48,0
19496,48,0
19497,48,0
19498,48,0
19499,48,0
19500,48,0
19501,48,0
19502,48,0
19503,48,0
19504,48,0
19505,48,0
19506,48,0
19507,48,0
19508,48,0
19509,48,0
19510,48,0
19511,48,0
19512,48,0
19513,48,0
19514,48,0
19515,48,0
19516,48,0
19517,48,0
19518,49,0
19519,49,0
19520,49,0
19521,49,0
19522,49,0
19523,49,0
19524,49,0
19525,49,0
19526,49,0
19527,49,0
19528,49,0
19529,49,0
19530,49,0
19531,49,0
19532,49,0
19533,49,0
19534,49,0
19535,49,0
19536,49,0
19537,49,0
19538,49,0
19539,49,0
19540,49,0
19541,49,0
19542,49,0
19543,49,0
19544,49,0
19545,49,0
19546,48,0
19547,48,0
19548,48,0
19549,48,0
19550,48,0
19551,48,0
19552,48,0
19553,48,0
19554,48,0
19555,48,0
19556,48,0
19557,48,0
19558,48,0
19559,48,0
19560,48,0
19561,48,0
19562,48,0
19563,48,0
19564,48,0
19565,48,0
19566,48,0
19567,48,0
19568,48,0
19569,48,0
19570,48,0
19571,48,0
19572,48,0
19573,48,0
19574,48,0
19575,48,0
19576,48,0
19577,48,0
19578,48,0
19579,48,0
19580,48,0
19581,48,0
19582,48,0
19583,48,0
19584,48,0
19585,48,0
19586,48,0
19587,48,0
19588,48,0
19589,48,0
19590,48,0
19591,48,0
19592,48,0
19593,48,0
19594,48,0
19595,48,0
19596,48,0
19597,48,0
19598,48,0
19599,48,0
19600,47,0
19601,47,0
19602,47,0
19603,47,0
19604,47,0
19605,47,0
19606,47,0
19607,47,0
19608,47,0
19609,47,0
19610,48,0
19611,48,0
19612,48,0
19613,48,0
19614,48,0
19615,48,0
19616,48,0
19617,48,0
19618,48,0
19619,48,0
19620,48,0
19621,48,0
19622,48,0
19623,48,0
19624,48,0
19625,48,0
19626,48,0
19627,48,0
19628,48,0
19629,48,0
19630,48,0
19631,48,0
19632,48,0
19633,48,0
19634,48,0
19635,48,0
19636,48,0
19637,48,0
19638,48,0
19639,48,0
19640,48,0
19641,48,0
19642,48,0
19643,48,0
19644,48,0
19645,48,0
19646,48,0
19647,48,0
19648,48,0
19649,48,0
19650,48,0
19651,48,0
19652,48,0
19653,48,0
19654,48,0
19655,48,0
19656,48,0
19657,48,0
19658,48,0
19659,48,0
19660,48,0
19661,48,0
19662,48,0
19663,48,0
19664,48,0
19665,48,0
19666,48,0
19667,48,0
19668,48,0
19669,47,0
19670,47,0
19671,47,0
19672,47,0
19673,47,0
19674,47,0
19675,47,0
19676,47,0
19677,47,0
19678,47,0
19679,48,0
19680,48,0
19681,48,0
19682,48,0
19683,48,0
19684,48,0
19685,48,0
19686,48,0
19687,48,0
19688,48,0
19689,48,0
19690,48,0
19691,48,0
19692,48,0
19693,48,0
19694,48,0
19695,48,0
19696,48,0
19697,48,0
19698,48,0
19699,48,0
19700,48,0
19701,48,0
19702,48,0
19703,48,0
19704,48,0
19705,48,0
19706,48,0
19707,48,0
19708,48,0
19709,48,0
19710,48,0
19711,47,0
19712,47,0
19713,47,0
19714,47,0
19715,47,0
19716,47,0
19717,47,0
19718,47,0
19719,47,0
19720,46,0
19721,46,0
19722,46,0
19723,46,0
19724,46,0
19725,46,0
19726,46,0
19727,46,0
19728,46,0
19729,46,0
19730,46,0
19731,46,0
19732,46,0
19733,46,0
19734,46,0
19735,46,0
19736,46,0
19737,46,0
19738,46,0
19739,47,0
19740,47,0
19741,47,0
19742,47,0
19743,47,0
19744,47,0
19745,47,0
19746,47,0
19747,47,0
19748,47,0
19749,47,0
19750,47,0
19751,47,0
19752,47,0
19753,47,0
19754,47,0
19755,47,0
19756,47,0
19757,47,0
19758,47,0
19759,47,0
19760,47,0
19761,47,0
19762,47,0
19763,47,0
19764,47,0
19765,47,0
19766,47,0
19767,47,0
19768,47,0
19769,47,0
19770,47,0
19771,47,0
19772,47,0
19773,47,0
19774,47,0
19775,47,0
19776,47,0
19777,46,0
19778,46,0
19779,46,0
19780,46,0
19781,46,0
19782,46,0
19783,46,0
19784,46,0
19785,46,0
19786,46,0
19787,46,0
19788,46,0
19789,46,0
19790,46,0
19791,46,0
19792,46,0
19793,46,0
19794,46,0
19795,46,0
19796,46,0
19797,46,0
19798,46,0
19799,46,0
19800,46,0
19801,46,0
19802,46,0
19803,46,0
19804,46,0
19805,46,0
19806,46,0
19807,46,0
19808,46,0
19809,46,0
19810,46,0
19811,46,0
19812,46,0
19813,46,0
19814,46,0
19815,46,0
19816,46,0
19817,46,0
19818,46,0
19819,45,0
19820,45,0
19821,45,0
19822,45,0
19823,45,0
19824,45,0
19825,45,0
19826,45,0
19827,45,0
19828,45,0
19829,45,0
19830,45,0
19831,45,0
19832,45,0
19833,45,0
19834,45,0
19835,45,0
19836,45,0
19837,45,0
19838,45,0
19839,45,0
19840,45,0
19841,45,0
19842,45,0
19843,45,0
19844,45,0
19845,45,0
19846,45,0
19847,45,0
19848,45,0
19849,45,0
19850,45,0
19851,45,0
19852,45,0
19853,45,0
19854,45,0
19855,45,0
19856,45,0
19857,45,0
19858,45,0
19859,45,0
19860,45,0
19861,45,0
19862,45,0
19863,45,0
19864,45,0
19865,45,0
19866,45,0
19867,45,0
19868,45,0
19869,45,0
19870,45,0
19871,45,0
19872,45,0
19873,45,0
19874,45,0
19875,45,0
19876,44,0
19877,44,0
19878,44,0
19879,44,0
19880,44,0
19881,44,0
19882,44,0
19883,44,0
19884,44,0
19885,44,0
19886,44,0
19887,44,0
19888,44,0
19889,44,0
19890,44,0
19891,44,0
19892,44,0
19893,44,0
19894,44,0
19895,44,0
19896,44,0
19897,44,0
19898,44,0
19899,44,0
19900,44,0
19901,44,0
19902,44,0
19903,45,0
19904,45,0
19905,45,0
19906,45,0
19907,45,0
19908,45,0
19909,45,0
19910,45,0
19911,45,0
19912,45,0
19913,45,0
19914,45,0
19915,45,0
19916,45,0
19917,45,0
19918,45,0
19919,45,0
19920,45,0
19921,45,0
19922,45,0
19923,45,0
19924,45,0
19925,45,0
19926,45,0
19927,45,0
19928,45,0
19929,45,0
19930,45,0
19931,45,0
19932,45,0
19933,45,0
19934,45,0
19935,45,0
19936,45,0
19937,45,0
19938,45,0
19939,45,0
19940,45,0
19941,45,0
19942,45,0
19943,45,0
19944,45,0
19945,45,0
19946,45,0
19947,45,0
19948,45,0
19949,45,0
19950,45,0
19951,45,0
19952,45,0
19953,45,0
19954,45,0
19955,45,0
19956,45,0
19957,46,0
19958,46,0
19959,46,0
19960,46,0
19961,46,0
19962,46,0
19963,45,0
19964,45,0
19965,45,0
19966,45,0
19967,45,0
19968,45,0
19969,45,0
19970,45,0
19971,45,0
19972,45,0
19973,45,0
19974,45,0
19975,45,0
19976,45,0
19977,45,0
19978,45,0
19979,45,0
19980,45,0
19981,45,0
19982,45,0
19983,45,0
19984,45,0
19985,45,0
19986,45,0
19987,45,0
19988,45,0
19989,45,0
19990,45,0
19991,45,0
19992,45,0
19993,45,0
19994,45,0
19995,45,0
19996,45,0
19997,45,0
19998,45,0
19999,45,0
