remainingTime,dirtLevel,badDirtLevel
0,0,0
1,0,0
2,0,0
3,0,0
4,0,0
5,0,0
6,0,0
7,0,0
8,0,0
9,0,0
10,0,0
11,0,0
12,0,0
13,0,0
14,0,0
15,0,0
16,0,0
17,0,0
18,1,0
19,1,0
20,1,0
21,1,0
22,1,0
23,1,0
24,1,0
25,1,0
26,1,0
27,1,0
28,1,0
29,1,0
30,1,0
31,1,0
32,1,0
33,1,0
34,1,0
35,1,0
36,1,0
37,1,0
38,1,0
39,1,0
40,1,0
41,1,0
42,1,0
43,1,0
44,1,0
45,1,0
46,1,0
47,1,0
48,1,0
49,1,0
50,1,0
51,1,0
52,1,0
53,1,0
54,1,0
55,1,0
56,1,0
57,1,0
58,1,0
59,1,0
60,1,0
61,1,0
62,1,0
63,1,0
64,1,0
65,1,0
66,1,0
67,1,0
68,1,0
69,1,0
70,1,0
71,1,0
72,1,0
73,1,0
74,1,0
75,1,0
76,1,0
77,1,0
78,1,0
79,1,0
80,1,0
81,1,0
82,1,0
83,1,0
84,1,0
85,1,0
86,1,0
87,1,0
88,1,0
89,1,0
90,1,0
91,1,0
92,1,0
93,1,0
94,1,0
95,1,0
96,1,0
97,1,0
98,1,0
99,1,0
100,1,0
101,1,0
102,1,0
103,1,0
104,1,0
105,1,0
106,1,0
107,1,0
108,1,0
109,1,0
110,1,0
111,1,0
112,1,0
113,1,0
114,1,0
115,1,0
116,1,0
117,1,0
118,1,0
119,1,0
120,1,0
121,1,0
122,1,0
123,1,0
124,1,0
125,1,0
126,1,0
127,1,0
128,1,0
129,1,0
130,1,0
131,1,0
132,1,0
133,1,0
134,1,0
135,1,0
136,1,0
137,1,0
138,1,0
139,1,0
140,1,0
141,1,0
142,1,0
143,1,0
144,1,0
145,2,0
146,2,0
147,2,0
148,2,0
149,2,0
150,2,0
151,2,0
152,2,0
153,2,0
154,2,0
155,2,0
156,2,0
157,2,0
158,2,0
159,2,0
160,2,0
161,2,0
162,2,0
163,2,0
164,2,0
165,2,0
166,2,0
167,2,0
168,2,0
169,2,0
170,2,0
171,2,0
172,2,0
173,3,0
174,3,0
175,3,0
176,3,0
177,3,0
178,3,0
179,3,0
180,3,0
181,3,0
182,3,0
183,3,0
184,3,0
185,3,0
186,3,0
187,3,0
188,3,0
189,3,0
190,3,0
191,3,0
192,3,0
193,3,0
194,3,0
195,3,0
196,3,0
197,3,0
198,3,0
199,3,0
200,3,0
201,3,0
202,3,0
203,3,0
204,3,0
205,3,0
206,3,0
207,3,0
208,3,0
209,3,0
210,3,0
211,3,0
212,3,0
213,3,0
214,3,0
215,3,0
216,3,0
217,3,0
218,3,0
219,3,0
220,3,0
221,3,0
222,3,0
223,3,0
224,3,0
225,3,0
226,3,0
227,3,0
228,3,0
229,3,0
230,3,0
231,3,0
232,3,0
233,3,0
234,3,0
235,3,0
236,3,0
237,3,0
238,3,0
239,3,0
240,3,0
241,3,0
242,3,0
243,3,0
244,3,0
245,3,0
246,3,0
247,3,0
248,3,0
249,3,0
250,3,0
251,3,0
252,3,0
253,3,0
254,3,0
255,3,0
256,3,0
257,3,0
258,3,0
259,3,0
260,3,0
261,3,0
262,3,0
263,3,0
264,3,0
265,3,0
266,3,0
267,3,0
268,3,0
269,3,0
270,3,0
271,3,0
272,3,0
273,3,0
274,3,0
275,3,0
276,3,0
277,3,0
278,3,0
279,3,0
280,3,0
281,3,0
282,3,0
283,3,0
284,3,0
285,3,0
286,3,0
287,3,0
288,3,0
289,3,0
290,3,0
291,3,0
292,3,0
293,3,0
294,3,0
295,3,0
296,3,0
297,3,0
298,3,0
299,3,0
300,3,0
301,3,0
302,3,0
303,3,0
304,3,0
305,3,0
306,3,0
307,3,0
308,3,0
309,3,0
310,3,0
311,3,0
312,3,0
313,3,0
314,3,0
315,3,0
316,3,0
317,3,0
318,4,0
319,4,0
320,4,0
321,4,0
322,4,0
323,4,0
324,4,0
325,4,0
326,4,0
327,4,0
328,4,0
329,4,0
330,4,0
331,4,0
332,4,0
333,4,0
334,4,0
335,4,0
336,4,0
337,4,0
338,4,0
339,4,0
340,4,0
341,4,0
342,4,0
343,4,0
344,3,0
345,3,0
346,3,0
347,3,0
348,3,0
349,3,0
350,3,0
351,3,0
352,3,0
353,3,0
354,3,0
355,3,0
356,4,0
357,4,0
358,4,0
359,4,0
360,4,0
361,4,0
362,4,0
363,4,0
364,4,0
365,4,0
366,4,0
367,4,0
368,4,0
369,4,0
370,4,0
371,4,0
372,4,0
373,4,0
374,4,0
375,4,0
376,4,0
377,4,0
378,4,0
379,4,0
380,4,0
381,4,0
382,4,0
383,4,0
384,4,0
385,4,0
386,4,0
387,4,0
388,4,0
389,4,0
390,4,0
391,4,0
392,4,0
393,4,0
394,4,0
395,4,0
396,4,0
397,4,0
398,4,0
399,4,0
400,4,0
401,4,0
402,4,0
403,4,0
404,4,0
405,4,0
406,4,0
407,4,0
408,4,0
409,4,0
410,4,0
411,4,0
412,4,0
413,4,0
414,4,0
415,4,0
416,4,0
417,4,0
418,4,0
419,4,0
420,4,0
421,4,0
422,4,0
423,4,0
424,4,0
425,4,0
426,4,0
427,4,0
428,4,0
429,4,0
430,4,0
431,4,0
432,4,0
433,4,0
434,4,0
435,4,0
436,4,0
437,4,0
438,4,0
439,4,0
440,4,0
441,4,0
442,4,0
443,4,0
444,4,0
445,4,0
446,4,0
447,4,0
448,4,0
449,4,0
450,4,0
451,4,0
452,4,0
453,4,0
454,4,0
455,4,0
456,4,0
457,4,0
458,4,0
459,4,0
460,4,0
461,4,0
462,4,0
463,4,0
464,4,0
465,4,0
466,4,0
467,4,0
468,4,0
469,4,0
470,4,0
471,4,0
472,4,0
473,4,0
474,4,0
475,4,0
476,4,0
477,4,0
478,4,0
479,4,0
480,4,0
481,4,0
482,4,0
483,4,0
484,4,0
485,4,0
486,4,0
487,4,0
488,4,0
489,4,0
490,4,0
491,4,0
492,4,0
493,4,0
494,4,0
495,4,0
496,4,0
497,4,0
498,4,0
499,4,0
500,4,0
501,4,0
502,4,0
503,4,0
504,4,0
505,4,0
506,4,0
507,4,0
508,4,0
509,4,0
510,4,0
511,4,0
512,4,0
513,4,0
514,4,0
515,4,0
516,4,0
517,4,0
518,4,0
519,4,0
520,4,0
521,4,0
522,4,0
523,4,0
524,4,0
525,4,0
526,4,0
527,4,0
528,5,0
529,5,0
530,5,0
531,5,0
532,5,0
533,5,0
534,5,0
535,5,0
536,5,0
537,5,0
538,5,0
539,5,0
540,5,0
541,5,0
542,5,0
543,5,0
544,5,0
545,5,0
546,5,0
547,5,0
548,5,0
549,5,0
550,5,0
551,5,0
552,5,0
553,5,0
554,5,0
555,5,0
556,5,0
557,5,0
558,5,0
559,5,0
560,5,0
561,5,0
562,5,0
563,5,0
564,5,0
565,5,0
566,5,0
567,5,0
568,5,0
569,5,0
570,5,0
571,5,0
572,5,0
573,5,0
574,5,0
575,5,0
576,5,0
577,5,0
578,5,0
579,5,0
580,5,0
581,5,0
582,5,0
583,5,0
584,5,0
585,5,0
586,5,0
587,5,0
588,5,0
589,5,0
590,5,0
591,5,0
592,5,0
593,5,0
594,5,0
595,5,0
596,5,0
597,5,0
598,5,0
599,5,0
600,5,0
601,5,0
602,5,0
603,5,0
604,5,0
605,5,0
606,5,0
607,5,0
608,5,0
609,5,0
610,5,0
611,5,0
612,5,0
613,5,0
614,5,0
615,5,0
616,5,0
617,5,0
618,5,0
619,5,0
620,5,0
621,5,0
622,5,0
623,5,0
624,5,0
625,5,0
626,5,0
627,5,0
628,5,0
629,5,0
630,5,0
631,5,0
632,5,0
633,5,0
634,5,0
635,5,0
636,5,0
637,6,0
638,6,0
639,6,0
640,6,0
641,6,0
642,6,0
643,6,0
644,6,0
645,6,0
646,6,0
647,6,0
648,6,0
649,6,0
650,6,0
651,6,0
652,6,0
653,6,0
654,6,0
655,6,0
656,6,0
657,6,0
658,6,0
659,6,0
660,6,0
661,6,0
662,6,0
663,6,0
664,6,0
665,7,0
666,7,0
667,7,0
668,8,0
669,8,0
670,8,0
671,8,0
672,8,0
673,8,0
674,8,0
675,8,0
676,8,0
677,8,0
678,8,0
679,8,0
680,8,0
681,8,0
682,8,0
683,8,0
684,8,0
685,8,0
686,8,0
687,8,0
688,8,0
689,8,0
690,8,0
691,8,0
692,8,0
693,8,0
694,8,0
695,8,0
696,8,0
697,8,0
698,8,0
699,8,0
700,8,0
701,8,0
702,8,0
703,8,0
704,8,0
705,8,0
706,8,0
707,8,0
708,8,0
709,8,0
710,8,0
711,8,0
712,8,0
713,8,0
714,8,0
715,8,0
716,8,0
717,8,0
718,8,0
719,8,0
720,8,0
721,8,0
722,8,0
723,8,0
724,8,0
725,8,0
726,8,0
727,8,0
728,8,0
729,8,0
730,8,0
731,8,0
732,8,0
733,8,0
734,8,0
735,8,0
736,8,0
737,8,0
738,9,0
739,9,0
740,9,0
741,9,0
742,9,0
743,9,0
744,9,0
745,9,0
746,9,0
747,9,0
748,9,0
749,9,0
750,9,0
751,9,0
752,9,0
753,9,0
754,9,0
755,9,0
756,9,0
757,9,0
758,9,0
759,9,0
760,9,0
761,9,0
762,9,0
763,9,0
764,9,0
765,9,0
766,9,0
767,9,0
768,9,0
769,9,0
770,9,0
771,9,0
772,9,0
773,9,0
774,9,0
775,9,0
776,9,0
777,9,0
778,9,0
779,9,0
780,9,0
781,9,0
782,9,0
783,9,0
784,9,0
785,9,0
786,9,0
787,9,0
788,9,0
789,9,0
790,9,0
791,9,0
792,9,0
793,9,0
794,9,0
795,9,0
796,9,0
797,9,0
798,9,0
799,9,0
800,9,0
801,9,0
802,9,0
803,9,0
804,9,0
805,9,0
806,9,0
807,9,0
808,9,0
809,9,0
810,9,0
811,9,0
812,9,0
813,9,0
814,9,0
815,9,0
816,9,0
817,9,0
818,9,0
819,9,0
820,9,0
821,9,0
822,9,0
823,9,0
824,9,0
825,9,0
826,9,0
827,9,0
828,9,0
829,9,0
830,9,0
831,9,0
832,9,0
833,9,0
834,9,0
835,9,0
836,9,0
837,9,0
838,9,0
839,9,0
840,9,0
841,9,0
842,9,0
843,9,0
844,9,0
845,9,0
846,9,0
847,9,0
848,9,0
849,9,0
850,9,0
851,9,0
852,9,0
853,9,0
854,9,0
855,9,0
856,9,0
857,9,0
858,9,0
859,9,0
860,9,0
861,9,0
862,9,0
863,9,0
864,9,0
865,9,0
866,9,0
867,9,0
868,9,0
869,9,0
870,9,0
871,9,0
872,9,0
873,9,0
874,9,0
875,9,0
876,9,0
877,9,0
878,9,0
879,9,0
880,9,0
881,9,0
882,9,0
883,9,0
884,9,0
885,9,0
886,9,0
887,9,0
888,9,0
889,9,0
890,9,0
891,9,0
892,9,0
893,9,0
894,9,0
895,9,0
896,9,0
897,9,0
898,9,0
899,9,0
900,9,0
901,9,0
902,9,0
903,9,0
904,9,0
905,9,0
906,9,0
907,9,0
908,9,0
909,9,0
910,9,0
911,9,0
912,9,0
913,9,0
914,9,0
915,9,0
916,9,0
917,9,0
918,9,0
919,9,0
920,9,0
921,9,0
922,9,0
923,9,0
924,9,0
925,9,0
926,9,0
927,9,0
928,9,0
929,9,0
930,9,0
931,9,0
932,9,0
933,9,0
934,9,0
935,9,0
936,9,0
937,9,0
938,9,0
939,9,0
940,9,0
941,9,0
942,9,0
943,9,0
944,9,0
945,9,0
946,9,0
947,9,0
948,9,0
949,9,0
950,9,0
951,9,0
952,9,0
953,9,0
954,9,0
955,9,0
956,9,0
957,9,0
958,9,0
959,9,0
960,9,0
961,9,0
962,9,0
963,9,0
964,9,0
965,9,0
966,9,0
967,9,0
968,9,0
969,9,0
970,9,0
971,9,0
972,9,0
973,9,0
974,9,0
975,9,0
976,9,0
977,9,0
978,9,0
979,9,0
980,9,0
981,9,0
982,9,0
983,9,0
984,9,0
985,9,0
986,9,0
987,9,0
988,9,0
989,9,0
990,9,0
991,9,0
992,9,0
993,9,0
994,10,0
995,10,0
996,10,0
997,10,0
998,10,0
999,10,0
1000,10,0
1001,10,0
1002,10,0
1003,10,0
1004,10,0
1005,10,0
1006,10,0
1007,10,0
1008,10,0
1009,10,0
1010,10,0
1011,10,0
1012,10,0
1013,10,0
1014,11,0
1015,11,0
1016,11,0
1017,11,0
1018,11,0
1019,11,0
1020,11,0
1021,11,0
1022,11,0
1023,11,0
1024,11,0
1025,11,0
1026,11,0
1027,11,0
1028,11,0
1029,11,0
1030,11,0
1031,11,0
1032,11,0
1033,11,0
1034,11,0
1035,12,0
1036,12,0
1037,12,0
1038,12,0
1039,12,0
1040,12,0
1041,12,0
1042,12,0
1043,12,0
1044,12,0
1045,12,0
1046,12,0
1047,12,0
1048,12,0
1049,12,0
1050,12,0
1051,12,0
1052,12,0
1053,12,0
1054,12,0
1055,12,0
1056,12,0
1057,12,0
1058,12,0
1059,12,0
1060,12,0
1061,12,0
1062,12,0
1063,12,0
1064,12,0
1065,12,0
1066,12,0
1067,12,0
1068,12,0
1069,12,0
1070,12,0
1071,12,0
1072,12,0
1073,12,0
1074,12,0
1075,13,0
1076,13,0
1077,13,0
1078,13,0
1079,13,0
1080,13,0
1081,13,0
1082,13,0
1083,13,0
1084,13,0
1085,13,0
1086,13,0
1087,13,0
1088,13,0
1089,13,0
1090,13,0
1091,13,0
1092,13,0
1093,13,0
1094,13,0
1095,13,0
1096,13,0
1097,13,0
1098,13,0
1099,13,0
1100,13,0
1101,13,0
1102,13,0
1103,13,0
1104,13,0
1105,13,0
1106,13,0
1107,13,0
1108,13,0
1109,13,0
1110,13,0
1111,13,0
1112,13,0
1113,13,0
1114,13,0
1115,13,0
1116,13,0
1117,13,0
1118,13,0
1119,13,0
1120,13,0
1121,13,0
1122,13,0
1123,14,0
1124,14,0
1125,14,0
1126,14,0
1127,14,0
1128,14,0
1129,14,0
1130,14,0
1131,14,0
1132,14,0
1133,14,0
1134,14,0
1135,13,0
1136,13,0
1137,13,0
1138,13,0
1139,13,0
1140,13,0
1141,13,0
1142,13,0
1143,13,0
1144,13,0
1145,13,0
1146,13,0
1147,13,0
1148,13,0
1149,13,0
1150,13,0
1151,13,0
1152,13,0
1153,13,0
1154,13,0
1155,13,0
1156,13,0
1157,13,0
1158,13,0
1159,13,0
1160,13,0
1161,13,0
1162,13,0
1163,13,0
1164,13,0
1165,13,0
1166,13,0
1167,13,0
1168,14,0
1169,14,0
1170,14,0
1171,14,0
1172,14,0
1173,14,0
1174,14,0
1175,14,0
1176,14,0
1177,14,0
1178,14,0
1179,14,0
1180,14,0
1181,14,0
1182,14,0
1183,14,0
1184,14,0
1185,14,0
1186,14,0
1187,14,0
1188,14,0
1189,14,0
1190,14,0
1191,14,0
1192,14,0
1193,14,0
1194,14,0
1195,14,0
1196,14,0
1197,14,0
1198,14,0
1199,14,0
1200,14,0
1201,14,0
1202,14,0
1203,14,0
1204,14,0
1205,14,0
1206,14,0
1207,14,0
1208,14,0
1209,14,0
1210,14,0
1211,14,0
1212,15,0
1213,15,0
1214,15,0
1215,15,0
1216,15,0
1217,15,0
1218,15,0
1219,15,0
1220,15,0
1221,15,0
1222,15,0
1223,15,0
1224,15,0
1225,15,0
1226,15,0
1227,15,0
1228,15,0
1229,15,0
1230,15,0
1231,15,0
1232,15,0
1233,15,0
1234,15,0
1235,15,0
1236,15,0
1237,15,0
1238,15,0
1239,15,0
1240,15,0
1241,15,0
1242,15,0
1243,15,0
1244,15,0
1245,15,0
1246,15,0
1247,15,0
1248,15,0
1249,15,0
1250,15,0
1251,15,0
1252,15,0
1253,15,0
1254,15,0
1255,15,0
1256,15,0
1257,15,0
1258,15,0
1259,15,0
1260,15,0
1261,15,0
1262,15,0
1263,15,0
1264,15,0
1265,15,0
1266,15,0
1267,15,0
1268,15,0
1269,15,0
1270,16,0
1271,16,0
1272,16,0
1273,16,0
1274,16,0
1275,16,0
1276,16,0
1277,16,0
1278,16,0
1279,16,0
1280,16,0
1281,16,0
1282,16,0
1283,16,0
1284,16,0
1285,16,0
1286,16,0
1287,16,0
1288,16,0
1289,16,0
1290,16,0
1291,16,0
1292,16,0
1293,16,0
1294,16,0
1295,16,0
1296,16,0
1297,16,0
1298,16,0
1299,16,0
1300,16,0
1301,16,0
1302,16,0
1303,16,0
1304,16,0
1305,16,0
1306,16,0
1307,16,0
1308,16,0
1309,17,0
1310,17,0
1311,17,0
1312,17,0
1313,17,0
1314,17,0
1315,17,0
1316,18,0
1317,18,0
1318,18,0
1319,18,0
1320,18,0
1321,18,0
1322,18,0
1323,18,0
1324,18,0
1325,18,0
1326,18,0
1327,18,0
1328,18,0
1329,18,0
1330,18,0
1331,18,0
1332,18,0
1333,19,0
1334,19,0
1335,19,0
1336,19,0
1337,19,0
1338,19,0
1339,19,0
1340,19,0
1341,19,0
1342,19,0
1343,19,0
1344,19,0
1345,19,0
1346,19,0
1347,19,0
1348,19,0
1349,19,0
1350,19,0
1351,19,0
1352,19,0
1353,18,0
1354,18,0
1355,18,0
1356,18,0
1357,18,0
1358,18,0
1359,18,0
1360,18,0
1361,18,0
1362,18,0
1363,18,0
1364,18,0
1365,18,0
1366,18,0
1367,18,0
1368,18,0
1369,18,0
1370,18,0
1371,18,0
1372,18,0
1373,18,0
1374,18,0
1375,18,0
1376,18,0
1377,18,0
1378,18,0
1379,18,0
1380,18,0
1381,18,0
1382,18,0
1383,19,0
1384,19,0
1385,19,0
1386,19,0
1387,19,0
1388,19,0
1389,19,0
1390,19,0
1391,19,0
1392,19,0
1393,19,0
1394,19,0
1395,19,0
1396,19,0
1397,19,0
1398,19,0
1399,19,0
1400,19,0
1401,19,0
1402,19,0
1403,18,0
1404,18,0
1405,18,0
1406,18,0
1407,18,0
1408,18,0
1409,18,0
1410,18,0
1411,18,0
1412,18,0
1413,18,0
1414,18,0
1415,18,0
1416,18,0
1417,18,0
1418,18,0
1419,18,0
1420,19,0
1421,19,0
1422,19,0
1423,19,0
1424,19,0
1425,19,0
1426,19,0
1427,19,0
1428,19,0
1429,19,0
1430,19,0
1431,19,0
1432,19,0
1433,19,0
1434,19,0
1435,19,0
1436,19,0
1437,19,0
1438,19,0
1439,19,0
1440,19,0
1441,19,0
1442,19,0
1443,19,0
1444,19,0
1445,19,0
1446,19,0
1447,19,0
1448,19,0
1449,19,0
1450,19,0
1451,19,0
1452,19,0
1453,19,0
1454,19,0
1455,19,0
1456,19,0
1457,19,0
1458,19,0
1459,19,0
1460,19,0
1461,19,0
1462,19,0
1463,19,0
1464,19,0
1465,19,0
1466,19,0
1467,19,0
1468,19,0
1469,19,0
1470,19,0
1471,19,0
1472,19,0
1473,19,0
1474,19,0
1475,19,0
1476,19,0
1477,19,0
1478,19,0
1479,19,0
1480,19,0
1481,19,0
1482,19,0
1483,19,0
1484,19,0
1485,19,0
1486,19,0
1487,19,0
1488,19,0
1489,19,0
1490,19,0
1491,19,0
1492,19,0
1493,19,0
1494,19,0
1495,19,0
1496,19,0
1497,19,0
1498,19,0
1499,19,0
1500,19,0
1501,19,0
1502,19,0
1503,19,0
1504,19,0
1505,19,0
1506,19,0
1507,19,0
1508,19,0
1509,19,0
1510,19,0
1511,19,0
1512,19,0
1513,19,0
1514,20,0
1515,20,0
1516,20,0
1517,20,0
1518,20,0
1519,20,0
1520,20,0
1521,20,0
1522,20,0
1523,20,0
1524,20,0
1525,20,0
1526,20,0
1527,20,0
1528,20,0
1529,20,0
1530,20,0
1531,20,0
1532,20,0
1533,20,0
1534,20,0
1535,20,0
1536,20,0
1537,20,0
1538,20,0
1539,20,0
1540,20,0
1541,20,0
1542,20,0
1543,20,0
1544,20,0
1545,20,0
1546,20,0
1547,20,0
1548,20,0
1549,20,0
1550,20,0
1551,20,0
1552,20,0
1553,20,0
1554,20,0
1555,21,0
1556,21,0
1557,21,0
1558,21,0
1559,21,0
1560,21,0
1561,21,0
1562,21,0
1563,21,0
1564,21,0
1565,21,0
1566,21,0
1567,21,0
1568,21,0
1569,21,0
1570,21,0
1571,21,0
1572,21,0
1573,21,0
1574,21,0
1575,21,0
1576,21,0
1577,21,0
1578,21,0
1579,21,0
1580,21,0
1581,21,0
1582,21,0
1583,21,0
1584,21,0
1585,21,0
1586,21,0
1587,21,0
1588,21,0
1589,21,0
1590,21,0
1591,21,0
1592,21,0
1593,21,0
1594,21,0
1595,22,0
1596,22,0
1597,22,0
1598,22,0
1599,22,0
1600,22,0
1601,22,0
1602,22,0
1603,22,0
1604,22,0
1605,22,0
1606,22,0
1607,22,0
1608,22,0
1609,22,0
1610,22,0
1611,22,0
1612,22,0
1613,22,0
1614,22,0
1615,22,0
1616,22,0
1617,22,0
1618,22,0
1619,22,0
1620,22,0
1621,22,0
1622,22,0
1623,22,0
1624,22,0
1625,22,0
1626,22,0
1627,22,0
1628,22,0
1629,22,0
1630,22,0
1631,22,0
1632,22,0
1633,22,0
1634,22,0
1635,22,0
1636,22,0
1637,22,0
1638,22,0
1639,22,0
1640,22,0
1641,22,0
1642,22,0
1643,22,0
1644,22,0
1645,22,0
1646,22,0
1647,22,0
1648,22,0
1649,22,0
1650,22,0
1651,22,0
1652,22,0
1653,22,0
1654,22,0
1655,22,0
1656,22,0
1657,22,0
1658,22,0
1659,22,0
1660,22,0
1661,22,0
1662,22,0
1663,22,0
1664,22,0
1665,22,0
1666,22,0
1667,22,0
1668,22,0
1669,22,0
1670,22,0
1671,22,0
1672,22,0
1673,22,0
1674,22,0
1675,22,0
1676,22,0
1677,22,0
1678,22,0
1679,22,0
1680,22,0
1681,22,0
1682,22,0
1683,22,0
1684,22,0
1685,22,0
1686,22,0
1687,22,0
1688,22,0
1689,22,0
1690,22,0
1691,22,0
1692,22,0
1693,22,0
1694,22,0
1695,22,0
1696,22,0
1697,22,0
1698,22,0
1699,22,0
1700,22,0
1701,22,0
1702,22,0
1703,22,0
1704,22,0
1705,22,0
1706,22,0
1707,22,0
1708,22,0
1709,22,0
1710,22,0
1711,22,0
1712,22,0
1713,22,0
1714,22,0
1715,22,0
1716,22,0
1717,22,0
1718,22,0
1719,22,0
1720,22,0
1721,22,0
1722,22,0
1723,22,0
1724,22,0
1725,22,0
1726,22,0
1727,22,0
1728,22,0
1729,22,0
1730,22,0
1731,22,0
1732,22,0
1733,23,0
1734,23,0
1735,23,0
1736,23,0
1737,22,0
1738,22,0
1739,22,0
1740,22,0
1741,22,0
1742,22,0
1743,22,0
1744,22,0
1745,22,0
1746,22,0
1747,22,0
1748,22,0
1749,22,0
1750,22,0
1751,22,0
1752,22,0
1753,22,0
1754,22,0
1755,22,0
1756,22,0
1757,22,0
1758,22,0
1759,22,0
1760,22,0
1761,22,0
1762,22,0
1763,22,0
1764,22,0
1765,22,0
1766,22,0
1767,22,0
1768,22,0
1769,22,0
1770,22,0
1771,22,0
1772,22,0
1773,22,0
1774,22,0
1775,22,0
1776,22,0
1777,22,0
1778,22,0
1779,22,0
1780,22,0
1781,22,0
1782,22,0
1783,22,0
1784,22,0
1785,22,0
1786,22,0
1787,22,0
1788,22,0
1789,22,0
1790,22,0
1791,22,0
1792,22,0
1793,22,0
1794,22,0
1795,22,0
1796,22,0
1797,22,0
1798,22,0
1799,22,0
1800,22,0
1801,22,0
1802,22,0
1803,22,0
1804,22,0
1805,22,0
1806,22,0
1807,22,0
1808,22,0
1809,22,0
1810,22,0
1811,22,0
1812,22,0
1813,22,0
1814,22,0
1815,22,0
1816,22,0
1817,22,0
1818,22,0
1819,22,0
1820,22,0
1821,22,0
1822,22,0
1823,22,0
1824,22,0
1825,22,0
1826,22,0
1827,22,0
1828,22,0
1829,22,0
1830,22,0
1831,22,0
1832,22,0
1833,22,0
1834,22,0
1835,22,0
1836,22,0
1837,22,0
1838,22,0
1839,22,0
1840,22,0
1841,22,0
1842,22,0
1843,22,0
1844,22,0
1845,22,0
1846,22,0
1847,22,0
1848,22,0
1849,22,0
1850,22,0
1851,22,0
1852,22,0
1853,22,0
1854,22,0
1855,22,0
1856,22,0
1857,22,0
1858,22,0
1859,22,0
1860,22,0
1861,22,0
1862,22,0
1863,22,0
1864,22,0
1865,22,0
1866,22,0
1867,22,0
1868,22,0
1869,22,0
1870,22,0
1871,22,0
1872,22,0
1873,22,0
1874,22,0
1875,23,0
1876,23,0
1877,23,0
1878,23,0
1879,23,0
1880,23,0
1881,23,0
1882,24,0
1883,24,0
1884,24,0
1885,24,0
1886,24,0
1887,24,0
1888,24,0
1889,24,0
1890,24,0
1891,24,0
1892,24,0
1893,25,0
1894,25,0
1895,25,0
1896,25,0
1897,25,0
1898,25,0
1899,25,0
1900,25,0
1901,25,0
1902,25,0
1903,25,0
1904,25,0
1905,25,0
1906,25,0
1907,25,0
1908,25,0
1909,25,0
1910,25,0
1911,25,0
1912,25,0
1913,25,0
1914,25,0
1915,25,0
1916,25,0
1917,25,0
1918,25,0
1919,25,0
1920,25,0
1921,25,0
1922,25,0
1923,25,0
1924,25,0
1925,25,0
1926,25,0
1927,25,0
1928,25,0
1929,25,0
1930,25,0
1931,25,0
1932,25,0
1933,25,0
1934,25,0
1935,25,0
1936,25,0
1937,25,0
1938,25,0
1939,25,0
1940,25,0
1941,25,0
1942,25,0
1943,25,0
1944,25,0
1945,25,0
1946,25,0
1947,25,0
1948,25,0
1949,25,0
1950,25,0
1951,25,0
1952,25,0
1953,25,0
1954,25,0
1955,25,0
1956,25,0
1957,25,0
1958,25,0
1959,25,0
1960,25,0
1961,25,0
1962,25,0
1963,25,0
1964,25,0
1965,25,0
1966,25,0
1967,25,0
1968,25,0
1969,25,0
1970,25,0
1971,25,0
1972,25,0
1973,25,0
1974,25,0
1975,25,0
1976,25,0
1977,25,0
1978,25,0
1979,25,0
1980,25,0
1981,25,0
1982,25,0
1983,25,0
1984,25,0
1985,25,0
1986,25,0
1987,25,0
1988,25,0
1989,25,0
1990,25,0
1991,25,0
1992,25,0
1993,25,0
1994,25,0
1995,25,0
1996,25,0
1997,25,0
1998,25,0
1999,25,0
2000,25,0
2001,25,0
2002,25,0
2003,25,0
2004,25,0
2005,25,0
2006,25,0
2007,25,0
2008,25,0
2009,25,0
2010,25,0
2011,25,0
2012,25,0
2013,25,0
2014,25,0
2015,25,0
2016,25,0
2017,25,0
2018,25,0
2019,25,0
2020,25,0
2021,25,0
2022,25,0
2023,25,0
2024,25,0
2025,25,0
2026,25,0
2027,25,0
2028,25,0
2029,25,0
2030,25,0
2031,25,0
2032,25,0
2033,25,0
2034,25,0
2035,25,0
2036,25,0
2037,25,0
2038,25,0
2039,25,0
2040,25,0
2041,25,0
2042,25,0
2043,25,0
2044,25,0
2045,25,0
2046,25,0
2047,25,0
2048,25,0
2049,25,0
2050,25,0
2051,25,0
2052,25,0
2053,25,0
2054,25,0
2055,25,0
2056,25,0
2057,25,0
2058,25,0
2059,25,0
2060,25,0
2061,25,0
2062,25,0
2063,25,0
2064,25,0
2065,25,0
2066,25,0
2067,25,0
2068,25,0
2069,25,0
2070,25,0
2071,25,0
2072,25,0
2073,25,0
2074,25,0
2075,25,0
2076,25,0
2077,25,0
2078,25,0
2079,25,0
2080,25,0
2081,25,0
2082,25,0
2083,25,0
2084,25,0
2085,25,0
2086,25,0
2087,25,0
2088,25,0
2089,25,0
2090,25,0
2091,26,0
2092,26,0
2093,26,0
2094,26,0
2095,26,0
2096,26,0
2097,26,0
2098,26,0
2099,26,0
2100,26,0
2101,26,0
2102,26,0
2103,26,0
2104,26,0
2105,26,0
2106,26,0
2107,26,0
2108,26,0
2109,26,0
2110,26,0
2111,26,0
2112,26,0
2113,26,0
2114,26,0
2115,26,0
2116,26,0
2117,26,0
2118,26,0
2119,26,0
2120,26,0
2121,26,0
2122,26,0
2123,26,0
2124,26,0
2125,26,0
2126,26,0
2127,26,0
2128,26,0
2129,26,0
2130,26,0
2131,26,0
2132,26,0
2133,26,0
2134,26,0
2135,26,0
2136,26,0
2137,26,0
2138,26,0
2139,26,0
2140,26,0
2141,26,0
2142,26,0
2143,26,0
2144,26,0
2145,26,0
2146,26,0
2147,26,0
2148,26,0
2149,26,0
2150,26,0
2151,26,0
2152,26,0
2153,26,0
2154,26,0
2155,26,0
2156,26,0
2157,26,0
2158,26,0
2159,26,0
2160,26,0
2161,26,0
2162,26,0
2163,26,0
2164,26,0
2165,26,0
2166,26,0
2167,26,0
2168,26,0
2169,26,0
2170,27,0
2171,27,0
2172,27,0
2173,27,0
2174,27,0
2175,27,0
2176,27,0
2177,27,0
2178,27,0
2179,27,0
2180,27,0
2181,27,0
2182,27,0
2183,27,0
2184,27,0
2185,27,0
2186,27,0
2187,27,0
2188,27,0
2189,27,0
2190,27,0
2191,27,0
2192,27,0
2193,27,0
2194,27,0
2195,27,0
2196,27,0
2197,27,0
2198,27,0
2199,27,0
2200,27,0
2201,27,0
2202,27,0
2203,27,0
2204,27,0
2205,27,0
2206,27,0
2207,27,0
2208,27,0
2209,27,0
2210,27,0
2211,27,0
2212,27,0
2213,27,0
2214,26,0
2215,26,0
2216,26,0
2217,26,0
2218,26,0
2219,26,0
2220,26,0
2221,26,0
2222,26,0
2223,26,0
2224,26,0
2225,26,0
2226,26,0
2227,26,0
2228,26,0
2229,27,0
2230,27,0
2231,28,0
2232,28,0
2233,28,0
2234,28,0
2235,28,0
2236,28,0
2237,28,0
2238,28,0
2239,28,0
2240,28,0
2241,28,0
2242,28,0
2243,28,0
2244,28,0
2245,28,0
2246,28,0
2247,28,0
2248,28,0
2249,28,0
2250,28,0
2251,28,0
2252,28,0
2253,28,0
2254,28,0
2255,28,0
2256,28,0
2257,28,0
2258,28,0
2259,28,0
2260,28,0
2261,28,0
2262,28,0
2263,28,0
2264,28,0
2265,28,0
2266,28,0
2267,28,0
2268,28,0
2269,28,0
2270,28,0
2271,28,0
2272,28,0
2273,28,0
2274,28,0
2275,28,0
2276,28,0
2277,28,0
2278,28,0
2279,28,0
2280,28,0
2281,28,0
2282,28,0
2283,28,0
2284,28,0
2285,28,0
2286,28,0
2287,28,0
2288,28,0
2289,28,0
2290,28,0
2291,28,0
2292,28,0
2293,28,0
2294,28,0
2295,28,0
2296,28,0
2297,28,0
2298,28,0
2299,28,0
2300,28,0
2301,28,0
2302,28,0
2303,28,0
2304,28,0
2305,28,0
2306,28,0
2307,28,0
2308,28,0
2309,28,0
2310,29,0
2311,29,0
2312,29,0
2313,29,0
2314,29,0
2315,29,0
2316,29,0
2317,29,0
2318,29,0
2319,29,0
2320,29,0
2321,29,0
2322,29,0
2323,29,0
2324,29,0
2325,29,0
2326,29,0
2327,29,0
2328,29,0
2329,29,0
2330,29,0
2331,29,0
2332,29,0
2333,29,0
2334,29,0
2335,29,0
2336,29,0
2337,29,0
2338,29,0
2339,29,0
2340,29,0
2341,29,0
2342,29,0
2343,29,0
2344,29,0
2345,29,0
2346,29,0
2347,29,0
2348,29,0
2349,29,0
2350,29,0
2351,29,0
2352,29,0
2353,29,0
2354,29,0
2355,29,0
2356,29,0
2357,29,0
2358,29,0
2359,29,0
2360,29,0
2361,29,0
2362,28,0
2363,28,0
2364,28,0
2365,28,0
2366,28,0
2367,28,0
2368,28,0
2369,28,0
2370,28,0
2371,28,0
2372,28,0
2373,28,0
2374,28,0
2375,28,0
2376,28,0
2377,28,0
2378,28,0
2379,28,0
2380,28,0
2381,28,0
2382,28,0
2383,28,0
2384,28,0
2385,28,0
2386,28,0
2387,28,0
2388,28,0
2389,28,0
2390,28,0
2391,28,0
2392,28,0
2393,28,0
2394,28,0
2395,28,0
2396,28,0
2397,28,0
2398,28,0
2399,28,0
2400,28,0
2401,28,0
2402,28,0
2403,28,0
2404,28,0
2405,29,0
2406,29,0
2407,29,0
2408,29,0
2409,29,0
2410,29,0
2411,29,0
2412,29,0
2413,29,0
2414,29,0
2415,29,0
2416,29,0
2417,29,0
2418,29,0
2419,29,0
2420,29,0
2421,29,0
2422,29,0
2423,29,0
2424,29,0
2425,29,0
2426,29,0
2427,29,0
2428,29,0
2429,29,0
2430,29,0
2431,29,0
2432,29,0
2433,29,0
2434,29,0
2435,29,0
2436,29,0
2437,29,0
2438,29,0
2439,29,0
2440,29,0
2441,29,0
2442,29,0
2443,29,0
2444,29,0
2445,29,0
2446,29,0
2447,29,0
2448,29,0
2449,29,0
2450,29,0
2451,29,0
2452,29,0
2453,29,0
2454,29,0
2455,29,0
2456,29,0
2457,29,0
2458,29,0
2459,29,0
2460,29,0
2461,29,0
2462,29,0
2463,29,0
2464,29,0
2465,29,0
2466,29,0
2467,29,0
2468,29,0
2469,30,0
2470,30,0
2471,30,0
2472,30,0
2473,30,0
2474,29,0
2475,29,0
2476,29,0
2477,29,0
2478,29,0
2479,30,0
2480,30,0
2481,30,0
2482,30,0
2483,30,0
2484,30,0
2485,30,0
2486,30,0
2487,30,0
2488,30,0
2489,30,0
2490,30,0
2491,30,0
2492,30,0
2493,30,0
2494,30,0
2495,30,0
2496,30,0
2497,30,0
2498,30,0
2499,30,0
2500,30,0
2501,30,0
2502,30,0
2503,30,0
2504,30,0
2505,30,0
2506,30,0
2507,30,0
2508,30,0
2509,30,0
2510,30,0
2511,30,0
2512,30,0
2513,30,0
2514,30,0
2515,30,0
2516,30,0
2517,30,0
2518,30,0
2519,30,0
2520,31,0
2521,31,0
2522,31,0
2523,31,0
2524,31,0
2525,32,0
2526,32,0
2527,32,0
2528,32,0
2529,32,0
2530,32,0
2531,32,0
2532,32,0
2533,32,0
2534,32,0
2535,32,0
2536,32,0
2537,32,0
2538,32,0
2539,32,0
2540,32,0
2541,32,0
2542,32,0
2543,32,0
2544,33,0
2545,33,0
2546,33,0
2547,33,0
2548,33,0
2549,33,0
2550,33,0
2551,33,0
2552,33,0
2553,33,0
2554,33,0
2555,33,0
2556,33,0
2557,33,0
2558,33,0
2559,33,0
2560,33,0
2561,33,0
2562,33,0
2563,33,0
2564,33,0
2565,33,0
2566,34,0
2567,35,0
2568,35,0
2569,35,0
2570,35,0
2571,35,0
2572,35,0
2573,35,0
2574,35,0
2575,35,0
2576,35,0
2577,35,0
2578,35,0
2579,35,0
2580,35,0
2581,35,0
2582,35,0
2583,35,0
2584,35,0
2585,35,0
2586,35,0
2587,35,0
2588,35,0
2589,35,0
2590,35,0
2591,35,0
2592,35,0
2593,35,0
2594,35,0
2595,35,0
2596,35,0
2597,35,0
2598,35,0
2599,35,0
2600,35,0
2601,35,0
2602,35,0
2603,35,0
2604,35,0
2605,35,0
2606,35,0
2607,35,0
2608,35,0
2609,35,0
2610,35,0
2611,35,0
2612,35,0
2613,35,0
2614,35,0
2615,35,0
2616,35,0
2617,35,0
2618,35,0
2619,35,0
2620,35,0
2621,35,0
2622,35,0
2623,35,0
2624,35,0
2625,35,0
2626,35,0
2627,35,0
2628,35,0
2629,35,0
2630,35,0
2631,35,0
2632,35,0
2633,35,0
2634,36,0
2635,36,0
2636,36,0
2637,36,0
2638,36,0
2639,36,0
2640,36,0
2641,36,0
2642,36,0
2643,36,0
2644,36,0
2645,36,0
2646,36,0
2647,36,0
2648,36,0
2649,36,0
2650,36,0
2651,36,0
2652,36,0
2653,36,0
2654,36,0
2655,36,0
2656,36,0
2657,36,0
2658,36,0
2659,36,0
2660,36,0
2661,36,0
2662,36,0
2663,35,0
2664,35,0
2665,35,0
2666,35,0
2667,35,0
2668,35,0
2669,35,0
2670,35,0
2671,35,0
2672,35,0
2673,35,0
2674,35,0
2675,35,0
2676,35,0
2677,35,0
2678,35,0
2679,35,0
2680,35,0
2681,35,0
2682,35,0
2683,35,0
2684,35,0
2685,35,0
2686,35,0
2687,35,0
2688,35,0
2689,35,0
2690,35,0
2691,35,0
2692,35,0
2693,35,0
2694,35,0
2695,35,0
2696,35,0
2697,35,0
2698,35,0
2699,35,0
2700,35,0
2701,35,0
2702,35,0
2703,35,0
2704,35,0
2705,35,0
2706,35,0
2707,35,0
2708,35,0
2709,36,0
2710,36,0
2711,36,0
2712,36,0
2713,36,0
2714,36,0
2715,36,0
2716,36,0
2717,36,0
2718,36,0
2719,36,0
2720,36,0
2721,36,0
2722,36,0
2723,36,0
2724,36,0
2725,36,0
2726,36,0
2727,36,0
2728,36,0
2729,36,0
2730,36,0
2731,36,0
2732,36,0
2733,36,0
2734,36,0
2735,36,0
2736,36,0
2737,36,0
2738,36,0
2739,36,0
2740,36,0
2741,36,0
2742,36,0
2743,36,0
2744,36,0
2745,36,0
2746,36,0
2747,36,0
2748,36,0
2749,36,0
2750,35,0
2751,35,0
2752,35,0
2753,35,0
2754,35,0
2755,35,0
2756,35,0
2757,35,0
2758,35,0
2759,35,0
2760,35,0
2761,35,0
2762,35,0
2763,35,0
2764,35,0
2765,35,0
2766,35,0
2767,35,0
2768,35,0
2769,35,0
2770,35,0
2771,34,0
2772,34,0
2773,34,0
2774,34,0
2775,34,0
2776,34,0
2777,34,0
2778,34,0
2779,34,0
2780,34,0
2781,34,0
2782,34,0
2783,34,0
2784,34,0
2785,34,0
2786,34,0
2787,34,0
2788,34,0
2789,34,0
2790,34,0
2791,34,0
2792,34,0
2793,34,0
2794,34,0
2795,34,0
2796,34,0
2797,34,0
2798,33,0
2799,33,0
2800,33,0
2801,33,0
2802,33,0
2803,33,0
2804,33,0
2805,33,0
2806,33,0
2807,33,0
2808,33,0
2809,33,0
2810,33,0
2811,33,0
2812,33,0
2813,33,0
2814,33,0
2815,33,0
2816,33,0
2817,33,0
2818,33,0
2819,33,0
2820,33,0
2821,33,0
2822,33,0
2823,34,0
2824,34,0
2825,34,0
2826,34,0
2827,34,0
2828,34,0
2829,34,0
2830,34,0
2831,34,0
2832,34,0
2833,34,0
2834,34,0
2835,34,0
2836,34,0
2837,34,0
2838,34,0
2839,34,0
2840,34,0
2841,34,0
2842,34,0
2843,34,0
2844,34,0
2845,34,0
2846,34,0
2847,34,0
2848,34,0
2849,34,0
2850,34,0
2851,34,0
2852,34,0
2853,34,0
2854,34,0
2855,34,0
2856,34,0
2857,34,0
2858,34,0
2859,34,0
2860,34,0
2861,34,0
2862,34,0
2863,34,0
2864,33,0
2865,33,0
2866,33,0
2867,33,0
2868,33,0
2869,33,0
2870,33,0
2871,33,0
2872,33,0
2873,33,0
2874,33,0
2875,33,0
2876,33,0
2877,33,0
2878,33,0
2879,33,0
2880,33,0
2881,33,0
2882,33,0
2883,33,0
2884,33,0
2885,33,0
2886,33,0
2887,33,0
2888,33,0
2889,33,0
2890,33,0
2891,33,0
2892,33,0
2893,33,0
2894,33,0
2895,33,0
2896,33,0
2897,33,0
2898,33,0
2899,33,0
2900,33,0
2901,34,0
2902,34,0
2903,33,0
2904,33,0
2905,33,0
2906,33,0
2907,33,0
2908,33,0
2909,33,0
2910,33,0
2911,33,0
2912,33,0
2913,33,0
2914,33,0
2915,33,0
2916,33,0
2917,33,0
2918,33,0
2919,33,0
2920,33,0
2921,33,0
2922,33,0
2923,33,0
2924,33,0
2925,33,0
2926,33,0
2927,33,0
2928,33,0
2929,33,0
2930,33,0
2931,33,0
2932,33,0
2933,33,0
2934,33,0
2935,33,0
2936,33,0
2937,33,0
2938,33,0
2939,33,0
2940,33,0
2941,33,0
2942,33,0
2943,33,0
2944,33,0
2945,33,0
2946,33,0
2947,33,0
2948,33,0
2949,33,0
2950,33,0
2951,33,0
2952,33,0
2953,33,0
2954,33,0
2955,33,0
2956,33,0
2957,34,0
2958,34,0
2959,34,0
2960,34,0
2961,34,0
2962,34,0
2963,34,0
2964,34,0
2965,34,0
2966,33,0
2967,33,0
2968,33,0
2969,33,0
2970,33,0
2971,34,0
2972,34,0
2973,34,0
2974,34,0
2975,34,0
2976,34,0
2977,34,0
2978,34,0
2979,34,0
2980,34,0
2981,34,0
2982,34,0
2983,34,0
2984,34,0
2985,34,0
2986,34,0
2987,34,0
2988,34,0
2989,34,0
2990,34,0
2991,34,0
2992,34,0
2993,34,0
2994,34,0
2995,34,0
2996,35,0
2997,35,0
2998,35,0
2999,35,0
3000,35,0
3001,35,0
3002,34,0
3003,34,0
3004,34,0
3005,34,0
3006,35,0
3007,35,0
3008,35,0
3009,35,0
3010,35,0
3011,35,0
3012,35,0
3013,36,0
3014,36,0
3015,36,0
3016,36,0
3017,36,0
3018,36,0
3019,36,0
3020,36,0
3021,36,0
3022,36,0
3023,36,0
3024,36,0
3025,36,0
3026,36,0
3027,36,0
3028,36,0
3029,36,0
3030,36,0
3031,36,0
3032,36,0
3033,36,0
3034,36,0
3035,36,0
3036,36,0
3037,36,0
3038,36,0
3039,36,0
3040,36,0
3041,36,0
3042,36,0
3043,36,0
3044,36,0
3045,36,0
3046,36,0
3047,36,0
3048,36,0
3049,36,0
3050,36,0
3051,36,0
3052,36,0
3053,36,0
3054,36,0
3055,36,0
3056,36,0
3057,36,0
3058,36,0
3059,36,0
3060,36,0
3061,36,0
3062,36,0
3063,36,0
3064,36,0
3065,36,0
3066,36,0
3067,36,0
3068,36,0
3069,36,0
3070,36,0
3071,36,0
3072,36,0
3073,36,0
3074,36,0
3075,36,0
3076,36,0
3077,36,0
3078,36,0
3079,36,0
3080,36,0
3081,36,0
3082,36,0
3083,36,0
3084,36,0
3085,36,0
3086,36,0
3087,36,0
3088,36,0
3089,36,0
3090,36,0
3091,36,0
3092,36,0
3093,36,0
3094,36,0
3095,36,0
3096,36,0
3097,36,0
3098,36,0
3099,36,0
3100,36,0
3101,36,0
3102,36,0
3103,36,0
3104,36,0
3105,36,0
3106,36,0
3107,36,0
3108,36,0
3109,36,0
3110,36,0
3111,36,0
3112,36,0
3113,36,0
3114,36,0
3115,36,0
3116,36,0
3117,36,0
3118,36,0
3119,36,0
3120,36,0
3121,36,0
3122,36,0
3123,36,0
3124,36,0
3125,36,0
3126,36,0
3127,36,0
3128,36,0
3129,36,0
3130,36,0
3131,36,0
3132,36,0
3133,36,0
3134,36,0
3135,36,0
3136,36,0
3137,36,0
3138,36,0
3139,36,0
3140,36,0
3141,37,0
3142,37,0
3143,37,0
3144,37,0
3145,37,0
3146,37,0
3147,37,0
3148,37,0
3149,37,0
3150,37,0
3151,37,0
3152,37,0
3153,37,0
3154,37,0
3155,37,0
3156,37,0
3157,37,0
3158,37,0
3159,37,0
3160,37,0
3161,37,0
3162,37,0
3163,37,0
3164,37,0
3165,37,0
3166,37,0
3167,37,0
3168,37,0
3169,37,0
3170,37,0
3171,37,0
3172,37,0
3173,37,0
3174,37,0
3175,37,0
3176,37,0
3177,37,0
3178,37,0
3179,37,0
3180,37,0
3181,37,0
3182,37,0
3183,36,0
3184,36,0
3185,36,0
3186,36,0
3187,36,0
3188,36,0
3189,36,0
3190,36,0
3191,36,0
3192,36,0
3193,36,0
3194,36,0
3195,36,0
3196,36,0
3197,36,0
3198,36,0
3199,36,0
3200,36,0
3201,36,0
3202,36,0
3203,36,0
3204,36,0
3205,36,0
3206,36,0
3207,36,0
3208,36,0
3209,36,0
3210,36,0
3211,36,0
3212,36,0
3213,36,0
3214,36,0
3215,36,0
3216,37,0
3217,37,0
3218,37,0
3219,37,0
3220,37,0
3221,37,0
3222,37,0
3223,37,0
3224,37,0
3225,37,0
3226,37,0
3227,37,0
3228,37,0
3229,37,0
3230,37,0
3231,37,0
3232,37,0
3233,36,0
3234,36,0
3235,36,0
3236,36,0
3237,36,0
3238,36,0
3239,36,0
3240,36,0
3241,36,0
3242,36,0
3243,36,0
3244,36,0
3245,36,0
3246,36,0
3247,36,0
3248,36,0
3249,36,0
3250,36,0
3251,36,0
3252,36,0
3253,36,0
3254,36,0
3255,36,0
3256,36,0
3257,36,0
3258,36,0
3259,36,0
3260,36,0
3261,36,0
3262,36,0
3263,36,0
3264,35,0
3265,35,0
3266,34,0
3267,34,0
3268,34,0
3269,34,0
3270,34,0
3271,34,0
3272,34,0
3273,34,0
3274,34,0
3275,34,0
3276,34,0
3277,34,0
3278,34,0
3279,34,0
3280,34,0
3281,34,0
3282,33,0
3283,33,0
3284,33,0
3285,33,0
3286,33,0
3287,33,0
3288,33,0
3289,33,0
3290,33,0
3291,33,0
3292,33,0
3293,33,0
3294,33,0
3295,33,0
3296,33,0
3297,33,0
3298,33,0
3299,33,0
3300,33,0
3301,33,0
3302,33,0
3303,33,0
3304,33,0
3305,33,0
3306,33,0
3307,33,0
3308,33,0
3309,33,0
3310,33,0
3311,33,0
3312,33,0
3313,33,0
3314,33,0
3315,33,0
3316,33,0
3317,33,0
3318,33,0
3319,33,0
3320,33,0
3321,33,0
3322,33,0
3323,33,0
3324,33,0
3325,33,0
3326,33,0
3327,33,0
3328,33,0
3329,33,0
3330,33,0
3331,33,0
3332,33,0
3333,33,0
3334,33,0
3335,33,0
3336,33,0
3337,33,0
3338,33,0
3339,33,0
3340,33,0
3341,33,0
3342,33,0
3343,33,0
3344,33,0
3345,33,0
3346,33,0
3347,33,0
3348,33,0
3349,33,0
3350,33,0
3351,33,0
3352,33,0
3353,33,0
3354,33,0
3355,33,0
3356,33,0
3357,33,0
3358,33,0
3359,33,0
3360,33,0
3361,33,0
3362,33,0
3363,33,0
3364,33,0
3365,32,0
3366,32,0
3367,32,0
3368,32,0
3369,32,0
3370,32,0
3371,32,0
3372,32,0
3373,32,0
3374,32,0
3375,32,0
3376,32,0
3377,32,0
3378,32,0
3379,32,0
3380,32,0
3381,32,0
3382,32,0
3383,32,0
3384,32,0
3385,32,0
3386,32,0
3387,32,0
3388,32,0
3389,32,0
3390,32,0
3391,32,0
3392,32,0
3393,32,0
3394,32,0
3395,32,0
3396,32,0
3397,32,0
3398,32,0
3399,32,0
3400,32,0
3401,32,0
3402,32,0
3403,32,0
3404,32,0
3405,32,0
3406,32,0
3407,32,0
3408,32,0
3409,32,0
3410,32,0
3411,32,0
3412,32,0
3413,32,0
3414,32,0
3415,32,0
3416,32,0
3417,32,0
3418,32,0
3419,32,0
3420,32,0
3421,32,0
3422,32,0
3423,32,0
3424,32,0
3425,32,0
3426,32,0
3427,32,0
3428,32,0
3429,32,0
3430,32,0
3431,31,0
3432,31,0
3433,31,0
3434,31,0
3435,31,0
3436,31,0
3437,31,0
3438,31,0
3439,31,0
3440,31,0
3441,31,0
3442,31,0
3443,31,0
3444,31,0
3445,31,0
3446,31,0
3447,31,0
3448,31,0
3449,31,0
3450,31,0
3451,30,0
3452,30,0
3453,30,0
3454,30,0
3455,30,0
3456,30,0
3457,30,0
3458,30,0
3459,30,0
3460,30,0
3461,30,0
3462,30,0
3463,30,0
3464,30,0
3465,31,0
3466,31,0
3467,31,0
3468,31,0
3469,31,0
3470,31,0
3471,31,0
3472,31,0
3473,31,0
3474,31,0
3475,31,0
3476,31,0
3477,31,0
3478,31,0
3479,31,0
3480,31,0
3481,31,0
3482,31,0
3483,31,0
3484,31,0
3485,31,0
3486,31,0
3487,31,0
3488,31,0
3489,31,0
3490,31,0
3491,31,0
3492,31,0
3493,31,0
3494,31,0
3495,31,0
3496,31,0
3497,31,0
3498,31,0
3499,31,0
3500,31,0
3501,31,0
3502,31,0
3503,31,0
3504,31,0
3505,31,0
3506,31,0
3507,31,0
3508,31,0
3509,31,0
3510,31,0
3511,32,0
3512,32,0
3513,32,0
3514,32,0
3515,32,0
3516,32,0
3517,32,0
3518,32,0
3519,32,0
3520,32,0
3521,32,0
3522,32,0
3523,32,0
3524,32,0
3525,32,0
3526,32,0
3527,32,0
3528,32,0
3529,32,0
3530,32,0
3531,32,0
3532,32,0
3533,32,0
3534,32,0
3535,32,0
3536,32,0
3537,32,0
3538,32,0
3539,32,0
3540,32,0
3541,32,0
3542,32,0
3543,32,0
3544,32,0
3545,32,0
3546,32,0
3547,32,0
3548,32,0
3549,32,0
3550,32,0
3551,32,0
3552,33,0
3553,33,0
3554,33,0
3555,34,0
3556,34,0
3557,34,0
3558,34,0
3559,34,0
3560,34,0
3561,34,0
3562,34,0
3563,34,0
3564,34,0
3565,34,0
3566,34,0
3567,34,0
3568,34,0
3569,34,0
3570,34,0
3571,34,0
3572,34,0
3573,34,0
3574,34,0
3575,34,0
3576,34,0
3577,34,0
3578,34,0
3579,34,0
3580,34,0
3581,34,0
3582,34,0
3583,33,0
3584,33,0
3585,33,0
3586,33,0
3587,33,0
3588,33,0
3589,33,0
3590,34,0
3591,34,0
3592,34,0
3593,34,0
3594,34,0
3595,34,0
3596,34,0
3597,34,0
3598,34,0
3599,34,0
3600,34,0
3601,34,0
3602,34,0
3603,34,0
3604,34,0
3605,34,0
3606,34,0
3607,34,0
3608,34,0
3609,34,0
3610,34,0
3611,34,0
3612,34,0
3613,34,0
3614,35,0
3615,35,0
3616,35,0
3617,35,0
3618,35,0
3619,35,0
3620,35,0
3621,35,0
3622,36,0
3623,36,0
3624,36,0
3625,36,0
3626,36,0
3627,36,0
3628,36,0
3629,36,0
3630,35,0
3631,35,0
3632,35,0
3633,35,0
3634,35,0
3635,35,0
3636,35,0
3637,35,0
3638,35,0
3639,35,0
3640,35,0
3641,35,0
3642,35,0
3643,35,0
3644,35,0
3645,35,0
3646,35,0
3647,35,0
3648,35,0
3649,35,0
3650,35,0
3651,35,0
3652,36,0
3653,36,0
3654,36,0
3655,36,0
3656,36,0
3657,36,0
3658,36,0
3659,36,0
3660,36,0
3661,36,0
3662,36,0
3663,36,0
3664,36,0
3665,36,0
3666,36,0
3667,36,0
3668,36,0
3669,36,0
3670,36,0
3671,36,0
3672,36,0
3673,36,0
3674,36,0
3675,36,0
3676,36,0
3677,36,0
3678,36,0
3679,36,0
3680,36,0
3681,36,0
3682,36,0
3683,36,0
3684,36,0
3685,36,0
3686,36,0
3687,36,0
3688,36,0
3689,36,0
3690,36,0
3691,36,0
3692,36,0
3693,36,0
3694,36,0
3695,36,0
3696,36,0
3697,37,0
3698,37,0
3699,37,0
3700,37,0
3701,37,0
3702,37,0
3703,37,0
3704,37,0
3705,38,0
3706,38,0
3707,38,0
3708,38,0
3709,38,0
3710,38,0
3711,38,0
3712,38,0
3713,38,0
3714,38,0
3715,38,0
3716,38,0
3717,38,0
3718,38,0
3719,38,0
3720,38,0
3721,38,0
3722,38,0
3723,38,0
3724,38,0
3725,38,0
3726,38,0
3727,38,0
3728,38,0
3729,38,0
3730,38,0
3731,38,0
3732,38,0
3733,38,0
3734,38,0
3735,38,0
3736,38,0
3737,38,0
3738,38,0
3739,38,0
3740,38,0
3741,38,0
3742,38,0
3743,38,0
3744,38,0
3745,38,0
3746,38,0
3747,38,0
3748,38,0
3749,38,0
3750,39,0
3751,40,0
3752,40,0
3753,40,0
3754,40,0
3755,40,0
3756,40,0
3757,40,0
3758,40,0
3759,40,0
3760,40,0
3761,40,0
3762,40,0
3763,40,0
3764,40,0
3765,40,0
3766,40,0
3767,40,0
3768,40,0
3769,40,0
3770,40,0
3771,40,0
3772,40,0
3773,40,0
3774,40,0
3775,40,0
3776,40,0
3777,40,0
3778,40,0
3779,40,0
3780,40,0
3781,40,0
3782,40,0
3783,40,0
3784,40,0
3785,40,0
3786,40,0
3787,40,0
3788,40,0
3789,40,0
3790,40,0
3791,41,0
3792,41,0
3793,41,0
3794,40,0
3795,40,0
3796,40,0
3797,39,0
3798,39,0
3799,39,0
3800,39,0
3801,39,0
3802,39,0
3803,39,0
3804,39,0
3805,39,0
3806,39,0
3807,39,0
3808,39,0
3809,39,0
3810,39,0
3811,39,0
3812,39,0
3813,39,0
3814,39,0
3815,39,0
3816,39,0
3817,39,0
3818,39,0
3819,39,0
3820,39,0
3821,39,0
3822,39,0
3823,39,0
3824,39,0
3825,39,0
3826,39,0
3827,39,0
3828,39,0
3829,39,0
3830,39,0
3831,39,0
3832,39,0
3833,39,0
3834,39,0
3835,39,0
3836,39,0
3837,39,0
3838,39,0
3839,39,0
3840,39,0
3841,39,0
3842,39,0
3843,39,0
3844,39,0
3845,39,0
3846,39,0
3847,39,0
3848,39,0
3849,39,0
3850,39,0
3851,39,0
3852,39,0
3853,39,0
3854,39,0
3855,39,0
3856,39,0
3857,39,0
3858,39,0
3859,39,0
3860,38,0
3861,38,0
3862,38,0
3863,38,0
3864,38,0
3865,38,0
3866,38,0
3867,38,0
3868,38,0
3869,38,0
3870,38,0
3871,38,0
3872,38,0
3873,38,0
3874,38,0
3875,38,0
3876,38,0
3877,38,0
3878,38,0
3879,38,0
3880,38,0
3881,38,0
3882,38,0
3883,38,0
3884,38,0
3885,38,0
3886,38,0
3887,38,0
3888,38,0
3889,38,0
3890,38,0
3891,38,0
3892,38,0
3893,38,0
3894,38,0
3895,38,0
3896,38,0
3897,38,0
3898,38,0
3899,38,0
3900,38,0
3901,38,0
3902,38,0
3903,38,0
3904,38,0
3905,38,0
3906,38,0
3907,38,0
3908,38,0
3909,38,0
3910,38,0
3911,38,0
3912,38,0
3913,38,0
3914,38,0
3915,38,0
3916,38,0
3917,38,0
3918,38,0
3919,38,0
3920,38,0
3921,38,0
3922,38,0
3923,38,0
3924,38,0
3925,38,0
3926,38,0
3927,38,0
3928,38,0
3929,38,0
3930,38,0
3931,38,0
3932,38,0
3933,38,0
3934,38,0
3935,38,0
3936,38,0
3937,38,0
3938,38,0
3939,39,0
3940,39,0
3941,39,0
3942,39,0
3943,39,0
3944,39,0
3945,39,0
3946,39,0
3947,39,0
3948,39,0
3949,39,0
3950,39,0
3951,39,0
3952,39,0
3953,39,0
3954,39,0
3955,39,0
3956,39,0
3957,39,0
3958,39,0
3959,39,0
3960,39,0
3961,39,0
3962,39,0
3963,39,0
3964,39,0
3965,39,0
3966,39,0
3967,39,0
3968,40,0
3969,40,0
3970,40,0
3971,40,0
3972,40,0
3973,40,0
3974,40,0
3975,40,0
3976,40,0
3977,40,0
3978,40,0
3979,40,0
3980,40,0
3981,40,0
3982,40,0
3983,40,0
3984,40,0
3985,40,0
3986,40,0
3987,40,0
3988,40,0
3989,40,0
3990,40,0
3991,40,0
3992,40,0
3993,40,0
3994,40,0
3995,40,0
3996,40,0
3997,39,0
3998,39,0
3999,39,0
4000,39,0
4001,39,0
4002,39,0
4003,39,0
4004,39,0
4005,39,0
4006,39,0
4007,39,0
4008,39,0
4009,39,0
4010,39,0
4011,39,0
4012,38,0
4013,38,0
4014,38,0
4015,38,0
4016,38,0
4017,38,0
4018,38,0
4019,38,0
4020,38,0
4021,38,0
4022,38,0
4023,38,0
4024,38,0
4025,37,0
4026,37,0
4027,37,0
4028,37,0
4029,37,0
4030,37,0
4031,37,0
4032,37,0
4033,37,0
4034,37,0
4035,37,0
4036,37,0
4037,37,0
4038,37,0
4039,37,0
4040,37,0
4041,37,0
4042,37,0
4043,37,0
4044,37,0
4045,37,0
4046,37,0
4047,37,0
4048,37,0
4049,37,0
4050,37,0
4051,37,0
4052,37,0
4053,37,0
4054,37,0
4055,37,0
4056,37,0
4057,37,0
4058,37,0
4059,37,0
4060,37,0
4061,37,0
4062,37,0
4063,37,0
4064,37,0
4065,36,0
4066,36,0
4067,36,0
4068,36,0
4069,36,0
4070,36,0
4071,36,0
4072,36,0
4073,36,0
4074,36,0
4075,36,0
4076,36,0
4077,36,0
4078,36,0
4079,36,0
4080,36,0
4081,36,0
4082,36,0
4083,36,0
4084,36,0
4085,36,0
4086,36,0
4087,36,0
4088,36,0
4089,36,0
4090,36,0
4091,36,0
4092,36,0
4093,36,0
4094,36,0
4095,36,0
4096,36,0
4097,36,0
4098,36,0
4099,36,0
4100,36,0
4101,36,0
4102,36,0
4103,36,0
4104,36,0
4105,36,0
4106,36,0
4107,36,0
4108,36,0
4109,36,0
4110,36,0
4111,36,0
4112,36,0
4113,36,0
4114,36,0
4115,36,0
4116,36,0
4117,36,0
4118,36,0
4119,36,0
4120,36,0
4121,36,0
4122,36,0
4123,36,0
4124,35,0
4125,35,0
4126,35,0
4127,35,0
4128,35,0
4129,35,0
4130,35,0
4131,35,0
4132,35,0
4133,35,0
4134,35,0
4135,35,0
4136,35,0
4137,36,0
4138,36,0
4139,36,0
4140,36,0
4141,36,0
4142,36,0
4143,36,0
4144,36,0
4145,36,0
4146,36,0
4147,36,0
4148,36,0
4149,36,0
4150,36,0
4151,36,0
4152,36,0
4153,36,0
4154,36,0
4155,36,0
4156,36,0
4157,36,0
4158,36,0
4159,36,0
4160,36,0
4161,36,0
4162,36,0
4163,36,0
4164,36,0
4165,36,0
4166,36,0
4167,36,0
4168,36,0
4169,36,0
4170,36,0
4171,36,0
4172,36,0
4173,36,0
4174,36,0
4175,36,0
4176,36,0
4177,36,0
4178,36,0
4179,35,0
4180,35,0
4181,35,0
4182,35,0
4183,35,0
4184,35,0
4185,35,0
4186,35,0
4187,35,0
4188,35,0
4189,35,0
4190,35,0
4191,35,0
4192,35,0
4193,35,0
4194,35,0
4195,35,0
4196,35,0
4197,35,0
4198,35,0
4199,35,0
4200,35,0
4201,35,0
4202,35,0
4203,35,0
4204,35,0
4205,35,0
4206,35,0
4207,35,0
4208,35,0
4209,35,0
4210,35,0
4211,35,0
4212,34,0
4213,34,0
4214,34,0
4215,34,0
4216,34,0
4217,34,0
4218,34,0
4219,34,0
4220,34,0
4221,34,0
4222,34,0
4223,34,0
4224,34,0
4225,34,0
4226,34,0
4227,34,0
4228,34,0
4229,34,0
4230,34,0
4231,34,0
4232,34,0
4233,34,0
4234,34,0
4235,34,0
4236,34,0
4237,34,0
4238,34,0
4239,34,0
4240,34,0
4241,34,0
4242,34,0
4243,34,0
4244,34,0
4245,34,0
4246,34,0
4247,34,0
4248,34,0
4249,34,0
4250,34,0
4251,34,0
4252,34,0
4253,34,0
4254,34,0
4255,34,0
4256,34,0
4257,34,0
4258,34,0
4259,33,0
4260,33,0
4261,33,0
4262,33,0
4263,33,0
4264,33,0
4265,33,0
4266,33,0
4267,33,0
4268,33,0
4269,33,0
4270,33,0
4271,33,0
4272,33,0
4273,33,0
4274,33,0
4275,33,0
4276,33,0
4277,33,0
4278,33,0
4279,33,0
4280,33,0
4281,33,0
4282,33,0
4283,33,0
4284,33,0
4285,33,0
4286,33,0
4287,33,0
4288,33,0
4289,33,0
4290,33,0
4291,33,0
4292,33,0
4293,33,0
4294,33,0
4295,34,0
4296,34,0
4297,34,0
4298,34,0
4299,34,0
4300,34,0
4301,34,0
4302,34,0
4303,34,0
4304,34,0
4305,34,0
4306,34,0
4307,34,0
4308,34,0
4309,34,0
4310,34,0
4311,34,0
4312,34,0
4313,34,0
4314,34,0
4315,34,0
4316,34,0
4317,34,0
4318,34,0
4319,34,0
4320,34,0
4321,34,0
4322,34,0
4323,34,0
4324,34,0
4325,34,0
4326,34,0
4327,34,0
4328,34,0
4329,34,0
4330,34,0
4331,34,0
4332,34,0
4333,34,0
4334,34,0
4335,34,0
4336,34,0
4337,34,0
4338,34,0
4339,34,0
4340,34,0
4341,34,0
4342,34,0
4343,34,0
4344,34,0
4345,34,0
4346,34,0
4347,34,0
4348,34,0
4349,34,0
4350,34,0
4351,34,0
4352,34,0
4353,34,0
4354,34,0
4355,34,0
4356,34,0
4357,34,0
4358,34,0
4359,34,0
4360,34,0
4361,34,0
4362,34,0
4363,34,0
4364,34,0
4365,34,0
4366,34,0
4367,34,0
4368,34,0
4369,34,0
4370,34,0
4371,34,0
4372,34,0
4373,35,0
4374,35,0
4375,35,0
4376,35,0
4377,35,0
4378,35,0
4379,35,0
4380,35,0
4381,35,0
4382,35,0
4383,35,0
4384,35,0
4385,35,0
4386,35,0
4387,35,0
4388,35,0
4389,35,0
4390,35,0
4391,35,0
4392,35,0
4393,34,0
4394,34,0
4395,34,0
4396,34,0
4397,34,0
4398,34,0
4399,34,0
4400,34,0
4401,34,0
4402,34,0
4403,34,0
4404,34,0
4405,34,0
4406,34,0
4407,34,0
4408,34,0
4409,34,0
4410,34,0
4411,34,0
4412,34,0
4413,34,0
4414,34,0
4415,34,0
4416,34,0
4417,34,0
4418,34,0
4419,34,0
4420,34,0
4421,34,0
4422,34,0
4423,34,0
4424,34,0
4425,34,0
4426,34,0
4427,34,0
4428,34,0
4429,34,0
4430,34,0
4431,34,0
4432,34,0
4433,34,0
4434,34,0
4435,34,0
4436,34,0
4437,34,0
4438,34,0
4439,34,0
4440,34,0
4441,34,0
4442,34,0
4443,34,0
4444,34,0
4445,34,0
4446,34,0
4447,34,0
4448,34,0
4449,34,0
4450,34,0
4451,34,0
4452,34,0
4453,34,0
4454,33,0
4455,33,0
4456,33,0
4457,33,0
4458,33,0
4459,32,0
4460,32,0
4461,32,0
4462,32,0
4463,32,0
4464,32,0
4465,32,0
4466,33,0
4467,33,0
4468,33,0
4469,33,0
4470,33,0
4471,33,0
4472,33,0
4473,33,0
4474,33,0
4475,33,0
4476,33,0
4477,33,0
4478,33,0
4479,33,0
4480,33,0
4481,33,0
4482,33,0
4483,33,0
4484,33,0
4485,33,0
4486,33,0
4487,33,0
4488,33,0
4489,33,0
4490,33,0
4491,33,0
4492,33,0
4493,33,0
4494,33,0
4495,33,0
4496,33,0
4497,33,0
4498,33,0
4499,33,0
4500,33,0
4501,33,0
4502,33,0
4503,33,0
4504,33,0
4505,33,0
4506,33,0
4507,33,0
4508,33,0
4509,33,0
4510,33,0
4511,33,0
4512,33,0
4513,33,0
4514,33,0
4515,33,0
4516,33,0
4517,33,0
4518,33,0
4519,33,0
4520,32,0
4521,32,0
4522,32,0
4523,32,0
4524,32,0
4525,32,0
4526,32,0
4527,32,0
4528,32,0
4529,32,0
4530,32,0
4531,32,0
4532,32,0
4533,32,0
4534,32,0
4535,32,0
4536,32,0
4537,32,0
4538,32,0
4539,32,0
4540,32,0
4541,32,0
4542,32,0
4543,32,0
4544,32,0
4545,32,0
4546,32,0
4547,32,0
4548,32,0
4549,32,0
4550,32,0
4551,32,0
4552,32,0
4553,31,0
4554,31,0
4555,31,0
4556,31,0
4557,31,0
4558,31,0
4559,31,0
4560,30,0
4561,30,0
4562,30,0
4563,30,0
4564,30,0
4565,30,0
4566,30,0
4567,30,0
4568,30,0
4569,30,0
4570,30,0
4571,30,0
4572,30,0
4573,30,0
4574,30,0
4575,30,0
4576,30,0
4577,30,0
4578,30,0
4579,30,0
4580,30,0
4581,30,0
4582,30,0
4583,30,0
4584,30,0
4585,30,0
4586,30,0
4587,30,0
4588,30,0
4589,30,0
4590,30,0
4591,30,0
4592,30,0
4593,29,0
4594,29,0
4595,29,0
4596,29,0
4597,29,0
4598,29,0
4599,29,0
4600,29,0
4601,29,0
4602,29,0
4603,29,0
4604,29,0
4605,29,0
4606,29,0
4607,29,0
4608,29,0
4609,29,0
4610,29,0
4611,29,0
4612,29,0
4613,29,0
4614,29,0
4615,29,0
4616,29,0
4617,29,0
4618,29,0
4619,29,0
4620,29,0
4621,29,0
4622,29,0
4623,29,0
4624,29,0
4625,29,0
4626,28,0
4627,28,0
4628,28,0
4629,28,0
4630,28,0
4631,28,0
4632,28,0
4633,28,0
4634,28,0
4635,28,0
4636,28,0
4637,28,0
4638,28,0
4639,28,0
4640,28,0
4641,28,0
4642,28,0
4643,28,0
4644,28,0
4645,28,0
4646,27,0
4647,27,0
4648,27,0
4649,27,0
4650,27,0
4651,27,0
4652,27,0
4653,27,0
4654,27,0
4655,27,0
4656,27,0
4657,27,0
4658,27,0
4659,27,0
4660,27,0
4661,26,0
4662,26,0
4663,26,0
4664,26,0
4665,26,0
4666,26,0
4667,26,0
4668,26,0
4669,26,0
4670,26,0
4671,26,0
4672,26,0
4673,26,0
4674,26,0
4675,26,0
4676,26,0
4677,26,0
4678,26,0
4679,26,0
4680,26,0
4681,26,0
4682,26,0
4683,26,0
4684,26,0
4685,26,0
4686,26,0
4687,26,0
4688,26,0
4689,26,0
4690,26,0
4691,26,0
4692,26,0
4693,26,0
4694,27,0
4695,27,0
4696,27,0
4697,27,0
4698,27,0
4699,27,0
4700,27,0
4701,27,0
4702,27,0
4703,27,0
4704,27,0
4705,27,0
4706,27,0
4707,27,0
4708,27,0
4709,27,0
4710,27,0
4711,27,0
4712,27,0
4713,27,0
4714,27,0
4715,27,0
4716,27,0
4717,27,0
4718,27,0
4719,27,0
4720,27,0
4721,27,0
4722,27,0
4723,27,0
4724,27,0
4725,27,0
4726,28,0
4727,28,0
4728,28,0
4729,28,0
4730,28,0
4731,28,0
4732,28,0
4733,28,0
4734,28,0
4735,28,0
4736,28,0
4737,28,0
4738,28,0
4739,28,0
4740,28,0
4741,28,0
4742,28,0
4743,28,0
4744,28,0
4745,28,0
4746,28,0
4747,28,0
4748,28,0
4749,28,0
4750,28,0
4751,28,0
4752,28,0
4753,28,0
4754,28,0
4755,28,0
4756,28,0
4757,28,0
4758,28,0
4759,28,0
4760,28,0
4761,28,0
4762,28,0
4763,28,0
4764,28,0
4765,28,0
4766,28,0
4767,28,0
4768,28,0
4769,28,0
4770,28,0
4771,28,0
4772,28,0
4773,28,0
4774,28,0
4775,28,0
4776,28,0
4777,28,0
4778,28,0
4779,28,0
4780,28,0
4781,28,0
4782,28,0
4783,29,0
4784,29,0
4785,29,0
4786,29,0
4787,29,0
4788,29,0
4789,29,0
4790,29,0
4791,29,0
4792,29,0
4793,29,0
4794,29,0
4795,29,0
4796,29,0
4797,29,0
4798,29,0
4799,29,0
4800,29,0
4801,29,0
4802,29,0
4803,29,0
4804,29,0
4805,29,0
4806,29,0
4807,29,0
4808,29,0
4809,29,0
4810,29,0
4811,29,0
4812,29,0
4813,29,0
4814,29,0
4815,29,0
4816,29,0
4817,29,0
4818,29,0
4819,29,0
4820,29,0
4821,29,0
4822,29,0
4823,29,0
4824,29,0
4825,29,0
4826,29,0
4827,29,0
4828,29,0
4829,29,0
4830,29,0
4831,29,0
4832,29,0
4833,29,0
4834,29,0
4835,29,0
4836,29,0
4837,29,0
4838,29,0
4839,29,0
4840,29,0
4841,29,0
4842,29,0
4843,29,0
4844,29,0
4845,29,0
4846,29,0
4847,29,0
4848,29,0
4849,29,0
4850,29,0
4851,29,0
4852,29,0
4853,29,0
4854,29,0
4855,29,0
4856,29,0
4857,29,0
4858,29,0
4859,29,0
4860,29,0
4861,29,0
4862,29,0
4863,29,0
4864,29,0
4865,29,0
4866,29,0
4867,29,0
4868,29,0
4869,29,0
4870,29,0
4871,29,0
4872,29,0
4873,29,0
4874,29,0
4875,29,0
4876,29,0
4877,29,0
4878,29,0
4879,29,0
4880,29,0
4881,29,0
4882,29,0
4883,29,0
4884,29,0
4885,29,0
4886,29,0
4887,29,0
4888,29,0
4889,29,0
4890,29,0
4891,29,0
4892,29,0
4893,29,0
4894,29,0
4895,29,0
4896,29,0
4897,29,0
4898,29,0
4899,29,0
4900,29,0
4901,29,0
4902,29,0
4903,29,0
4904,29,0
4905,29,0
4906,29,0
4907,30,0
4908,31,0
4909,31,0
4910,31,0
4911,31,0
4912,31,0
4913,31,0
4914,31,0
4915,30,0
4916,30,0
4917,30,0
4918,30,0
4919,30,0
4920,30,0
4921,30,0
4922,30,0
4923,30,0
4924,30,0
4925,30,0
4926,30,0
4927,30,0
4928,30,0
4929,30,0
4930,30,0
4931,30,0
4932,30,0
4933,30,0
4934,30,0
4935,29,0
4936,29,0
4937,29,0
4938,29,0
4939,29,0
4940,29,0
4941,29,0
4942,29,0
4943,29,0
4944,29,0
4945,29,0
4946,29,0
4947,29,0
4948,28,0
4949,28,0
4950,28,0
4951,28,0
4952,28,0
4953,28,0
4954,28,0
4955,28,0
4956,28,0
4957,28,0
4958,28,0
4959,28,0
4960,28,0
4961,28,0
4962,28,0
4963,28,0
4964,28,0
4965,28,0
4966,28,0
4967,28,0
4968,28,0
4969,28,0
4970,28,0
4971,28,0
4972,28,0
4973,28,0
4974,28,0
4975,28,0
4976,28,0
4977,28,0
4978,28,0
4979,28,0
4980,28,0
4981,28,0
4982,28,0
4983,28,0
4984,28,0
4985,28,0
4986,28,0
4987,28,0
4988,28,0
4989,28,0
4990,28,0
4991,28,0
4992,28,0
4993,28,0
4994,28,0
4995,28,0
4996,28,0
4997,28,0
4998,28,0
4999,28,0
5000,28,0
5001,28,0
5002,28,0
5003,28,0
5004,28,0
5005,28,0
5006,28,0
5007,28,0
5008,28,0
5009,28,0
5010,28,0
5011,28,0
5012,28,0
5013,28,0
5014,28,0
5015,28,0
5016,28,0
5017,28,0
5018,28,0
5019,28,0
5020,28,0
5021,28,0
5022,28,0
5023,28,0
5024,28,0
5025,27,0
5026,27,0
5027,27,0
5028,27,0
5029,27,0
5030,27,0
5031,27,0
5032,27,0
5033,27,0
5034,27,0
5035,27,0
5036,27,0
5037,27,0
5038,28,0
5039,28,0
5040,28,0
5041,28,0
5042,28,0
5043,28,0
5044,28,0
5045,28,0
5046,28,0
5047,28,0
5048,28,0
5049,27,0
5050,27,0
5051,27,0
5052,27,0
5053,27,0
5054,27,0
5055,27,0
5056,27,0
5057,27,0
5058,26,0
5059,26,0
5060,26,0
5061,26,0
5062,26,0
5063,26,0
5064,26,0
5065,26,0
5066,26,0
5067,26,0
5068,26,0
5069,26,0
5070,26,0
5071,26,0
5072,26,0
5073,26,0
5074,26,0
5075,27,0
5076,27,0
5077,27,0
5078,27,0
5079,27,0
5080,27,0
5081,27,0
5082,27,0
5083,27,0
5084,27,0
5085,27,0
5086,27,0
5087,27,0
5088,27,0
5089,27,0
5090,27,0
5091,27,0
5092,27,0
5093,27,0
5094,27,0
5095,27,0
5096,27,0
5097,27,0
5098,27,0
5099,27,0
5100,27,0
5101,27,0
5102,27,0
5103,27,0
5104,27,0
5105,27,0
5106,27,0
5107,27,0
5108,27,0
5109,27,0
5110,27,0
5111,27,0
5112,27,0
5113,27,0
5114,27,0
5115,27,0
5116,27,0
5117,27,0
5118,27,0
5119,27,0
5120,27,0
5121,27,0
5122,27,0
5123,27,0
5124,27,0
5125,27,0
5126,26,0
5127,26,0
5128,26,0
5129,26,0
5130,26,0
5131,26,0
5132,26,0
5133,26,0
5134,26,0
5135,26,0
5136,26,0
5137,26,0
5138,26,0
5139,26,0
5140,26,0
5141,26,0
5142,26,0
5143,26,0
5144,26,0
5145,26,0
5146,26,0
5147,26,0
5148,26,0
5149,26,0
5150,26,0
5151,25,0
5152,25,0
5153,25,0
5154,25,0
5155,25,0
5156,25,0
5157,25,0
5158,25,0
5159,25,0
5160,25,0
5161,25,0
5162,25,0
5163,25,0
5164,25,0
5165,25,0
5166,25,0
5167,25,0
5168,25,0
5169,25,0
5170,25,0
5171,25,0
5172,25,0
5173,25,0
5174,25,0
5175,25,0
5176,25,0
5177,25,0
5178,25,0
5179,25,0
5180,25,0
5181,25,0
5182,25,0
5183,25,0
5184,25,0
5185,25,0
5186,25,0
5187,25,0
5188,25,0
5189,25,0
5190,25,0
5191,25,0
5192,25,0
5193,25,0
5194,25,0
5195,25,0
5196,25,0
5197,25,0
5198,26,0
5199,26,0
5200,26,0
5201,26,0
5202,26,0
5203,26,0
5204,26,0
5205,26,0
5206,26,0
5207,26,0
5208,26,0
5209,26,0
5210,26,0
5211,26,0
5212,26,0
5213,26,0
5214,26,0
5215,26,0
5216,26,0
5217,26,0
5218,26,0
5219,26,0
5220,26,0
5221,26,0
5222,26,0
5223,26,0
5224,26,0
5225,26,0
5226,26,0
5227,26,0
5228,26,0
5229,26,0
5230,26,0
5231,26,0
5232,26,0
5233,26,0
5234,26,0
5235,26,0
5236,26,0
5237,26,0
5238,26,0
5239,26,0
5240,26,0
5241,26,0
5242,26,0
5243,26,0
5244,26,0
5245,26,0
5246,26,0
5247,26,0
5248,26,0
5249,26,0
5250,26,0
5251,26,0
5252,26,0
5253,26,0
5254,26,0
5255,26,0
5256,26,0
5257,26,0
5258,26,0
5259,26,0
5260,26,0
5261,26,0
5262,26,0
5263,26,0
5264,26,0
5265,26,0
5266,26,0
5267,26,0
5268,26,0
5269,26,0
5270,26,0
5271,26,0
5272,26,0
5273,26,0
5274,26,0
5275,26,0
5276,26,0
5277,27,0
5278,27,0
5279,27,0
5280,27,0
5281,27,0
5282,27,0
5283,27,0
5284,27,0
5285,27,0
5286,27,0
5287,27,0
5288,27,0
5289,27,0
5290,27,0
5291,27,0
5292,27,0
5293,27,0
5294,27,0
5295,27,0
5296,28,0
5297,28,0
5298,28,0
5299,28,0
5300,28,0
5301,28,0
5302,28,0
5303,28,0
5304,28,0
5305,28,0
5306,28,0
5307,28,0
5308,28,0
5309,28,0
5310,28,0
5311,28,0
5312,28,0
5313,28,0
5314,28,0
5315,28,0
5316,28,0
5317,28,0
5318,28,0
5319,28,0
5320,28,0
5321,28,0
5322,28,0
5323,28,0
5324,28,0
5325,28,0
5326,28,0
5327,28,0
5328,28,0
5329,28,0
5330,28,0
5331,28,0
5332,28,0
5333,28,0
5334,28,0
5335,28,0
5336,28,0
5337,27,0
5338,28,0
5339,28,0
5340,28,0
5341,28,0
5342,28,0
5343,28,0
5344,28,0
5345,28,0
5346,28,0
5347,28,0
5348,28,0
5349,28,0
5350,28,0
5351,28,0
5352,28,0
5353,28,0
5354,28,0
5355,28,0
5356,28,0
5357,28,0
5358,28,0
5359,28,0
5360,28,0
5361,28,0
5362,28,0
5363,28,0
5364,28,0
5365,28,0
5366,28,0
5367,28,0
5368,28,0
5369,28,0
5370,28,0
5371,28,0
5372,28,0
5373,28,0
5374,28,0
5375,28,0
5376,28,0
5377,29,0
5378,29,0
5379,29,0
5380,28,0
5381,28,0
5382,28,0
5383,28,0
5384,28,0
5385,28,0
5386,28,0
5387,28,0
5388,28,0
5389,28,0
5390,28,0
5391,28,0
5392,28,0
5393,28,0
5394,28,0
5395,28,0
5396,28,0
5397,28,0
5398,28,0
5399,28,0
5400,28,0
5401,28,0
5402,28,0
5403,28,0
5404,28,0
5405,28,0
5406,28,0
5407,28,0
5408,28,0
5409,28,0
5410,28,0
5411,28,0
5412,28,0
5413,28,0
5414,28,0
5415,28,0
5416,28,0
5417,28,0
5418,28,0
5419,28,0
5420,28,0
5421,28,0
5422,28,0
5423,28,0
5424,28,0
5425,28,0
5426,28,0
5427,28,0
5428,28,0
5429,28,0
5430,28,0
5431,28,0
5432,28,0
5433,28,0
5434,28,0
5435,28,0
5436,28,0
5437,28,0
5438,28,0
5439,28,0
5440,28,0
5441,28,0
5442,28,0
5443,28,0
5444,28,0
5445,28,0
5446,28,0
5447,28,0
5448,27,0
5449,27,0
5450,27,0
5451,27,0
5452,27,0
5453,27,0
5454,27,0
5455,27,0
5456,26,0
5457,26,0
5458,26,0
5459,26,0
5460,26,0
5461,26,0
5462,26,0
5463,26,0
5464,26,0
5465,26,0
5466,26,0
5467,26,0
5468,26,0
5469,26,0
5470,26,0
5471,27,0
5472,27,0
5473,27,0
5474,27,0
5475,27,0
5476,27,0
5477,27,0
5478,27,0
5479,27,0
5480,27,0
5481,27,0
5482,27,0
5483,27,0
5484,27,0
5485,27,0
5486,27,0
5487,27,0
5488,27,0
5489,27,0
5490,27,0
5491,27,0
5492,27,0
5493,27,0
5494,27,0
5495,27,0
5496,27,0
5497,27,0
5498,27,0
5499,27,0
5500,27,0
5501,27,0
5502,27,0
5503,27,0
5504,27,0
5505,27,0
5506,27,0
5507,27,0
5508,27,0
5509,27,0
5510,27,0
5511,27,0
5512,27,0
5513,27,0
5514,27,0
5515,27,0
5516,27,0
5517,27,0
5518,27,0
5519,27,0
5520,27,0
5521,27,0
5522,26,0
5523,26,0
5524,26,0
5525,26,0
5526,26,0
5527,26,0
5528,26,0
5529,26,0
5530,26,0
5531,26,0
5532,26,0
5533,26,0
5534,26,0
5535,26,0
5536,26,0
5537,25,0
5538,25,0
5539,25,0
5540,25,0
5541,25,0
5542,25,0
5543,25,0
5544,25,0
5545,25,0
5546,25,0
5547,25,0
5548,25,0
5549,25,0
5550,25,0
5551,25,0
5552,25,0
5553,25,0
5554,25,0
5555,25,0
5556,25,0
5557,25,0
5558,25,0
5559,25,0
5560,25,0
5561,25,0
5562,25,0
5563,25,0
5564,25,0
5565,25,0
5566,25,0
5567,25,0
5568,25,0
5569,25,0
5570,25,0
5571,26,0
5572,26,0
5573,26,0
5574,26,0
5575,26,0
5576,26,0
5577,26,0
5578,26,0
5579,26,0
5580,26,0
5581,26,0
5582,26,0
5583,26,0
5584,27,0
5585,27,0
5586,27,0
5587,27,0
5588,27,0
5589,27,0
5590,27,0
5591,28,0
5592,28,0
5593,28,0
5594,28,0
5595,28,0
5596,28,0
5597,28,0
5598,28,0
5599,28,0
5600,28,0
5601,28,0
5602,28,0
5603,28,0
5604,28,0
5605,28,0
5606,28,0
5607,28,0
5608,28,0
5609,28,0
5610,28,0
5611,28,0
5612,28,0
5613,28,0
5614,28,0
5615,28,0
5616,28,0
5617,28,0
5618,28,0
5619,28,0
5620,28,0
5621,28,0
5622,28,0
5623,28,0
5624,28,0
5625,28,0
5626,28,0
5627,28,0
5628,28,0
5629,28,0
5630,28,0
5631,28,0
5632,28,0
5633,28,0
5634,28,0
5635,28,0
5636,28,0
5637,28,0
5638,28,0
5639,28,0
5640,28,0
5641,28,0
5642,28,0
5643,28,0
5644,28,0
5645,28,0
5646,28,0
5647,28,0
5648,28,0
5649,28,0
5650,28,0
5651,28,0
5652,28,0
5653,28,0
5654,28,0
5655,28,0
5656,28,0
5657,28,0
5658,28,0
5659,28,0
5660,28,0
5661,28,0
5662,28,0
5663,28,0
5664,28,0
5665,28,0
5666,28,0
5667,28,0
5668,28,0
5669,28,0
5670,28,0
5671,28,0
5672,28,0
5673,28,0
5674,28,0
5675,28,0
5676,28,0
5677,28,0
5678,28,0
5679,28,0
5680,28,0
5681,28,0
5682,28,0
5683,28,0
5684,28,0
5685,28,0
5686,28,0
5687,28,0
5688,28,0
5689,28,0
5690,28,0
5691,28,0
5692,27,0
5693,27,0
5694,27,0
5695,27,0
5696,27,0
5697,27,0
5698,27,0
5699,27,0
5700,28,0
5701,28,0
5702,28,0
5703,28,0
5704,28,0
5705,28,0
5706,28,0
5707,28,0
5708,28,0
5709,28,0
5710,28,0
5711,28,0
5712,28,0
5713,28,0
5714,28,0
5715,28,0
5716,28,0
5717,28,0
5718,28,0
5719,28,0
5720,28,0
5721,28,0
5722,28,0
5723,28,0
5724,28,0
5725,28,0
5726,28,0
5727,28,0
5728,28,0
5729,28,0
5730,28,0
5731,28,0
5732,28,0
5733,28,0
5734,28,0
5735,28,0
5736,28,0
5737,28,0
5738,28,0
5739,28,0
5740,28,0
5741,28,0
5742,28,0
5743,28,0
5744,28,0
5745,28,0
5746,28,0
5747,28,0
5748,28,0
5749,28,0
5750,28,0
5751,28,0
5752,28,0
5753,28,0
5754,28,0
5755,28,0
5756,29,0
5757,29,0
5758,29,0
5759,29,0
5760,29,0
5761,29,0
5762,29,0
5763,29,0
5764,29,0
5765,29,0
5766,29,0
5767,29,0
5768,29,0
5769,29,0
5770,29,0
5771,29,0
5772,29,0
5773,28,0
5774,28,0
5775,28,0
5776,28,0
5777,28,0
5778,28,0
5779,28,0
5780,28,0
5781,28,0
5782,28,0
5783,28,0
5784,28,0
5785,28,0
5786,28,0
5787,28,0
5788,28,0
5789,28,0
5790,28,0
5791,28,0
5792,28,0
5793,28,0
5794,28,0
5795,28,0
5796,28,0
5797,28,0
5798,28,0
5799,28,0
5800,28,0
5801,28,0
5802,28,0
5803,28,0
5804,28,0
5805,28,0
5806,28,0
5807,28,0
5808,28,0
5809,28,0
5810,28,0
5811,28,0
5812,28,0
5813,28,0
5814,28,0
5815,28,0
5816,28,0
5817,28,0
5818,28,0
5819,28,0
5820,28,0
5821,28,0
5822,28,0
5823,28,0
5824,28,0
5825,28,0
5826,28,0
5827,28,0
5828,28,0
5829,28,0
5830,28,0
5831,28,0
5832,28,0
5833,28,0
5834,28,0
5835,28,0
5836,28,0
5837,28,0
5838,28,0
5839,28,0
5840,28,0
5841,28,0
5842,28,0
5843,28,0
5844,28,0
5845,28,0
5846,28,0
5847,28,0
5848,28,0
5849,28,0
5850,28,0
5851,28,0
5852,28,0
5853,28,0
5854,29,0
5855,29,0
5856,29,0
5857,29,0
5858,29,0
5859,29,0
5860,29,0
5861,29,0
5862,29,0
5863,29,0
5864,29,0
5865,29,0
5866,29,0
5867,29,0
5868,29,0
5869,29,0
5870,29,0
5871,29,0
5872,29,0
5873,29,0
5874,29,0
5875,29,0
5876,29,0
5877,29,0
5878,29,0
5879,29,0
5880,29,0
5881,29,0
5882,29,0
5883,28,0
5884,28,0
5885,28,0
5886,28,0
5887,28,0
5888,28,0
5889,29,1
5890,29,1
5891,29,1
5892,29,1
5893,28,1
5894,28,1
5895,28,1
5896,28,1
5897,28,1
5898,28,1
5899,28,1
5900,28,1
5901,28,1
5902,28,1
5903,28,1
5904,28,1
5905,28,1
5906,28,1
5907,28,1
5908,28,1
5909,28,1
5910,28,1
5911,28,1
5912,28,1
5913,28,1
5914,28,1
5915,28,1
5916,28,1
5917,28,1
5918,28,1
5919,28,1
5920,28,1
5921,28,1
5922,28,1
5923,28,1
5924,28,1
5925,28,1
5926,28,1
5927,28,1
5928,28,1
5929,28,1
5930,28,1
5931,28,1
5932,28,1
5933,28,1
5934,28,1
5935,28,1
5936,28,1
5937,28,1
5938,28,1
5939,28,1
5940,28,1
5941,28,1
5942,28,1
5943,28,1
5944,28,1
5945,28,1
5946,28,1
5947,28,1
5948,28,1
5949,28,1
5950,28,1
5951,28,1
5952,28,1
5953,28,1
5954,28,1
5955,28,1
5956,28,1
5957,28,1
5958,28,1
5959,27,1
5960,27,1
5961,27,1
5962,27,1
5963,27,1
5964,27,1
5965,27,1
5966,27,1
5967,27,1
5968,27,1
5969,27,1
5970,27,1
5971,27,1
5972,27,1
5973,27,1
5974,27,1
5975,27,1
5976,27,1
5977,27,1
5978,27,1
5979,27,1
5980,27,1
5981,27,1
5982,27,1
5983,27,1
5984,27,1
5985,28,1
5986,28,1
5987,28,1
5988,28,1
5989,28,1
5990,28,1
5991,28,1
5992,28,1
5993,28,1
5994,28,1
5995,28,1
5996,28,1
5997,28,1
5998,28,1
5999,28,1
6000,28,1
6001,28,1
6002,28,1
6003,28,1
6004,28,1
6005,28,1
6006,28,1
6007,28,1
6008,28,1
6009,28,1
6010,28,1
6011,28,1
6012,28,1
6013,28,1
6014,28,1
6015,28,1
6016,28,1
6017,28,1
6018,28,1
6019,28,1
6020,28,1
6021,28,1
6022,28,1
6023,28,1
6024,28,1
6025,28,1
6026,28,1
6027,28,1
6028,28,1
6029,28,1
6030,28,1
6031,28,1
6032,28,1
6033,28,1
6034,28,1
6035,28,1
6036,28,1
6037,28,1
6038,28,1
6039,28,1
6040,28,1
6041,28,1
6042,28,1
6043,28,1
6044,28,1
6045,28,1
6046,28,1
6047,28,1
6048,28,1
6049,28,1
6050,28,1
6051,28,1
6052,28,1
6053,28,1
6054,28,1
6055,28,1
6056,28,1
6057,28,1
6058,28,1
6059,28,1
6060,28,1
6061,28,1
6062,28,1
6063,28,1
6064,28,1
6065,28,1
6066,28,1
6067,28,1
6068,28,1
6069,28,1
6070,28,1
6071,28,1
6072,28,1
6073,28,1
6074,28,1
6075,28,1
6076,28,1
6077,28,1
6078,28,1
6079,28,1
6080,28,1
6081,28,1
6082,28,1
6083,28,1
6084,28,1
6085,28,1
6086,28,1
6087,28,1
6088,28,1
6089,28,1
6090,28,1
6091,28,1
6092,28,1
6093,28,1
6094,28,1
6095,28,1
6096,28,1
6097,28,1
6098,28,1
6099,28,1
6100,28,1
6101,28,1
6102,28,1
6103,28,1
6104,28,1
6105,28,1
6106,28,1
6107,28,1
6108,28,1
6109,28,1
6110,28,1
6111,28,1
6112,28,1
6113,28,1
6114,28,1
6115,28,1
6116,28,1
6117,28,1
6118,28,1
6119,28,1
6120,28,1
6121,28,1
6122,28,1
6123,28,1
6124,28,1
6125,28,1
6126,28,1
6127,28,1
6128,28,1
6129,28,1
6130,28,1
6131,28,1
6132,28,1
6133,27,1
6134,27,1
6135,27,1
6136,27,1
6137,27,1
6138,27,1
6139,27,1
6140,27,1
6141,27,1
6142,27,1
6143,27,1
6144,27,1
6145,27,1
6146,27,1
6147,27,1
6148,27,1
6149,27,1
6150,27,1
6151,27,1
6152,27,1
6153,27,1
6154,27,1
6155,27,1
6156,27,1
6157,27,1
6158,27,1
6159,27,1
6160,27,1
6161,27,1
6162,27,1
6163,27,1
6164,27,1
6165,27,1
6166,27,1
6167,27,1
6168,27,1
6169,27,1
6170,27,1
6171,27,1
6172,27,1
6173,27,1
6174,27,1
6175,27,1
6176,27,1
6177,27,1
6178,27,1
6179,27,1
6180,27,1
6181,27,1
6182,27,1
6183,27,1
6184,27,1
6185,27,1
6186,27,1
6187,27,1
6188,27,1
6189,27,1
6190,27,1
6191,27,1
6192,27,1
6193,27,1
6194,27,1
6195,27,1
6196,27,1
6197,27,1
6198,27,1
6199,27,1
6200,27,1
6201,27,1
6202,27,1
6203,27,1
6204,27,1
6205,27,1
6206,27,1
6207,27,1
6208,27,1
6209,27,1
6210,27,1
6211,27,1
6212,27,1
6213,27,1
6214,27,1
6215,27,1
6216,27,1
6217,27,1
6218,27,1
6219,27,1
6220,27,1
6221,27,1
6222,27,1
6223,27,1
6224,27,1
6225,27,1
6226,27,1
6227,27,1
6228,27,1
6229,27,1
6230,27,1
6231,27,1
6232,27,1
6233,27,1
6234,27,1
6235,27,1
6236,27,1
6237,27,1
6238,26,1
6239,26,1
6240,26,1
6241,26,1
6242,26,1
6243,26,1
6244,26,1
6245,26,1
6246,26,1
6247,26,1
6248,26,1
6249,26,1
6250,26,1
6251,26,1
6252,26,1
6253,26,1
6254,26,1
6255,27,1
6256,27,1
6257,27,1
6258,27,1
6259,27,1
6260,27,1
6261,27,1
6262,27,1
6263,27,1
6264,27,1
6265,27,1
6266,27,1
6267,27,1
6268,27,1
6269,27,1
6270,27,1
6271,27,1
6272,27,1
6273,27,1
6274,27,1
6275,27,1
6276,27,1
6277,27,1
6278,26,1
6279,26,1
6280,26,1
6281,26,1
6282,26,1
6283,26,1
6284,26,1
6285,26,1
6286,26,1
6287,26,1
6288,26,1
6289,26,1
6290,26,1
6291,26,1
6292,26,1
6293,26,1
6294,26,1
6295,26,1
6296,26,1
6297,26,1
6298,26,1
6299,26,1
6300,26,1
6301,26,1
6302,26,1
6303,26,1
6304,26,1
6305,26,1
6306,26,1
6307,26,1
6308,26,1
6309,26,1
6310,26,1
6311,26,1
6312,26,1
6313,26,1
6314,25,1
6315,25,1
6316,25,1
6317,25,1
6318,25,1
6319,25,1
6320,25,1
6321,25,1
6322,25,1
6323,25,1
6324,25,1
6325,25,1
6326,25,1
6327,25,1
6328,25,1
6329,25,1
6330,25,1
6331,25,1
6332,25,1
6333,25,1
6334,25,1
6335,25,1
6336,25,1
6337,25,1
6338,25,1
6339,25,1
6340,25,1
6341,25,1
6342,25,1
6343,25,1
6344,25,1
6345,25,1
6346,25,1
6347,25,1
6348,25,1
6349,25,1
6350,25,1
6351,25,1
6352,25,1
6353,25,1
6354,25,1
6355,25,1
6356,25,1
6357,25,1
6358,25,1
6359,25,1
6360,25,1
6361,25,1
6362,25,1
6363,25,1
6364,25,1
6365,25,1
6366,25,1
6367,25,1
6368,26,1
6369,26,1
6370,26,1
6371,26,1
6372,26,1
6373,26,1
6374,26,1
6375,26,1
6376,26,1
6377,26,1
6378,26,1
6379,26,1
6380,25,1
6381,25,1
6382,25,1
6383,25,1
6384,26,1
6385,26,1
6386,26,1
6387,26,1
6388,26,1
6389,26,1
6390,26,1
6391,26,1
6392,26,1
6393,26,1
6394,26,1
6395,26,1
6396,26,1
6397,26,1
6398,26,1
6399,26,1
6400,26,1
6401,26,1
6402,26,1
6403,26,1
6404,26,1
6405,26,1
6406,26,1
6407,26,1
6408,26,1
6409,26,1
6410,26,1
6411,26,1
6412,26,1
6413,26,1
6414,26,1
6415,26,1
6416,26,1
6417,26,1
6418,26,1
6419,26,1
6420,26,1
6421,26,1
6422,26,1
6423,26,1
6424,26,1
6425,26,1
6426,26,1
6427,26,1
6428,26,1
6429,26,1
6430,26,1
6431,26,1
6432,26,1
6433,26,1
6434,26,1
6435,26,1
6436,26,1
6437,26,1
6438,26,1
6439,25,1
6440,25,1
6441,25,1
6442,25,1
6443,25,1
6444,25,1
6445,25,1
6446,25,1
6447,25,1
6448,25,1
6449,25,1
6450,25,1
6451,25,1
6452,25,1
6453,25,1
6454,25,1
6455,25,1
6456,25,1
6457,25,1
6458,25,1
6459,25,1
6460,25,1
6461,25,1
6462,25,1
6463,25,1
6464,25,1
6465,25,1
6466,25,1
6467,25,1
6468,25,1
6469,25,1
6470,25,1
6471,25,1
6472,25,1
6473,25,1
6474,25,1
6475,25,1
6476,25,1
6477,25,1
6478,25,1
6479,25,1
6480,25,1
6481,25,1
6482,25,1
6483,25,1
6484,25,1
6485,25,1
6486,25,1
6487,25,1
6488,25,1
6489,25,1
6490,25,1
6491,25,1
6492,25,1
6493,25,1
6494,25,1
6495,25,1
6496,25,1
6497,25,1
6498,25,1
6499,25,1
6500,25,1
6501,25,1
6502,25,1
6503,25,1
6504,25,1
6505,25,1
6506,25,1
6507,25,1
6508,25,1
6509,25,1
6510,25,1
6511,25,1
6512,25,1
6513,25,1
6514,25,1
6515,24,1
6516,24,1
6517,24,1
6518,24,1
6519,24,1
6520,24,1
6521,24,1
6522,24,1
6523,24,1
6524,24,1
6525,24,1
6526,24,1
6527,24,1
6528,24,1
6529,24,1
6530,24,1
6531,24,1
6532,24,1
6533,24,1
6534,24,1
6535,24,1
6536,24,1
6537,24,1
6538,24,1
6539,24,1
6540,24,1
6541,24,1
6542,24,1
6543,24,1
6544,24,1
6545,24,1
6546,24,1
6547,24,1
6548,24,1
6549,24,1
6550,24,1
6551,24,1
6552,24,1
6553,24,1
6554,24,1
6555,24,1
6556,24,1
6557,24,1
6558,24,1
6559,24,1
6560,24,1
6561,24,1
6562,24,1
6563,24,1
6564,24,1
6565,24,1
6566,24,1
6567,24,1
6568,24,1
6569,24,1
6570,24,1
6571,24,1
6572,24,1
6573,24,1
6574,24,1
6575,24,1
6576,24,1
6577,24,1
6578,24,1
6579,24,1
6580,24,1
6581,24,1
6582,24,1
6583,24,1
6584,24,1
6585,24,1
6586,24,1
6587,24,1
6588,24,1
6589,24,1
6590,24,1
6591,24,1
6592,24,1
6593,24,1
6594,24,1
6595,24,1
6596,24,1
6597,24,1
6598,25,1
6599,26,1
6600,26,1
6601,26,1
6602,26,1
6603,26,1
6604,26,1
6605,26,1
6606,26,1
6607,26,1
6608,26,1
6609,26,1
6610,26,1
6611,26,1
6612,26,1
6613,26,1
6614,26,1
6615,26,1
6616,26,1
6617,26,1
6618,26,1
6619,26,1
6620,26,1
6621,26,1
6622,26,1
6623,26,1
6624,26,1
6625,26,1
6626,26,1
6627,26,1
6628,26,1
6629,26,1
6630,26,1
6631,26,1
6632,26,1
6633,26,1
6634,26,1
6635,26,1
6636,26,1
6637,26,1
6638,26,1
6639,26,1
6640,26,1
6641,26,1
6642,26,1
6643,26,1
6644,26,1
6645,26,1
6646,26,1
6647,26,1
6648,26,1
6649,26,1
6650,26,1
6651,26,1
6652,26,1
6653,26,1
6654,26,1
6655,26,1
6656,26,1
6657,26,1
6658,26,1
6659,26,1
6660,26,1
6661,26,1
6662,26,1
6663,26,1
6664,26,1
6665,26,1
6666,26,1
6667,26,1
6668,26,1
6669,26,1
6670,26,1
6671,26,1
6672,26,1
6673,26,1
6674,25,1
6675,25,1
6676,25,1
6677,25,1
6678,25,1
6679,25,1
6680,25,1
6681,25,1
6682,25,1
6683,26,1
6684,26,1
6685,26,1
6686,26,1
6687,26,1
6688,26,1
6689,26,1
6690,26,1
6691,26,1
6692,26,1
6693,26,1
6694,26,1
6695,26,1
6696,26,1
6697,26,1
6698,26,1
6699,26,1
6700,26,1
6701,26,1
6702,26,1
6703,26,1
6704,26,1
6705,26,1
6706,26,1
6707,26,1
6708,26,1
6709,26,1
6710,26,1
6711,26,1
6712,26,1
6713,26,1
6714,26,1
6715,26,1
6716,26,1
6717,26,1
6718,26,1
6719,26,1
6720,26,1
6721,26,1
6722,26,1
6723,26,1
6724,26,1
6725,26,1
6726,26,1
6727,26,1
6728,26,1
6729,26,1
6730,26,1
6731,26,1
6732,26,1
6733,26,1
6734,26,1
6735,26,1
6736,26,1
6737,26,1
6738,26,1
6739,26,1
6740,26,1
6741,26,1
6742,26,1
6743,26,1
6744,26,1
6745,26,1
6746,26,1
6747,26,1
6748,26,1
6749,26,1
6750,26,1
6751,26,1
6752,26,1
6753,26,1
6754,26,1
6755,26,1
6756,26,1
6757,26,1
6758,26,1
6759,26,1
6760,26,1
6761,26,1
6762,26,1
6763,26,1
6764,26,1
6765,26,1
6766,26,1
6767,26,1
6768,26,1
6769,26,1
6770,26,1
6771,26,1
6772,26,1
6773,26,1
6774,26,1
6775,26,1
6776,26,1
6777,26,1
6778,26,1
6779,26,1
6780,26,1
6781,26,1
6782,26,1
6783,26,1
6784,26,1
6785,26,1
6786,26,1
6787,26,1
6788,26,1
6789,26,1
6790,26,1
6791,26,1
6792,26,1
6793,26,1
6794,26,1
6795,26,1
6796,26,1
6797,26,1
6798,26,1
6799,26,1
6800,26,1
6801,26,1
6802,26,1
6803,26,1
6804,26,1
6805,26,1
6806,27,2
6807,27,2
6808,27,2
6809,27,2
6810,27,2
6811,27,2
6812,27,2
6813,27,2
6814,27,2
6815,27,2
6816,27,2
6817,27,2
6818,28,2
6819,28,2
6820,28,2
6821,28,2
6822,28,2
6823,28,2
6824,28,2
6825,28,2
6826,28,2
6827,28,2
6828,28,2
6829,28,2
6830,28,2
6831,28,2
6832,28,2
6833,28,2
6834,28,2
6835,28,2
6836,28,2
6837,28,2
6838,28,2
6839,28,2
6840,28,2
6841,28,2
6842,28,2
6843,28,2
6844,28,2
6845,28,2
6846,28,2
6847,28,2
6848,28,2
6849,28,2
6850,28,2
6851,28,2
6852,28,2
6853,28,2
6854,28,2
6855,28,2
6856,28,2
6857,28,2
6858,28,2
6859,28,2
6860,28,2
6861,28,2
6862,28,2
6863,28,2
6864,28,2
6865,28,2
6866,28,2
6867,28,2
6868,28,2
6869,28,2
6870,28,2
6871,28,2
6872,28,2
6873,28,2
6874,28,2
6875,28,2
6876,28,2
6877,28,2
6878,28,2
6879,28,2
6880,28,2
6881,28,2
6882,28,2
6883,28,2
6884,28,2
6885,28,2
6886,28,2
6887,28,2
6888,28,2
6889,28,2
6890,28,2
6891,28,2
6892,28,2
6893,28,2
6894,28,2
6895,28,2
6896,28,2
6897,28,2
6898,28,2
6899,28,2
6900,28,2
6901,28,2
6902,28,2
6903,28,2
6904,28,2
6905,28,2
6906,28,2
6907,28,2
6908,28,2
6909,28,2
6910,28,2
6911,28,2
6912,28,2
6913,28,2
6914,28,2
6915,28,2
6916,28,2
6917,28,2
6918,28,2
6919,28,2
6920,28,2
6921,28,2
6922,28,2
6923,28,2
6924,28,2
6925,28,2
6926,28,2
6927,28,2
6928,28,2
6929,28,2
6930,28,2
6931,28,2
6932,28,2
6933,28,2
6934,28,2
6935,28,2
6936,28,2
6937,28,2
6938,28,2
6939,28,2
6940,28,2
6941,28,2
6942,27,2
6943,27,2
6944,27,2
6945,27,2
6946,27,2
6947,27,2
6948,27,2
6949,27,2
6950,27,2
6951,27,2
6952,27,2
6953,27,2
6954,27,2
6955,27,2
6956,27,2
6957,27,2
6958,27,2
6959,28,2
6960,28,2
6961,28,2
6962,28,2
6963,28,2
6964,28,2
6965,28,2
6966,28,2
6967,28,2
6968,28,2
6969,28,2
6970,28,2
6971,28,2
6972,28,2
6973,28,2
6974,28,2
6975,28,2
6976,28,2
6977,28,2
6978,28,2
6979,28,2
6980,28,2
6981,28,2
6982,28,2
6983,28,2
6984,28,2
6985,28,2
6986,28,2
6987,28,2
6988,28,2
6989,28,2
6990,28,2
6991,28,2
6992,28,2
6993,28,2
6994,28,2
6995,28,2
6996,29,2
6997,29,2
6998,29,2
6999,29,2
7000,28,2
7001,28,2
7002,28,2
7003,28,2
7004,28,2
7005,28,2
7006,28,2
7007,28,2
7008,28,2
7009,28,2
7010,28,2
7011,28,2
7012,28,2
7013,28,2
7014,28,2
7015,28,2
7016,28,2
7017,28,2
7018,28,2
7019,28,2
7020,28,2
7021,28,2
7022,28,2
7023,28,2
7024,28,2
7025,28,2
7026,28,2
7027,28,2
7028,28,2
7029,28,2
7030,28,2
7031,28,2
7032,28,2
7033,28,2
7034,28,2
7035,28,2
7036,28,2
7037,28,2
7038,28,2
7039,28,2
7040,28,2
7041,28,2
7042,28,2
7043,28,2
7044,28,2
7045,28,2
7046,28,2
7047,28,2
7048,28,2
7049,28,2
7050,28,2
7051,28,2
7052,28,2
7053,27,2
7054,27,2
7055,27,2
7056,27,2
7057,27,2
7058,27,2
7059,27,2
7060,27,2
7061,27,2
7062,27,2
7063,27,2
7064,27,2
7065,27,2
7066,27,2
7067,27,2
7068,27,2
7069,27,2
7070,27,2
7071,27,2
7072,27,2
7073,27,2
7074,27,2
7075,27,2
7076,27,2
7077,27,2
7078,27,2
7079,27,2
7080,27,2
7081,27,2
7082,27,2
7083,27,2
7084,27,2
7085,27,2
7086,27,2
7087,27,2
7088,27,2
7089,27,2
7090,27,2
7091,27,2
7092,27,2
7093,27,2
7094,27,2
7095,27,2
7096,27,2
7097,27,2
7098,27,2
7099,27,2
7100,27,2
7101,27,2
7102,27,2
7103,27,2
7104,27,2
7105,27,2
7106,27,2
7107,27,2
7108,27,2
7109,27,2
7110,27,2
7111,27,2
7112,27,2
7113,27,2
7114,27,2
7115,27,2
7116,27,2
7117,27,2
7118,27,2
7119,27,2
7120,27,2
7121,27,2
7122,27,2
7123,27,2
7124,27,2
7125,27,2
7126,27,2
7127,27,2
7128,27,2
7129,27,2
7130,27,2
7131,27,2
7132,27,2
7133,27,2
7134,27,2
7135,27,2
7136,27,2
7137,27,2
7138,27,2
7139,27,2
7140,27,2
7141,27,2
7142,27,2
7143,27,2
7144,27,2
7145,27,2
7146,27,2
7147,27,2
7148,27,2
7149,27,2
7150,27,2
7151,27,2
7152,27,2
7153,27,2
7154,27,2
7155,27,2
7156,27,2
7157,27,2
7158,27,2
7159,27,2
7160,27,2
7161,27,2
7162,27,2
7163,27,2
7164,27,2
7165,27,2
7166,27,2
7167,27,2
7168,27,2
7169,27,2
7170,27,2
7171,27,2
7172,27,2
7173,27,2
7174,27,2
7175,27,2
7176,27,2
7177,27,2
7178,27,2
7179,27,2
7180,27,2
7181,27,2
7182,27,2
7183,27,2
7184,27,2
7185,27,2
7186,27,2
7187,26,2
7188,26,2
7189,26,2
7190,26,2
7191,26,2
7192,26,2
7193,26,2
7194,26,2
7195,26,2
7196,26,2
7197,26,2
7198,26,2
7199,26,2
7200,26,2
7201,26,2
7202,26,2
7203,26,2
7204,26,2
7205,26,2
7206,26,2
7207,26,2
7208,27,2
7209,27,2
7210,27,2
7211,27,2
7212,27,2
7213,27,2
7214,27,2
7215,27,2
7216,27,2
7217,27,2
7218,27,2
7219,27,2
7220,27,2
7221,27,2
7222,27,2
7223,27,2
7224,27,2
7225,27,2
7226,27,2
7227,27,2
7228,27,2
7229,27,2
7230,27,2
7231,27,2
7232,27,2
7233,27,2
7234,27,2
7235,27,2
7236,27,2
7237,27,2
7238,27,2
7239,27,2
7240,27,2
7241,27,2
7242,27,2
7243,27,2
7244,27,2
7245,27,2
7246,27,2
7247,27,2
7248,27,2
7249,27,2
7250,27,2
7251,27,2
7252,27,2
7253,27,2
7254,27,2
7255,27,2
7256,27,2
7257,27,2
7258,27,2
7259,27,2
7260,27,2
7261,27,2
7262,27,2
7263,27,2
7264,27,2
7265,27,2
7266,27,2
7267,26,2
7268,26,2
7269,26,2
7270,26,2
7271,26,2
7272,25,2
7273,25,2
7274,25,2
7275,25,2
7276,25,2
7277,25,2
7278,25,2
7279,25,2
7280,25,2
7281,25,2
7282,25,2
7283,25,2
7284,25,2
7285,25,2
7286,25,2
7287,25,2
7288,25,2
7289,25,2
7290,25,2
7291,25,2
7292,25,2
7293,25,2
7294,25,2
7295,25,2
7296,25,2
7297,25,2
7298,25,2
7299,25,2
7300,25,2
7301,25,2
7302,25,2
7303,25,2
7304,25,2
7305,24,2
7306,24,2
7307,24,2
7308,24,2
7309,24,2
7310,24,2
7311,24,2
7312,24,2
7313,24,2
7314,24,2
7315,24,2
7316,24,2
7317,24,2
7318,24,2
7319,24,2
7320,24,2
7321,24,2
7322,24,2
7323,24,2
7324,24,2
7325,24,2
7326,24,2
7327,24,2
7328,24,2
7329,24,2
7330,24,2
7331,24,2
7332,24,2
7333,24,2
7334,24,2
7335,24,2
7336,24,2
7337,24,2
7338,24,2
7339,24,2
7340,24,2
7341,24,2
7342,24,2
7343,24,2
7344,24,2
7345,24,2
7346,24,2
7347,24,2
7348,24,2
7349,24,2
7350,24,2
7351,24,2
7352,24,2
7353,24,2
7354,24,2
7355,24,2
7356,24,2
7357,24,2
7358,24,2
7359,24,2
7360,24,2
7361,24,2
7362,24,2
7363,24,2
7364,24,2
7365,24,2
7366,24,2
7367,24,2
7368,24,2
7369,24,2
7370,24,2
7371,23,2
7372,23,2
7373,23,2
7374,23,2
7375,23,2
7376,23,2
7377,23,2
7378,23,2
7379,23,2
7380,23,2
7381,23,2
7382,23,2
7383,23,2
7384,23,2
7385,23,2
7386,23,2
7387,23,2
7388,24,2
7389,24,2
7390,24,2
7391,24,2
7392,24,2
7393,24,2
7394,24,2
7395,24,2
7396,24,2
7397,24,2
7398,24,2
7399,24,2
7400,24,2
7401,24,2
7402,24,2
7403,24,2
7404,23,2
7405,23,2
7406,23,2
7407,23,2
7408,23,2
7409,23,2
7410,23,2
7411,23,2
7412,23,2
7413,23,2
7414,23,2
7415,23,2
7416,23,2
7417,23,2
7418,23,2
7419,23,2
7420,23,2
7421,23,2
7422,23,2
7423,23,2
7424,23,2
7425,23,2
7426,23,2
7427,23,2
7428,23,2
7429,23,2
7430,23,2
7431,23,2
7432,23,2
7433,23,2
7434,23,2
7435,23,2
7436,23,2
7437,23,2
7438,23,2
7439,23,2
7440,23,2
7441,23,2
7442,23,2
7443,23,2
7444,23,2
7445,23,2
7446,23,2
7447,23,2
7448,23,2
7449,23,2
7450,23,2
7451,23,2
7452,23,2
7453,23,2
7454,23,2
7455,23,2
7456,23,2
7457,23,2
7458,23,2
7459,23,2
7460,23,2
7461,23,2
7462,23,2
7463,23,2
7464,23,2
7465,23,2
7466,23,2
7467,23,2
7468,23,2
7469,23,2
7470,23,2
7471,23,2
7472,23,2
7473,23,2
7474,23,2
7475,23,2
7476,23,2
7477,23,2
7478,23,2
7479,24,2
7480,24,2
7481,24,2
7482,24,2
7483,24,2
7484,24,2
7485,24,2
7486,24,2
7487,24,2
7488,25,2
7489,25,2
7490,25,2
7491,25,2
7492,25,2
7493,25,2
7494,25,2
7495,25,2
7496,25,2
7497,25,2
7498,25,2
7499,25,2
7500,25,2
7501,25,2
7502,25,2
7503,25,2
7504,25,2
7505,25,2
7506,25,2
7507,25,2
7508,25,2
7509,25,2
7510,25,2
7511,25,2
7512,25,2
7513,25,2
7514,25,2
7515,26,2
7516,26,2
7517,26,2
7518,26,2
7519,26,2
7520,26,2
7521,26,2
7522,26,2
7523,26,2
7524,26,2
7525,26,2
7526,26,2
7527,27,2
7528,27,2
7529,27,2
7530,27,2
7531,27,2
7532,27,2
7533,27,2
7534,27,2
7535,27,2
7536,27,2
7537,27,2
7538,27,2
7539,27,2
7540,27,2
7541,27,2
7542,27,2
7543,27,2
7544,27,2
7545,27,2
7546,27,2
7547,27,2
7548,27,2
7549,27,2
7550,27,2
7551,27,2
7552,27,2
7553,27,2
7554,27,2
7555,27,2
7556,27,2
7557,27,2
7558,27,2
7559,27,2
7560,27,2
7561,27,2
7562,27,2
7563,27,2
7564,27,2
7565,27,2
7566,27,2
7567,27,2
7568,27,2
7569,27,2
7570,27,2
7571,27,2
7572,27,2
7573,27,2
7574,27,2
7575,27,2
7576,27,2
7577,27,2
7578,27,2
7579,27,2
7580,27,2
7581,27,2
7582,27,2
7583,27,2
7584,27,2
7585,27,2
7586,27,2
7587,27,2
7588,27,2
7589,27,2
7590,27,2
7591,27,2
7592,27,2
7593,27,2
7594,27,2
7595,27,2
7596,27,2
7597,27,2
7598,28,2
7599,28,2
7600,28,2
7601,28,2
7602,27,2
7603,27,2
7604,27,2
7605,27,2
7606,27,2
7607,27,2
7608,27,2
7609,27,2
7610,27,2
7611,27,2
7612,27,2
7613,28,2
7614,29,2
7615,29,2
7616,29,2
7617,29,2
7618,29,2
7619,30,2
7620,30,2
7621,30,2
7622,30,2
7623,30,2
7624,30,2
7625,30,2
7626,30,2
7627,30,2
7628,30,2
7629,30,2
7630,30,2
7631,30,2
7632,30,2
7633,30,2
7634,29,2
7635,29,2
7636,29,2
7637,29,2
7638,29,2
7639,29,2
7640,29,2
7641,29,2
7642,29,2
7643,29,2
7644,29,2
7645,29,2
7646,29,2
7647,29,2
7648,29,2
7649,29,2
7650,29,2
7651,29,2
7652,29,2
7653,29,2
7654,29,2
7655,29,2
7656,29,2
7657,29,2
7658,29,2
7659,29,2
7660,29,2
7661,29,2
7662,29,2
7663,29,2
7664,29,2
7665,29,2
7666,29,2
7667,29,2
7668,29,2
7669,29,2
7670,29,2
7671,29,2
7672,29,2
7673,29,2
7674,29,2
7675,29,2
7676,29,2
7677,29,2
7678,29,2
7679,29,2
7680,29,2
7681,29,2
7682,29,2
7683,29,2
7684,29,2
7685,29,2
7686,29,2
7687,29,2
7688,29,2
7689,29,2
7690,29,2
7691,29,2
7692,29,2
7693,29,2
7694,29,2
7695,29,2
7696,29,2
7697,29,2
7698,30,2
7699,30,2
7700,30,2
7701,29,2
7702,29,2
7703,29,2
7704,29,2
7705,29,2
7706,29,2
7707,29,2
7708,29,2
7709,29,2
7710,29,2
7711,29,2
7712,29,2
7713,29,2
7714,29,2
7715,29,2
7716,29,2
7717,29,2
7718,29,2
7719,29,2
7720,29,2
7721,29,2
7722,29,2
7723,29,2
7724,29,2
7725,29,2
7726,29,2
7727,29,2
7728,29,2
7729,29,2
7730,29,2
7731,29,2
7732,29,2
7733,29,2
7734,29,2
7735,29,2
7736,29,2
7737,29,2
7738,29,2
7739,29,2
7740,29,2
7741,29,2
7742,29,2
7743,29,2
7744,29,2
7745,29,2
7746,29,2
7747,29,2
7748,29,2
7749,29,2
7750,29,2
7751,29,2
7752,29,2
7753,30,2
7754,30,2
7755,30,2
7756,30,2
7757,30,2
7758,30,2
7759,31,2
7760,31,2
7761,31,2
7762,31,2
7763,31,2
7764,31,2
7765,31,2
7766,31,2
7767,30,2
7768,30,2
7769,30,2
7770,30,2
7771,30,2
7772,30,2
7773,30,2
7774,30,2
7775,30,2
7776,30,2
7777,30,2
7778,30,2
7779,30,2
7780,30,2
7781,30,2
7782,30,2
7783,30,2
7784,30,2
7785,30,2
7786,30,2
7787,30,2
7788,30,2
7789,30,2
7790,30,2
7791,30,2
7792,31,2
7793,31,2
7794,31,2
7795,31,2
7796,31,2
7797,31,2
7798,31,2
7799,31,2
7800,31,2
7801,31,2
7802,31,2
7803,31,2
7804,31,2
7805,31,2
7806,31,2
7807,31,2
7808,31,2
7809,31,2
7810,31,2
7811,31,2
7812,31,2
7813,31,2
7814,31,2
7815,31,2
7816,31,2
7817,31,2
7818,31,2
7819,31,2
7820,31,2
7821,31,2
7822,31,2
7823,31,2
7824,31,2
7825,31,2
7826,31,2
7827,31,2
7828,31,2
7829,31,2
7830,31,2
7831,31,2
7832,31,2
7833,31,2
7834,31,2
7835,31,2
7836,30,2
7837,30,2
7838,30,2
7839,30,2
7840,30,2
7841,30,2
7842,30,2
7843,30,2
7844,30,2
7845,30,2
7846,30,2
7847,30,2
7848,30,2
7849,30,2
7850,30,2
7851,30,2
7852,30,2
7853,30,2
7854,30,2
7855,30,2
7856,30,2
7857,30,2
7858,30,2
7859,30,2
7860,30,2
7861,30,2
7862,29,2
7863,29,2
7864,29,2
7865,29,2
7866,29,2
7867,29,2
7868,29,2
7869,29,2
7870,29,2
7871,29,2
7872,29,2
7873,29,2
7874,29,2
7875,29,2
7876,29,2
7877,29,2
7878,29,2
7879,29,2
7880,29,2
7881,29,2
7882,29,2
7883,29,2
7884,29,2
7885,29,2
7886,29,2
7887,29,2
7888,29,2
7889,29,2
7890,29,2
7891,29,2
7892,29,2
7893,29,2
7894,30,2
7895,30,2
7896,30,2
7897,30,2
7898,30,2
7899,30,2
7900,30,2
7901,30,2
7902,30,2
7903,30,2
7904,30,2
7905,30,2
7906,30,2
7907,30,2
7908,30,2
7909,30,2
7910,30,2
7911,30,2
7912,30,2
7913,30,2
7914,30,2
7915,30,2
7916,30,2
7917,30,2
7918,30,2
7919,30,2
7920,30,2
7921,30,2
7922,30,2
7923,30,2
7924,30,2
7925,30,2
7926,30,2
7927,30,2
7928,30,2
7929,30,2
7930,30,2
7931,30,2
7932,30,2
7933,30,2
7934,30,2
7935,30,2
7936,30,2
7937,30,2
7938,30,2
7939,30,2
7940,30,2
7941,30,2
7942,30,2
7943,30,2
7944,30,2
7945,30,2
7946,30,2
7947,30,2
7948,30,2
7949,30,2
7950,30,2
7951,30,2
7952,30,2
7953,30,2
7954,30,2
7955,30,2
7956,30,2
7957,30,2
7958,30,2
7959,30,2
7960,30,2
7961,29,1
7962,29,1
7963,29,1
7964,29,1
7965,29,1
7966,29,1
7967,29,1
7968,29,1
7969,29,1
7970,29,1
7971,29,1
7972,29,1
7973,29,1
7974,29,1
7975,29,1
7976,29,1
7977,29,1
7978,30,1
7979,30,1
7980,30,1
7981,30,1
7982,30,1
7983,30,1
7984,30,1
7985,30,1
7986,30,1
7987,30,1
7988,30,1
7989,30,1
7990,30,1
7991,30,1
7992,30,1
7993,30,1
7994,30,1
7995,30,1
7996,30,1
7997,30,1
7998,30,1
7999,30,1
8000,30,1
8001,30,1
8002,30,1
8003,30,1
8004,30,1
8005,30,1
8006,30,1
8007,30,1
8008,30,1
8009,30,1
8010,30,1
8011,30,1
8012,30,1
8013,30,1
8014,30,1
8015,30,1
8016,30,1
8017,30,1
8018,30,1
8019,30,1
8020,30,1
8021,30,1
8022,30,1
8023,30,1
8024,30,1
8025,30,1
8026,30,1
8027,30,1
8028,30,1
8029,30,1
8030,30,1
8031,30,1
8032,30,1
8033,30,1
8034,30,1
8035,30,1
8036,30,1
8037,30,1
8038,30,1
8039,30,1
8040,30,1
8041,30,1
8042,30,1
8043,30,1
8044,30,1
8045,30,1
8046,30,1
8047,30,1
8048,30,1
8049,30,1
8050,31,1
8051,31,1
8052,31,1
8053,31,1
8054,31,1
8055,31,1
8056,31,1
8057,31,1
8058,31,1
8059,31,1
8060,31,1
8061,31,1
8062,31,1
8063,31,1
8064,30,1
8065,30,1
8066,30,1
8067,30,1
8068,30,1
8069,30,1
8070,30,1
8071,30,1
8072,30,1
8073,30,1
8074,30,1
8075,30,1
8076,30,1
8077,30,1
8078,30,1
8079,30,1
8080,30,1
8081,30,1
8082,30,1
8083,30,1
8084,30,1
8085,30,1
8086,30,1
8087,30,1
8088,30,1
8089,30,1
8090,30,1
8091,30,1
8092,30,1
8093,30,1
8094,30,1
8095,30,1
8096,30,1
8097,30,1
8098,30,1
8099,30,1
8100,30,1
8101,30,1
8102,30,1
8103,30,1
8104,30,1
8105,30,1
8106,30,1
8107,30,1
8108,30,1
8109,30,1
8110,30,1
8111,30,1
8112,30,1
8113,30,1
8114,30,1
8115,30,1
8116,30,1
8117,30,1
8118,30,1
8119,30,1
8120,30,1
8121,30,1
8122,30,1
8123,30,1
8124,30,1
8125,30,1
8126,30,1
8127,30,1
8128,30,1
8129,30,1
8130,30,1
8131,30,1
8132,30,1
8133,30,1
8134,30,1
8135,30,1
8136,30,1
8137,30,1
8138,30,1
8139,30,1
8140,30,1
8141,30,1
8142,30,1
8143,30,1
8144,30,1
8145,30,1
8146,30,1
8147,30,1
8148,30,1
8149,31,1
8150,31,1
8151,31,1
8152,31,1
8153,31,1
8154,31,1
8155,31,1
8156,31,1
8157,31,1
8158,31,1
8159,31,1
8160,31,1
8161,31,1
8162,31,1
8163,30,1
8164,29,1
8165,29,1
8166,29,1
8167,29,1
8168,29,1
8169,30,1
8170,29,0
8171,29,0
8172,29,0
8173,29,0
8174,29,0
8175,29,0
8176,29,0
8177,29,0
8178,29,0
8179,29,0
8180,29,0
8181,29,0
8182,29,0
8183,29,0
8184,29,0
8185,29,0
8186,29,0
8187,29,0
8188,29,0
8189,29,0
8190,29,0
8191,29,0
8192,29,0
8193,29,0
8194,29,0
8195,30,0
8196,30,0
8197,30,0
8198,30,0
8199,30,0
8200,30,0
8201,30,0
8202,30,0
8203,30,0
8204,30,0
8205,30,0
8206,30,0
8207,30,0
8208,30,0
8209,30,0
8210,30,0
8211,30,0
8212,30,0
8213,30,0
8214,30,0
8215,30,0
8216,30,0
8217,30,0
8218,30,0
8219,30,0
8220,30,0
8221,30,0
8222,30,0
8223,30,0
8224,30,0
8225,30,0
8226,30,0
8227,30,0
8228,30,0
8229,30,0
8230,30,0
8231,30,0
8232,30,0
8233,30,0
8234,30,0
8235,30,0
8236,30,0
8237,30,0
8238,30,0
8239,30,0
8240,30,0
8241,30,0
8242,30,0
8243,30,0
8244,30,0
8245,30,0
8246,30,0
8247,30,0
8248,30,0
8249,30,0
8250,30,0
8251,30,0
8252,30,0
8253,30,0
8254,30,0
8255,30,0
8256,30,0
8257,30,0
8258,30,0
8259,30,0
8260,30,0
8261,30,0
8262,30,0
8263,30,0
8264,30,0
8265,30,0
8266,30,0
8267,30,0
8268,30,0
8269,30,0
8270,30,0
8271,30,0
8272,30,0
8273,30,0
8274,30,0
8275,30,0
8276,30,0
8277,30,0
8278,30,0
8279,30,0
8280,30,0
8281,30,0
8282,30,0
8283,30,0
8284,30,0
8285,30,0
8286,30,0
8287,30,0
8288,30,0
8289,30,0
8290,30,0
8291,30,0
8292,30,0
8293,30,0
8294,30,0
8295,30,0
8296,30,0
8297,30,0
8298,30,0
8299,30,0
8300,30,0
8301,30,0
8302,30,0
8303,30,0
8304,29,0
8305,29,0
8306,29,0
8307,29,0
8308,30,0
8309,30,0
8310,30,0
8311,30,0
8312,31,0
8313,31,0
8314,31,0
8315,31,0
8316,31,0
8317,31,0
8318,31,0
8319,31,0
8320,31,0
8321,31,0
8322,31,0
8323,32,0
8324,32,0
8325,32,0
8326,32,0
8327,32,0
8328,31,0
8329,31,0
8330,31,0
8331,31,0
8332,31,0
8333,31,0
8334,31,0
8335,31,0
8336,31,0
8337,31,0
8338,32,0
8339,32,0
8340,32,0
8341,32,0
8342,32,0
8343,32,0
8344,32,0
8345,33,0
8346,33,0
8347,33,0
8348,33,0
8349,33,0
8350,33,0
8351,33,0
8352,33,0
8353,33,0
8354,33,0
8355,33,0
8356,33,0
8357,33,0
8358,33,0
8359,33,0
8360,33,0
8361,33,0
8362,33,0
8363,33,0
8364,33,0
8365,33,0
8366,34,0
8367,34,0
8368,34,0
8369,34,0
8370,34,0
8371,34,0
8372,34,0
8373,34,0
8374,34,0
8375,34,0
8376,34,0
8377,34,0
8378,34,0
8379,34,0
8380,34,0
8381,34,0
8382,34,0
8383,34,0
8384,34,0
8385,34,0
8386,34,0
8387,34,0
8388,34,0
8389,34,0
8390,34,0
8391,34,0
8392,34,0
8393,34,0
8394,33,0
8395,33,0
8396,33,0
8397,33,0
8398,33,0
8399,33,0
8400,33,0
8401,33,0
8402,33,0
8403,33,0
8404,33,0
8405,33,0
8406,33,0
8407,33,0
8408,33,0
8409,33,0
8410,33,0
8411,33,0
8412,33,0
8413,33,0
8414,33,0
8415,33,0
8416,33,0
8417,33,0
8418,33,0
8419,33,0
8420,33,0
8421,33,0
8422,33,0
8423,33,0
8424,33,0
8425,33,0
8426,33,0
8427,33,0
8428,33,0
8429,33,0
8430,33,0
8431,33,0
8432,33,0
8433,33,0
8434,33,0
8435,33,0
8436,33,0
8437,33,0
8438,33,0
8439,33,0
8440,33,0
8441,33,0
8442,33,0
8443,33,0
8444,33,0
8445,33,0
8446,34,0
8447,34,0
8448,34,0
8449,34,0
8450,34,0
8451,34,0
8452,34,0
8453,34,0
8454,34,0
8455,34,0
8456,34,0
8457,34,0
8458,34,0
8459,34,0
8460,33,0
8461,33,0
8462,33,0
8463,33,0
8464,33,0
8465,33,0
8466,33,0
8467,33,0
8468,33,0
8469,33,0
8470,33,0
8471,33,0
8472,33,0
8473,33,0
8474,33,0
8475,33,0
8476,33,0
8477,33,0
8478,33,0
8479,32,0
8480,32,0
8481,32,0
8482,32,0
8483,32,0
8484,32,0
8485,32,0
8486,32,0
8487,32,0
8488,32,0
8489,32,0
8490,32,0
8491,32,0
8492,32,0
8493,31,0
8494,31,0
8495,31,0
8496,31,0
8497,31,0
8498,31,0
8499,31,0
8500,31,0
8501,31,0
8502,31,0
8503,31,0
8504,31,0
8505,31,0
8506,31,0
8507,31,0
8508,31,0
8509,31,0
8510,31,0
8511,31,0
8512,31,0
8513,31,0
8514,31,0
8515,31,0
8516,31,0
8517,31,0
8518,31,0
8519,31,0
8520,31,0
8521,31,0
8522,31,0
8523,31,0
8524,31,0
8525,31,0
8526,31,0
8527,31,0
8528,31,0
8529,31,0
8530,31,0
8531,31,0
8532,31,0
8533,31,0
8534,31,0
8535,31,0
8536,31,0
8537,31,0
8538,31,0
8539,31,0
8540,31,0
8541,31,0
8542,31,0
8543,31,0
8544,31,0
8545,30,0
8546,30,0
8547,30,0
8548,30,0
8549,30,0
8550,30,0
8551,30,0
8552,30,0
8553,30,0
8554,30,0
8555,30,0
8556,30,0
8557,30,0
8558,30,0
8559,30,0
8560,30,0
8561,30,0
8562,30,0
8563,30,0
8564,30,0
8565,29,0
8566,29,0
8567,29,0
8568,29,0
8569,29,0
8570,29,0
8571,29,0
8572,29,0
8573,29,0
8574,29,0
8575,29,0
8576,29,0
8577,30,0
8578,30,0
8579,30,0
8580,30,0
8581,31,0
8582,31,0
8583,31,0
8584,31,0
8585,31,0
8586,31,0
8587,31,0
8588,31,0
8589,31,0
8590,31,0
8591,31,0
8592,31,0
8593,31,0
8594,31,0
8595,31,0
8596,31,0
8597,31,0
8598,31,0
8599,31,0
8600,31,0
8601,31,0
8602,31,0
8603,31,0
8604,31,0
8605,31,0
8606,31,0
8607,31,0
8608,31,0
8609,31,0
8610,31,0
8611,31,0
8612,31,0
8613,31,0
8614,31,0
8615,31,0
8616,31,0
8617,31,0
8618,31,0
8619,31,0
8620,31,0
8621,31,0
8622,31,0
8623,31,0
8624,31,0
8625,31,0
8626,31,0
8627,31,0
8628,31,0
8629,31,0
8630,31,0
8631,30,0
8632,30,0
8633,30,0
8634,30,0
8635,30,0
8636,30,0
8637,30,0
8638,30,0
8639,30,0
8640,30,0
8641,30,0
8642,30,0
8643,30,0
8644,30,0
8645,30,0
8646,29,0
8647,29,0
8648,29,0
8649,29,0
8650,29,0
8651,29,0
8652,30,0
8653,30,0
8654,30,0
8655,30,0
8656,30,0
8657,30,0
8658,29,0
8659,29,0
8660,29,0
8661,29,0
8662,29,0
8663,29,0
8664,29,0
8665,29,0
8666,29,0
8667,29,0
8668,29,0
8669,29,0
8670,29,0
8671,29,0
8672,29,0
8673,29,0
8674,29,0
8675,29,0
8676,29,0
8677,29,0
8678,29,0
8679,29,0
8680,29,0
8681,29,0
8682,29,0
8683,29,0
8684,29,0
8685,29,0
8686,29,0
8687,29,0
8688,29,0
8689,29,0
8690,29,0
8691,28,0
8692,28,0
8693,28,0
8694,28,0
8695,28,0
8696,28,0
8697,28,0
8698,28,0
8699,28,0
8700,28,0
8701,28,0
8702,28,0
8703,28,0
8704,28,0
8705,28,0
8706,28,0
8707,28,0
8708,28,0
8709,28,0
8710,28,0
8711,28,0
8712,28,0
8713,28,0
8714,28,0
8715,28,0
8716,28,0
8717,28,0
8718,28,0
8719,28,0
8720,28,0
8721,28,0
8722,28,0
8723,28,0
8724,28,0
8725,28,0
8726,28,0
8727,28,0
8728,28,0
8729,29,0
8730,29,0
8731,29,0
8732,29,0
8733,29,0
8734,30,0
8735,30,0
8736,30,0
8737,30,0
8738,30,0
8739,30,0
8740,31,0
8741,32,0
8742,32,0
8743,32,0
8744,32,0
8745,32,0
8746,32,0
8747,32,0
8748,32,0
8749,32,0
8750,32,0
8751,32,0
8752,32,0
8753,32,0
8754,32,0
8755,33,0
8756,33,0
8757,33,0
8758,33,0
8759,33,0
8760,33,0
8761,33,0
8762,33,0
8763,33,0
8764,33,0
8765,33,0
8766,33,0
8767,33,0
8768,33,0
8769,33,0
8770,33,0
8771,33,0
8772,33,0
8773,33,0
8774,33,0
8775,33,0
8776,33,0
8777,33,0
8778,33,0
8779,33,0
8780,33,0
8781,33,0
8782,33,0
8783,33,0
8784,33,0
8785,33,0
8786,33,0
8787,33,0
8788,33,0
8789,33,0
8790,32,0
8791,32,0
8792,32,0
8793,32,0
8794,32,0
8795,32,0
8796,32,0
8797,32,0
8798,32,0
8799,31,0
8800,31,0
8801,31,0
8802,31,0
8803,31,0
8804,31,0
8805,31,0
8806,31,0
8807,31,0
8808,31,0
8809,31,0
8810,31,0
8811,31,0
8812,31,0
8813,31,0
8814,31,0
8815,32,0
8816,32,0
8817,32,0
8818,32,0
8819,32,0
8820,32,0
8821,32,0
8822,32,0
8823,32,0
8824,32,0
8825,32,0
8826,32,0
8827,32,0
8828,32,0
8829,32,0
8830,32,0
8831,32,0
8832,32,0
8833,32,0
8834,32,0
8835,32,0
8836,32,0
8837,32,0
8838,32,0
8839,32,0
8840,32,0
8841,32,0
8842,32,0
8843,32,0
8844,32,0
8845,32,0
8846,32,0
8847,31,0
8848,31,0
8849,31,0
8850,31,0
8851,31,0
8852,31,0
8853,31,0
8854,31,0
8855,31,0
8856,30,0
8857,30,0
8858,30,0
8859,30,0
8860,30,0
8861,30,0
8862,30,0
8863,30,0
8864,30,0
8865,30,0
8866,30,0
8867,30,0
8868,30,0
8869,30,0
8870,30,0
8871,30,0
8872,30,0
8873,30,0
8874,30,0
8875,30,0
8876,30,0
8877,30,0
8878,30,0
8879,30,0
8880,30,0
8881,30,0
8882,30,0
8883,30,0
8884,30,0
8885,30,0
8886,30,0
8887,30,0
8888,30,0
8889,30,0
8890,30,0
8891,30,0
8892,30,0
8893,31,0
8894,31,0
8895,31,0
8896,31,0
8897,31,0
8898,31,0
8899,31,0
8900,32,0
8901,31,0
8902,31,0
8903,31,0
8904,31,0
8905,31,0
8906,31,0
8907,31,0
8908,31,0
8909,31,0
8910,31,0
8911,31,0
8912,31,0
8913,31,0
8914,31,0
8915,31,0
8916,31,0
8917,32,0
8918,32,0
8919,32,0
8920,32,0
8921,32,0
8922,31,0
8923,31,0
8924,31,0
8925,31,0
8926,31,0
8927,31,0
8928,31,0
8929,31,0
8930,31,0
8931,31,0
8932,31,0
8933,31,0
8934,30,0
8935,30,0
8936,30,0
8937,30,0
8938,30,0
8939,30,0
8940,30,0
8941,30,0
8942,30,0
8943,30,0
8944,30,0
8945,30,0
8946,30,0
8947,30,0
8948,30,0
8949,30,0
8950,30,0
8951,30,0
8952,30,0
8953,30,0
8954,30,0
8955,30,0
8956,30,0
8957,30,0
8958,30,0
8959,31,0
8960,31,0
8961,31,0
8962,31,0
8963,31,0
8964,31,0
8965,31,0
8966,31,0
8967,31,0
8968,31,0
8969,31,0
8970,31,0
8971,31,0
8972,31,0
8973,31,0
8974,31,0
8975,31,0
8976,31,0
8977,31,0
8978,31,0
8979,31,0
8980,31,0
8981,31,0
8982,31,0
8983,31,0
8984,31,0
8985,31,0
8986,31,0
8987,31,0
8988,31,0
8989,31,0
8990,31,0
8991,31,0
8992,31,0
8993,31,0
8994,31,0
8995,31,0
8996,31,0
8997,31,0
8998,31,0
8999,31,0
9000,31,0
9001,31,0
9002,31,0
9003,31,0
9004,31,0
9005,31,0
9006,31,0
9007,31,0
9008,31,0
9009,31,0
9010,31,0
9011,31,0
9012,31,0
9013,31,0
9014,31,0
9015,31,0
9016,31,0
9017,31,0
9018,31,0
9019,31,0
9020,31,0
9021,31,0
9022,31,0
9023,31,0
9024,31,0
9025,31,0
9026,31,0
9027,31,0
9028,31,0
9029,31,0
9030,31,0
9031,31,0
9032,31,0
9033,31,0
9034,31,0
9035,31,0
9036,31,0
9037,31,0
9038,31,0
9039,31,0
9040,31,0
9041,31,0
9042,31,0
9043,31,0
9044,31,0
9045,31,0
9046,31,0
9047,31,0
9048,31,0
9049,31,0
9050,31,0
9051,31,0
9052,31,0
9053,31,0
9054,31,0
9055,31,0
9056,31,0
9057,31,0
9058,31,0
9059,32,0
9060,32,0
9061,32,0
9062,32,0
9063,32,0
9064,32,0
9065,32,0
9066,32,0
9067,32,0
9068,32,0
9069,32,0
9070,32,0
9071,32,0
9072,32,0
9073,32,0
9074,32,0
9075,32,0
9076,32,0
9077,32,0
9078,32,0
9079,32,0
9080,32,0
9081,32,0
9082,32,0
9083,32,0
9084,32,0
9085,32,0
9086,32,0
9087,32,0
9088,32,0
9089,32,0
9090,33,0
9091,33,0
9092,33,0
9093,33,0
9094,33,0
9095,33,0
9096,32,0
9097,32,0
9098,32,0
9099,32,0
9100,32,0
9101,32,0
9102,32,0
9103,32,0
9104,32,0
9105,32,0
9106,32,0
9107,32,0
9108,32,0
9109,32,0
9110,32,0
9111,32,0
9112,32,0
9113,32,0
9114,31,0
9115,31,0
9116,31,0
9117,31,0
9118,31,0
9119,31,0
9120,30,0
9121,30,0
9122,30,0
9123,30,0
9124,30,0
9125,30,0
9126,30,0
9127,30,0
9128,30,0
9129,29,0
9130,29,0
9131,29,0
9132,29,0
9133,29,0
9134,29,0
9135,29,0
9136,29,0
9137,29,0
9138,29,0
9139,29,0
9140,29,0
9141,29,0
9142,29,0
9143,29,0
9144,29,0
9145,29,0
9146,29,0
9147,29,0
9148,29,0
9149,29,0
9150,29,0
9151,29,0
9152,29,0
9153,29,0
9154,29,0
9155,29,0
9156,29,0
9157,29,0
9158,29,0
9159,29,0
9160,29,0
9161,29,0
9162,29,0
9163,29,0
9164,29,0
9165,29,0
9166,29,0
9167,29,0
9168,29,0
9169,29,0
9170,29,0
9171,29,0
9172,29,0
9173,29,0
9174,29,0
9175,29,0
9176,29,0
9177,29,0
9178,29,0
9179,29,0
9180,29,0
9181,29,0
9182,29,0
9183,29,0
9184,29,0
9185,29,0
9186,29,0
9187,29,0
9188,29,0
9189,29,0
9190,29,0
9191,29,0
9192,29,0
9193,29,0
9194,29,0
9195,29,0
9196,29,0
9197,29,0
9198,29,0
9199,29,0
9200,29,0
9201,29,0
9202,29,0
9203,29,0
9204,29,0
9205,29,0
9206,29,0
9207,29,0
9208,29,0
9209,29,0
9210,29,0
9211,29,0
9212,29,0
9213,29,0
9214,29,0
9215,29,0
9216,29,0
9217,29,0
9218,29,0
9219,29,0
9220,29,0
9221,29,0
9222,29,0
9223,29,0
9224,29,0
9225,29,0
9226,29,0
9227,29,0
9228,29,0
9229,29,0
9230,28,0
9231,28,0
9232,28,0
9233,28,0
9234,28,0
9235,28,0
9236,28,0
9237,28,0
9238,28,0
9239,28,0
9240,28,0
9241,28,0
9242,28,0
9243,28,0
9244,28,0
9245,28,0
9246,28,0
9247,28,0
9248,28,0
9249,28,0
9250,28,0
9251,28,0
9252,28,0
9253,28,0
9254,28,0
9255,28,0
9256,28,0
9257,28,0
9258,28,0
9259,28,0
9260,28,0
9261,28,0
9262,28,0
9263,28,0
9264,28,0
9265,28,0
9266,28,0
9267,28,0
9268,28,0
9269,28,0
9270,28,0
9271,28,0
9272,28,0
9273,28,0
9274,28,0
9275,28,0
9276,28,0
9277,28,0
9278,28,0
9279,28,0
9280,28,0
9281,28,0
9282,28,0
9283,28,0
9284,28,0
9285,28,0
9286,28,0
9287,28,0
9288,28,0
9289,28,0
9290,28,0
9291,28,0
9292,28,0
9293,28,0
9294,28,0
9295,28,0
9296,28,0
9297,28,0
9298,28,0
9299,28,0
9300,28,0
9301,28,0
9302,28,0
9303,28,0
9304,28,0
9305,28,0
9306,28,0
9307,28,0
9308,28,0
9309,28,0
9310,28,0
9311,28,0
9312,28,0
9313,28,0
9314,28,0
9315,28,0
9316,28,0
9317,28,0
9318,28,0
9319,28,0
9320,28,0
9321,28,0
9322,28,0
9323,28,0
9324,28,0
9325,28,0
9326,28,0
9327,28,0
9328,28,0
9329,28,0
9330,28,0
9331,28,0
9332,28,0
9333,28,0
9334,28,0
9335,29,0
9336,29,0
9337,30,0
9338,30,0
9339,30,0
9340,30,0
9341,30,0
9342,30,0
9343,30,0
9344,30,0
9345,30,0
9346,30,0
9347,30,0
9348,30,0
9349,30,0
9350,29,0
9351,29,0
9352,29,0
9353,29,0
9354,29,0
9355,29,0
9356,29,0
9357,29,0
9358,29,0
9359,29,0
9360,29,0
9361,29,0
9362,29,0
9363,29,0
9364,29,0
9365,29,0
9366,29,0
9367,29,0
9368,29,0
9369,29,0
9370,29,0
9371,29,0
9372,29,0
9373,29,0
9374,29,0
9375,29,0
9376,29,0
9377,29,0
9378,29,0
9379,29,0
9380,29,0
9381,29,0
9382,29,0
9383,28,0
9384,28,0
9385,28,0
9386,28,0
9387,28,0
9388,28,0
9389,28,0
9390,28,0
9391,28,0
9392,28,0
9393,28,0
9394,28,0
9395,28,0
9396,28,0
9397,28,0
9398,28,0
9399,28,0
9400,28,0
9401,28,0
9402,28,0
9403,28,0
9404,28,0
9405,28,0
9406,28,0
9407,28,0
9408,28,0
9409,28,0
9410,28,0
9411,28,0
9412,28,0
9413,28,0
9414,28,0
9415,28,0
9416,27,0
9417,27,0
9418,27,0
9419,27,0
9420,27,0
9421,27,0
9422,27,0
9423,27,0
9424,27,0
9425,27,0
9426,27,0
9427,27,0
9428,27,0
9429,27,0
9430,27,0
9431,27,0
9432,27,0
9433,27,0
9434,27,0
9435,27,0
9436,27,0
9437,27,0
9438,27,0
9439,27,0
9440,27,0
9441,27,0
9442,27,0
9443,27,0
9444,27,0
9445,27,0
9446,27,0
9447,27,0
9448,27,0
9449,27,0
9450,27,0
9451,27,0
9452,27,0
9453,27,0
9454,27,0
9455,27,0
9456,27,0
9457,27,0
9458,27,0
9459,27,0
9460,27,0
9461,27,0
9462,27,0
9463,27,0
9464,27,0
9465,27,0
9466,27,0
9467,27,0
9468,27,0
9469,27,0
9470,27,0
9471,27,0
9472,27,0
9473,27,0
9474,27,0
9475,27,0
9476,27,0
9477,27,0
9478,27,0
9479,27,0
9480,27,0
9481,27,0
9482,27,0
9483,27,0
9484,27,0
9485,26,0
9486,26,0
9487,26,0
9488,26,0
9489,26,0
9490,26,0
9491,26,0
9492,26,0
9493,26,0
9494,26,0
9495,26,0
9496,26,0
9497,26,0
9498,26,0
9499,26,0
9500,26,0
9501,26,0
9502,26,0
9503,26,0
9504,26,0
9505,26,0
9506,26,0
9507,26,0
9508,26,0
9509,26,0
9510,26,0
9511,26,0
9512,26,0
9513,26,0
9514,26,0
9515,26,0
9516,26,0
9517,26,0
9518,26,0
9519,26,0
9520,26,0
9521,26,0
9522,26,0
9523,26,0
9524,26,0
9525,26,0
9526,25,0
9527,25,0
9528,25,0
9529,25,0
9530,25,0
9531,25,0
9532,25,0
9533,25,0
9534,25,0
9535,25,0
9536,25,0
9537,25,0
9538,25,0
9539,25,0
9540,25,0
9541,25,0
9542,25,0
9543,25,0
9544,25,0
9545,25,0
9546,25,0
9547,25,0
9548,25,0
9549,25,0
9550,25,0
9551,25,0
9552,25,0
9553,25,0
9554,25,0
9555,25,0
9556,25,0
9557,25,0
9558,25,0
9559,25,0
9560,25,0
9561,25,0
9562,25,0
9563,25,0
9564,25,0
9565,25,0
9566,25,0
9567,25,0
9568,25,0
9569,25,0
9570,25,0
9571,25,0
9572,25,0
9573,25,0
9574,25,0
9575,26,0
9576,26,0
9577,26,0
9578,26,0
9579,26,0
9580,26,0
9581,26,0
9582,26,0
9583,26,0
9584,26,0
9585,26,0
9586,26,0
9587,26,0
9588,26,0
9589,26,0
9590,26,0
9591,26,0
9592,26,0
9593,26,0
9594,26,0
9595,26,0
9596,26,0
9597,26,0
9598,26,0
9599,26,0
9600,26,0
9601,26,0
9602,26,0
9603,26,0
9604,26,0
9605,26,0
9606,26,0
9607,26,0
9608,26,0
9609,26,0
9610,26,0
9611,26,0
9612,26,0
9613,26,0
9614,26,0
9615,26,0
9616,26,0
9617,25,0
9618,25,0
9619,25,0
9620,25,0
9621,25,0
9622,25,0
9623,25,0
9624,25,0
9625,25,0
9626,25,0
9627,25,0
9628,25,0
9629,25,0
9630,25,0
9631,25,0
9632,25,0
9633,25,0
9634,25,0
9635,26,1
9636,26,1
9637,26,1
9638,26,1
9639,26,1
9640,26,1
9641,26,1
9642,27,1
9643,27,1
9644,27,1
9645,27,1
9646,27,1
9647,27,1
9648,27,1
9649,27,1
9650,27,1
9651,27,1
9652,27,1
9653,27,1
9654,27,1
9655,27,1
9656,27,1
9657,27,1
9658,27,1
9659,27,1
9660,27,1
9661,27,1
9662,27,1
9663,27,1
9664,27,1
9665,27,1
9666,27,1
9667,27,1
9668,27,1
9669,27,1
9670,27,1
9671,27,1
9672,27,1
9673,27,1
9674,27,1
9675,27,1
9676,27,1
9677,27,1
9678,27,1
9679,27,1
9680,27,1
9681,27,1
9682,27,1
9683,27,1
9684,27,1
9685,27,1
9686,27,1
9687,27,1
9688,27,1
9689,27,1
9690,27,1
9691,27,1
9692,27,1
9693,27,1
9694,27,1
9695,27,1
9696,27,1
9697,27,1
9698,28,1
9699,28,1
9700,28,1
9701,28,1
9702,28,1
9703,28,1
9704,28,1
9705,28,1
9706,28,1
9707,28,1
9708,28,1
9709,28,1
9710,28,1
9711,28,1
9712,28,1
9713,28,1
9714,28,1
9715,28,1
9716,28,1
9717,28,1
9718,28,1
9719,28,1
9720,28,1
9721,28,1
9722,28,1
9723,28,1
9724,28,1
9725,27,1
9726,27,1
9727,27,1
9728,27,1
9729,27,1
9730,27,1
9731,27,1
9732,27,1
9733,27,1
9734,27,1
9735,27,1
9736,26,1
9737,26,1
9738,26,1
9739,26,1
9740,26,1
9741,26,1
9742,26,1
9743,26,1
9744,26,1
9745,26,1
9746,26,1
9747,26,1
9748,26,1
9749,26,1
9750,26,1
9751,26,1
9752,26,1
9753,26,1
9754,26,1
9755,26,1
9756,26,1
9757,26,1
9758,26,1
9759,26,1
9760,26,1
9761,26,1
9762,26,1
9763,26,1
9764,26,1
9765,26,1
9766,26,1
9767,26,1
9768,26,1
9769,26,1
9770,26,1
9771,26,1
9772,26,1
9773,26,1
9774,26,1
9775,26,1
9776,26,1
9777,26,1
9778,26,1
9779,26,1
9780,26,1
9781,26,1
9782,26,1
9783,26,1
9784,26,1
9785,26,1
9786,26,1
9787,26,1
9788,26,1
9789,26,1
9790,26,1
9791,26,1
9792,26,1
9793,26,1
9794,26,1
9795,26,1
9796,26,1
9797,26,1
9798,26,1
9799,26,1
9800,26,1
9801,26,1
9802,26,1
9803,26,1
9804,25,1
9805,25,1
9806,25,1
9807,25,1
9808,25,1
9809,25,1
9810,25,1
9811,25,1
9812,25,1
9813,25,1
9814,25,1
9815,25,1
9816,25,1
9817,25,1
9818,25,1
9819,25,1
9820,25,1
9821,25,1
9822,25,1
9823,25,1
9824,25,1
9825,25,1
9826,25,1
9827,25,1
9828,25,1
9829,25,1
9830,25,1
9831,25,1
9832,25,1
9833,25,1
9834,25,1
9835,26,1
9836,26,1
9837,26,1
9838,26,1
9839,26,1
9840,26,1
9841,26,1
9842,26,1
9843,26,1
9844,26,1
9845,26,1
9846,26,1
9847,27,1
9848,27,1
9849,27,1
9850,27,1
9851,27,1
9852,27,1
9853,27,1
9854,27,1
9855,27,1
9856,27,1
9857,27,1
9858,27,1
9859,27,1
9860,27,1
9861,27,1
9862,27,1
9863,27,1
9864,27,1
9865,27,1
9866,27,1
9867,27,1
9868,27,1
9869,27,1
9870,27,1
9871,28,1
9872,28,1
9873,28,1
9874,28,1
9875,28,1
9876,28,1
9877,28,1
9878,28,1
9879,28,1
9880,28,1
9881,28,1
9882,28,1
9883,28,1
9884,28,1
9885,28,1
9886,28,1
9887,28,1
9888,28,1
9889,28,1
9890,28,1
9891,28,1
9892,28,1
9893,28,1
9894,28,1
9895,28,1
9896,28,1
9897,28,1
9898,28,1
9899,28,1
9900,28,1
9901,28,1
9902,28,1
9903,28,1
9904,28,1
9905,28,1
9906,28,1
9907,28,1
9908,28,1
9909,28,1
9910,28,1
9911,28,1
9912,28,1
9913,28,1
9914,28,1
9915,28,1
9916,28,1
9917,28,1
9918,28,1
9919,28,1
9920,28,1
9921,28,1
9922,28,1
9923,28,1
9924,28,1
9925,28,1
9926,28,1
9927,28,1
9928,28,1
9929,28,1
9930,28,1
9931,28,1
9932,28,1
9933,28,1
9934,28,1
9935,28,1
9936,28,1
9937,28,1
9938,28,1
9939,28,1
9940,28,1
9941,28,1
9942,28,1
9943,28,1
9944,28,1
9945,28,1
9946,28,1
9947,28,1
9948,28,1
9949,28,1
9950,29,1
9951,29,1
9952,29,1
9953,29,1
9954,29,1
9955,29,1
9956,29,1
9957,29,1
9958,28,1
9959,28,1
9960,28,1
9961,28,1
9962,28,1
9963,28,1
9964,28,1
9965,28,1
9966,28,1
9967,28,1
9968,28,1
9969,28,1
9970,28,1
9971,28,1
9972,28,1
9973,29,1
9974,29,1
9975,29,1
9976,29,1
9977,29,1
9978,29,1
9979,29,1
9980,29,1
9981,29,1
9982,29,1
9983,29,1
9984,29,1
9985,29,1
9986,29,1
9987,29,1
9988,29,1
9989,29,1
9990,29,1
9991,29,1
9992,29,1
9993,28,1
9994,28,1
9995,28,1
9996,28,1
9997,28,1
9998,28,1
9999,28,1
10000,28,1
10001,28,1
10002,28,1
10003,28,1
10004,28,1
10005,28,1
10006,28,1
10007,28,1
10008,28,1
10009,28,1
10010,28,1
10011,28,1
10012,28,1
10013,28,1
10014,28,1
10015,28,1
10016,28,1
10017,28,1
10018,28,1
10019,28,1
10020,28,1
10021,28,1
10022,28,1
10023,28,1
10024,28,1
10025,28,1
10026,28,1
10027,28,1
10028,28,1
10029,28,1
10030,28,1
10031,28,1
10032,28,1
10033,28,1
10034,28,1
10035,28,1
10036,28,1
10037,28,1
10038,28,1
10039,28,1
10040,28,1
10041,28,1
10042,28,1
10043,28,1
10044,28,1
10045,28,1
10046,28,1
10047,28,1
10048,28,1
10049,28,1
10050,28,1
10051,28,1
10052,28,1
10053,28,1
10054,27,1
10055,27,1
10056,27,1
10057,27,1
10058,27,1
10059,27,1
10060,27,1
10061,27,1
10062,27,1
10063,27,1
10064,27,1
10065,27,1
10066,27,1
10067,27,1
10068,27,1
10069,27,1
10070,27,1
10071,26,1
10072,26,1
10073,26,1
10074,26,1
10075,26,1
10076,26,1
10077,26,1
10078,26,1
10079,26,1
10080,26,1
10081,26,1
10082,26,1
10083,26,1
10084,26,1
10085,26,1
10086,26,1
10087,26,1
10088,26,1
10089,26,1
10090,26,1
10091,26,1
10092,26,1
10093,26,1
10094,26,1
10095,26,1
10096,26,1
10097,26,1
10098,26,1
10099,26,1
10100,26,1
10101,26,1
10102,26,1
10103,26,1
10104,26,1
10105,26,1
10106,26,1
10107,26,1
10108,26,1
10109,26,1
10110,26,1
10111,26,1
10112,26,1
10113,26,1
10114,26,1
10115,26,1
10116,26,1
10117,26,1
10118,26,1
10119,26,1
10120,26,1
10121,26,1
10122,26,1
10123,26,1
10124,26,1
10125,26,1
10126,26,1
10127,25,1
10128,25,1
10129,25,1
10130,25,1
10131,25,1
10132,25,1
10133,26,1
10134,26,1
10135,26,1
10136,26,1
10137,26,1
10138,26,1
10139,26,1
10140,27,1
10141,27,1
10142,27,1
10143,27,1
10144,27,1
10145,27,1
10146,27,1
10147,27,1
10148,27,1
10149,27,1
10150,27,1
10151,27,1
10152,27,1
10153,27,1
10154,27,1
10155,27,1
10156,27,1
10157,27,1
10158,27,1
10159,27,1
10160,28,1
10161,28,1
10162,28,1
10163,28,1
10164,28,1
10165,28,1
10166,28,1
10167,28,1
10168,28,1
10169,28,1
10170,28,1
10171,28,1
10172,28,1
10173,28,1
10174,28,1
10175,28,1
10176,28,1
10177,28,1
10178,28,1
10179,28,1
10180,28,1
10181,28,1
10182,28,1
10183,28,1
10184,28,1
10185,28,1
10186,28,1
10187,28,1
10188,27,1
10189,28,1
10190,28,1
10191,28,1
10192,28,1
10193,28,1
10194,28,1
10195,28,1
10196,28,1
10197,28,1
10198,28,1
10199,28,1
10200,28,1
10201,28,1
10202,28,1
10203,28,1
10204,28,1
10205,28,1
10206,28,1
10207,28,1
10208,28,1
10209,28,1
10210,28,1
10211,28,1
10212,28,1
10213,28,1
10214,28,1
10215,28,1
10216,28,1
10217,28,1
10218,28,1
10219,28,1
10220,28,1
10221,27,1
10222,27,1
10223,27,1
10224,27,1
10225,27,1
10226,27,1
10227,27,1
10228,27,1
10229,27,1
10230,27,1
10231,27,1
10232,27,1
10233,27,1
10234,27,1
10235,27,1
10236,27,1
10237,27,1
10238,27,1
10239,27,1
10240,27,1
10241,27,1
10242,27,1
10243,27,1
10244,27,1
10245,27,1
10246,27,1
10247,27,1
10248,27,1
10249,27,1
10250,27,1
10251,27,1
10252,27,1
10253,27,1
10254,26,1
10255,26,1
10256,26,1
10257,26,1
10258,26,1
10259,26,1
10260,26,1
10261,26,1
10262,26,1
10263,26,1
10264,26,1
10265,26,1
10266,26,1
10267,26,1
10268,26,1
10269,26,1
10270,26,1
10271,26,1
10272,26,1
10273,26,1
10274,26,1
10275,26,1
10276,26,1
10277,26,1
10278,26,1
10279,26,1
10280,26,1
10281,26,1
10282,26,1
10283,26,1
10284,26,1
10285,26,1
10286,26,1
10287,26,1
10288,26,1
10289,25,1
10290,25,1
10291,25,1
10292,25,1
10293,25,1
10294,25,1
10295,25,1
10296,25,1
10297,25,1
10298,25,1
10299,24,1
10300,24,1
10301,24,1
10302,24,1
10303,24,1
10304,24,1
10305,24,1
10306,24,1
10307,24,1
10308,24,1
10309,24,1
10310,24,1
10311,24,1
10312,24,1
10313,24,1
10314,24,1
10315,24,1
10316,24,1
10317,24,1
10318,24,1
10319,24,1
10320,24,1
10321,24,1
10322,24,1
10323,24,1
10324,24,1
10325,24,1
10326,24,1
10327,24,1
10328,24,1
10329,24,1
10330,24,1
10331,24,1
10332,24,1
10333,24,1
10334,24,1
10335,24,1
10336,24,1
10337,24,1
10338,24,1
10339,24,1
10340,24,1
10341,24,1
10342,24,1
10343,24,1
10344,24,1
10345,24,1
10346,24,1
10347,24,1
10348,24,1
10349,24,1
10350,24,1
10351,24,1
10352,25,1
10353,25,1
10354,25,1
10355,24,1
10356,24,1
10357,25,1
10358,25,1
10359,25,1
10360,25,1
10361,25,1
10362,25,1
10363,25,1
10364,25,1
10365,25,1
10366,25,1
10367,25,1
10368,25,1
10369,25,1
10370,25,1
10371,25,1
10372,25,1
10373,25,1
10374,25,1
10375,25,1
10376,25,1
10377,25,1
10378,25,1
10379,25,1
10380,25,1
10381,25,1
10382,25,1
10383,25,1
10384,25,1
10385,25,1
10386,25,1
10387,25,1
10388,25,1
10389,25,1
10390,25,1
10391,25,1
10392,25,1
10393,25,1
10394,25,1
10395,25,1
10396,25,1
10397,25,1
10398,25,1
10399,25,1
10400,25,1
10401,25,1
10402,25,1
10403,25,1
10404,25,1
10405,25,1
10406,25,1
10407,25,1
10408,25,1
10409,25,1
10410,24,1
10411,24,1
10412,24,1
10413,24,1
10414,24,1
10415,24,1
10416,24,1
10417,24,1
10418,24,1
10419,24,1
10420,24,1
10421,24,1
10422,24,1
10423,24,1
10424,24,1
10425,24,1
10426,24,1
10427,24,1
10428,24,1
10429,24,1
10430,24,1
10431,24,1
10432,24,1
10433,23,1
10434,23,1
10435,23,1
10436,23,1
10437,23,1
10438,23,1
10439,23,1
10440,23,1
10441,23,1
10442,23,1
10443,23,1
10444,23,1
10445,23,1
10446,23,1
10447,23,1
10448,23,1
10449,23,1
10450,23,1
10451,23,1
10452,23,1
10453,23,1
10454,23,1
10455,23,1
10456,23,1
10457,23,1
10458,23,1
10459,23,1
10460,23,1
10461,23,1
10462,23,1
10463,23,1
10464,23,1
10465,23,1
10466,23,1
10467,23,1
10468,23,1
10469,23,1
10470,23,1
10471,23,1
10472,23,1
10473,23,1
10474,23,1
10475,23,1
10476,23,1
10477,24,1
10478,24,1
10479,24,1
10480,24,1
10481,24,1
10482,24,1
10483,24,1
10484,24,1
10485,24,1
10486,24,1
10487,24,1
10488,24,1
10489,24,1
10490,24,1
10491,24,1
10492,24,1
10493,24,1
10494,24,1
10495,24,1
10496,24,1
10497,24,1
10498,24,1
10499,23,1
10500,23,1
10501,23,1
10502,23,1
10503,23,1
10504,23,1
10505,23,1
10506,23,1
10507,23,1
10508,23,1
10509,23,1
10510,23,1
10511,23,1
10512,23,1
10513,23,1
10514,23,1
10515,23,1
10516,23,1
10517,23,1
10518,23,1
10519,23,1
10520,23,1
10521,23,1
10522,23,1
10523,23,1
10524,23,1
10525,23,1
10526,23,1
10527,23,1
10528,23,1
10529,23,1
10530,23,1
10531,23,1
10532,23,1
10533,23,1
10534,23,1
10535,23,1
10536,23,1
10537,23,1
10538,23,1
10539,23,1
10540,23,1
10541,23,1
10542,23,1
10543,23,1
10544,23,1
10545,23,1
10546,23,1
10547,23,1
10548,24,1
10549,24,1
10550,24,1
10551,24,1
10552,24,1
10553,24,1
10554,24,1
10555,24,1
10556,24,1
10557,24,1
10558,24,1
10559,24,1
10560,24,1
10561,24,1
10562,24,1
10563,24,1
10564,24,1
10565,25,1
10566,25,1
10567,25,1
10568,25,1
10569,25,1
10570,25,1
10571,25,1
10572,25,1
10573,25,1
10574,25,1
10575,25,1
10576,25,1
10577,25,1
10578,25,1
10579,24,1
10580,24,1
10581,24,1
10582,24,1
10583,24,1
10584,24,1
10585,24,1
10586,24,1
10587,24,1
10588,24,1
10589,24,1
10590,24,1
10591,24,1
10592,24,1
10593,24,1
10594,24,1
10595,24,1
10596,24,1
10597,24,1
10598,24,1
10599,24,1
10600,24,1
10601,24,1
10602,24,1
10603,24,1
10604,24,1
10605,24,1
10606,24,1
10607,24,1
10608,24,1
10609,24,1
10610,24,1
10611,24,1
10612,24,1
10613,24,1
10614,24,1
10615,24,1
10616,24,1
10617,24,1
10618,24,1
10619,24,1
10620,24,1
10621,24,1
10622,24,1
10623,24,1
10624,24,1
10625,25,1
10626,25,1
10627,25,1
10628,25,1
10629,25,1
10630,25,1
10631,25,1
10632,25,1
10633,25,1
10634,25,1
10635,25,1
10636,25,1
10637,25,1
10638,25,1
10639,25,1
10640,25,1
10641,25,1
10642,25,1
10643,25,1
10644,25,1
10645,25,1
10646,25,1
10647,25,1
10648,25,1
10649,25,1
10650,25,1
10651,25,1
10652,25,1
10653,25,1
10654,25,1
10655,25,1
10656,25,1
10657,25,1
10658,25,1
10659,25,1
10660,25,1
10661,25,1
10662,25,1
10663,25,1
10664,25,1
10665,25,1
10666,25,1
10667,25,1
10668,25,1
10669,25,1
10670,25,1
10671,25,1
10672,25,1
10673,25,1
10674,25,1
10675,25,1
10676,25,1
10677,25,1
10678,25,1
10679,25,1
10680,25,1
10681,25,1
10682,25,1
10683,25,1
10684,25,1
10685,25,1
10686,25,1
10687,25,1
10688,25,1
10689,25,1
10690,25,1
10691,25,1
10692,25,1
10693,25,1
10694,25,1
10695,25,1
10696,25,1
10697,25,1
10698,25,1
10699,25,1
10700,25,1
10701,25,1
10702,25,1
10703,25,1
10704,25,1
10705,25,1
10706,25,1
10707,25,1
10708,26,1
10709,26,1
10710,26,1
10711,26,1
10712,26,1
10713,26,1
10714,26,1
10715,26,1
10716,26,1
10717,26,1
10718,26,1
10719,26,1
10720,26,1
10721,26,1
10722,26,1
10723,26,1
10724,26,1
10725,26,1
10726,26,1
10727,26,1
10728,26,1
10729,26,1
10730,26,1
10731,26,1
10732,26,1
10733,26,1
10734,26,1
10735,26,1
10736,26,1
10737,26,1
10738,26,1
10739,26,1
10740,27,1
10741,27,1
10742,27,1
10743,27,1
10744,27,1
10745,27,1
10746,27,1
10747,27,1
10748,27,1
10749,28,1
10750,28,1
10751,28,1
10752,28,1
10753,28,1
10754,28,1
10755,28,1
10756,28,1
10757,28,1
10758,28,1
10759,28,1
10760,28,1
10761,28,1
10762,28,1
10763,28,1
10764,28,1
10765,28,1
10766,28,1
10767,28,1
10768,28,1
10769,28,1
10770,28,1
10771,28,1
10772,28,1
10773,28,1
10774,28,1
10775,28,1
10776,28,1
10777,28,1
10778,28,1
10779,28,1
10780,28,1
10781,28,1
10782,28,1
10783,28,1
10784,28,1
10785,28,1
10786,28,1
10787,28,1
10788,28,1
10789,28,1
10790,28,1
10791,28,1
10792,28,1
10793,28,1
10794,28,1
10795,28,1
10796,28,1
10797,28,1
10798,28,1
10799,28,1
10800,28,1
10801,28,1
10802,28,1
10803,28,1
10804,28,1
10805,28,1
10806,28,1
10807,28,1
10808,28,1
10809,28,1
10810,28,1
10811,28,1
10812,28,1
10813,28,1
10814,28,1
10815,29,1
10816,29,1
10817,29,1
10818,29,1
10819,29,1
10820,29,1
10821,29,1
10822,29,1
10823,29,1
10824,29,1
10825,29,1
10826,29,1
10827,29,1
10828,29,1
10829,29,1
10830,29,1
10831,29,1
10832,29,1
10833,29,1
10834,29,1
10835,29,1
10836,29,1
10837,29,1
10838,29,1
10839,29,1
10840,29,1
10841,29,1
10842,29,1
10843,29,1
10844,29,1
10845,28,1
10846,28,1
10847,28,1
10848,28,1
10849,28,1
10850,28,1
10851,28,1
10852,28,1
10853,28,1
10854,28,1
10855,28,1
10856,28,1
10857,28,1
10858,28,1
10859,28,1
10860,28,1
10861,28,1
10862,28,1
10863,28,1
10864,28,1
10865,28,1
10866,28,1
10867,28,1
10868,28,1
10869,28,1
10870,28,1
10871,28,1
10872,29,1
10873,29,1
10874,29,1
10875,29,1
10876,30,1
10877,30,1
10878,30,1
10879,30,1
10880,30,1
10881,30,1
10882,30,1
10883,30,1
10884,30,1
10885,30,1
10886,30,1
10887,30,1
10888,30,1
10889,30,1
10890,30,1
10891,30,1
10892,30,1
10893,30,1
10894,30,1
10895,30,1
10896,30,1
10897,30,1
10898,30,1
10899,30,1
10900,30,1
10901,30,1
10902,30,1
10903,30,1
10904,30,1
10905,30,1
10906,30,1
10907,30,1
10908,30,1
10909,30,1
10910,30,1
10911,30,1
10912,30,1
10913,30,1
10914,30,1
10915,30,1
10916,30,1
10917,31,1
10918,31,1
10919,31,1
10920,31,1
10921,31,1
10922,31,1
10923,31,1
10924,31,1
10925,31,1
10926,31,1
10927,31,1
10928,31,1
10929,31,1
10930,30,1
10931,30,1
10932,30,1
10933,30,1
10934,30,1
10935,30,1
10936,30,1
10937,30,1
10938,30,1
10939,30,1
10940,30,1
10941,30,1
10942,30,1
10943,30,1
10944,30,1
10945,30,1
10946,30,1
10947,30,1
10948,30,1
10949,30,1
10950,30,1
10951,30,1
10952,30,1
10953,30,1
10954,30,1
10955,30,1
10956,30,1
10957,30,1
10958,30,1
10959,30,1
10960,30,1
10961,30,1
10962,30,1
10963,30,1
10964,30,1
10965,30,1
10966,30,1
10967,30,1
10968,30,1
10969,30,1
10970,30,1
10971,30,1
10972,30,1
10973,30,1
10974,30,1
10975,30,1
10976,30,1
10977,30,1
10978,30,1
10979,30,1
10980,30,1
10981,30,1
10982,30,1
10983,30,1
10984,29,1
10985,29,1
10986,29,1
10987,29,1
10988,29,1
10989,29,1
10990,29,1
10991,29,1
10992,29,1
10993,29,1
10994,29,1
10995,29,1
10996,29,1
10997,29,1
10998,29,1
10999,29,1
11000,29,1
11001,29,1
11002,29,1
11003,29,1
11004,29,1
11005,29,1
11006,29,1
11007,29,1
11008,29,1
11009,29,1
11010,29,1
11011,29,1
11012,29,1
11013,29,1
11014,29,1
11015,29,1
11016,29,1
11017,29,1
11018,29,1
11019,29,1
11020,29,1
11021,29,1
11022,29,1
11023,29,1
11024,30,1
11025,30,1
11026,30,1
11027,30,1
11028,30,1
11029,30,1
11030,30,1
11031,30,1
11032,30,1
11033,30,1
11034,30,1
11035,30,1
11036,30,1
11037,30,1
11038,30,1
11039,30,1
11040,30,1
11041,30,1
11042,30,1
11043,30,1
11044,30,1
11045,30,1
11046,30,1
11047,30,1
11048,30,1
11049,30,1
11050,30,1
11051,30,1
11052,29,1
11053,29,1
11054,30,1
11055,30,1
11056,30,1
11057,30,1
11058,30,1
11059,30,1
11060,31,1
11061,31,1
11062,31,1
11063,31,1
11064,31,1
11065,31,1
11066,31,1
11067,31,1
11068,31,1
11069,31,1
11070,31,1
11071,31,1
11072,31,1
11073,31,1
11074,31,1
11075,31,1
11076,31,1
11077,31,1
11078,31,1
11079,31,1
11080,31,1
11081,31,1
11082,31,1
11083,31,1
11084,31,1
11085,31,1
11086,31,1
11087,31,1
11088,31,1
11089,31,1
11090,31,1
11091,31,1
11092,31,1
11093,31,1
11094,31,1
11095,31,1
11096,31,1
11097,31,1
11098,31,1
11099,31,1
11100,31,1
11101,31,1
11102,31,1
11103,31,1
11104,31,1
11105,31,1
11106,31,1
11107,31,1
11108,31,1
11109,31,1
11110,31,1
11111,31,1
11112,31,1
11113,31,1
11114,31,1
11115,31,1
11116,31,1
11117,31,1
11118,31,1
11119,31,1
11120,31,1
11121,31,1
11122,31,1
11123,31,1
11124,31,1
11125,31,1
11126,31,1
11127,31,1
11128,31,1
11129,31,1
11130,31,1
11131,31,1
11132,31,1
11133,31,1
11134,31,1
11135,31,1
11136,31,1
11137,31,1
11138,31,1
11139,31,1
11140,31,1
11141,31,1
11142,31,1
11143,31,1
11144,31,1
11145,31,1
11146,31,1
11147,31,1
11148,31,1
11149,31,1
11150,31,1
11151,31,1
11152,31,1
11153,31,1
11154,31,1
11155,31,1
11156,31,1
11157,31,1
11158,31,1
11159,31,1
11160,31,1
11161,31,1
11162,31,1
11163,31,1
11164,31,1
11165,30,1
11166,30,1
11167,30,1
11168,30,1
11169,30,1
11170,30,1
11171,30,1
11172,30,1
11173,30,1
11174,30,1
11175,30,1
11176,30,1
11177,30,1
11178,30,1
11179,30,1
11180,30,1
11181,30,1
11182,30,1
11183,30,1
11184,30,1
11185,30,1
11186,30,1
11187,30,1
11188,30,1
11189,30,1
11190,30,1
11191,30,1
11192,30,1
11193,30,1
11194,30,1
11195,30,1
11196,30,1
11197,30,1
11198,30,1
11199,30,1
11200,30,1
11201,30,1
11202,30,1
11203,30,1
11204,30,1
11205,30,1
11206,30,1
11207,30,1
11208,30,1
11209,30,1
11210,30,1
11211,30,1
11212,30,1
11213,30,1
11214,30,1
11215,30,1
11216,30,1
11217,30,1
11218,30,1
11219,29,1
11220,29,1
11221,29,1
11222,29,1
11223,29,1
11224,29,1
11225,29,1
11226,29,1
11227,29,1
11228,29,1
11229,29,1
11230,29,1
11231,29,1
11232,29,1
11233,29,1
11234,29,1
11235,29,1
11236,30,1
11237,30,1
11238,30,1
11239,30,1
11240,30,1
11241,30,1
11242,30,1
11243,30,1
11244,30,1
11245,30,1
11246,30,1
11247,30,1
11248,30,1
11249,30,1
11250,30,1
11251,30,1
11252,30,1
11253,30,1
11254,30,1
11255,30,1
11256,30,1
11257,30,1
11258,30,1
11259,30,1
11260,30,1
11261,30,1
11262,30,1
11263,30,1
11264,30,1
11265,30,1
11266,30,1
11267,30,1
11268,30,1
11269,30,1
11270,30,1
11271,30,1
11272,30,1
11273,30,1
11274,30,1
11275,30,1
11276,30,1
11277,30,1
11278,30,1
11279,30,1
11280,30,1
11281,30,1
11282,30,1
11283,30,1
11284,30,1
11285,30,1
11286,30,1
11287,30,1
11288,30,1
11289,30,1
11290,30,1
11291,30,1
11292,31,1
11293,31,1
11294,31,1
11295,31,1
11296,31,1
11297,31,1
11298,31,1
11299,31,1
11300,31,1
11301,31,1
11302,31,1
11303,31,1
11304,31,1
11305,31,1
11306,31,1
11307,31,1
11308,31,1
11309,31,1
11310,31,1
11311,32,1
11312,32,1
11313,32,1
11314,32,1
11315,32,1
11316,32,1
11317,32,1
11318,32,1
11319,32,1
11320,32,1
11321,32,1
11322,32,1
11323,32,1
11324,32,1
11325,32,1
11326,32,1
11327,32,1
11328,32,1
11329,32,1
11330,32,1
11331,31,1
11332,30,1
11333,30,1
11334,30,1
11335,30,1
11336,30,1
11337,30,1
11338,30,1
11339,30,1
11340,30,1
11341,30,1
11342,30,1
11343,30,1
11344,30,1
11345,30,1
11346,30,1
11347,30,1
11348,30,1
11349,30,1
11350,30,1
11351,30,1
11352,30,1
11353,29,1
11354,29,1
11355,29,1
11356,29,1
11357,29,1
11358,29,1
11359,29,1
11360,29,1
11361,29,1
11362,29,1
11363,29,1
11364,29,1
11365,29,1
11366,29,1
11367,29,1
11368,29,1
11369,29,1
11370,29,1
11371,29,1
11372,29,1
11373,29,1
11374,29,1
11375,29,1
11376,29,1
11377,29,1
11378,29,1
11379,29,1
11380,30,1
11381,30,1
11382,30,1
11383,30,1
11384,30,1
11385,30,1
11386,30,1
11387,30,1
11388,30,1
11389,30,1
11390,30,1
11391,30,1
11392,30,1
11393,30,1
11394,30,1
11395,30,1
11396,30,1
11397,30,1
11398,29,1
11399,29,1
11400,29,1
11401,29,1
11402,29,1
11403,29,1
11404,29,1
11405,29,1
11406,29,1
11407,29,1
11408,29,1
11409,29,1
11410,29,1
11411,29,1
11412,29,1
11413,29,1
11414,29,1
11415,29,1
11416,29,1
11417,29,1
11418,29,1
11419,29,1
11420,29,1
11421,29,1
11422,29,1
11423,29,1
11424,29,1
11425,29,1
11426,29,1
11427,29,1
11428,29,1
11429,29,1
11430,29,1
11431,29,1
11432,29,1
11433,29,1
11434,29,1
11435,29,1
11436,29,1
11437,29,1
11438,29,1
11439,29,1
11440,29,1
11441,29,1
11442,29,1
11443,29,1
11444,29,1
11445,29,1
11446,29,1
11447,29,1
11448,29,1
11449,29,1
11450,29,1
11451,29,1
11452,30,1
11453,30,1
11454,30,1
11455,30,1
11456,30,1
11457,30,1
11458,30,1
11459,30,1
11460,30,1
11461,30,1
11462,30,1
11463,30,1
11464,30,1
11465,30,1
11466,29,1
11467,29,1
11468,29,1
11469,29,1
11470,29,1
11471,29,1
11472,29,1
11473,29,1
11474,29,1
11475,29,1
11476,29,1
11477,29,1
11478,29,1
11479,29,1
11480,29,1
11481,29,1
11482,29,1
11483,29,1
11484,29,1
11485,29,1
11486,29,1
11487,29,1
11488,29,1
11489,29,1
11490,29,1
11491,29,1
11492,29,1
11493,30,1
11494,30,1
11495,30,1
11496,30,1
11497,30,1
11498,30,1
11499,30,1
11500,30,1
11501,30,1
11502,30,1
11503,30,1
11504,30,1
11505,30,1
11506,30,1
11507,30,1
11508,30,1
11509,30,1
11510,30,1
11511,30,1
11512,30,1
11513,30,1
11514,30,1
11515,30,1
11516,30,1
11517,30,1
11518,30,1
11519,30,1
11520,30,1
11521,30,1
11522,30,1
11523,30,1
11524,30,1
11525,30,1
11526,30,1
11527,30,1
11528,30,1
11529,30,1
11530,31,1
11531,31,1
11532,31,1
11533,31,1
11534,31,1
11535,31,1
11536,31,1
11537,31,1
11538,31,1
11539,31,1
11540,31,1
11541,31,1
11542,31,1
11543,31,1
11544,31,1
11545,31,1
11546,31,1
11547,31,1
11548,31,1
11549,31,1
11550,31,1
11551,32,1
11552,32,1
11553,32,1
11554,32,1
11555,32,1
11556,32,1
11557,32,1
11558,32,1
11559,32,1
11560,32,1
11561,32,1
11562,32,1
11563,32,1
11564,32,1
11565,32,1
11566,32,1
11567,32,1
11568,32,1
11569,32,1
11570,32,1
11571,32,1
11572,32,1
11573,32,1
11574,32,1
11575,32,1
11576,32,1
11577,32,1
11578,32,1
11579,32,1
11580,32,1
11581,32,1
11582,32,1
11583,32,1
11584,32,1
11585,32,1
11586,32,1
11587,32,1
11588,32,1
11589,32,1
11590,32,1
11591,32,1
11592,32,1
11593,32,1
11594,32,1
11595,32,1
11596,32,1
11597,32,1
11598,32,1
11599,32,1
11600,32,1
11601,32,1
11602,32,1
11603,32,1
11604,32,1
11605,32,1
11606,32,1
11607,32,1
11608,32,1
11609,32,1
11610,32,1
11611,32,1
11612,32,1
11613,32,1
11614,32,1
11615,32,1
11616,32,1
11617,32,1
11618,32,1
11619,32,1
11620,32,1
11621,32,1
11622,32,1
11623,32,1
11624,32,1
11625,32,1
11626,33,1
11627,33,1
11628,34,1
11629,34,1
11630,34,1
11631,34,1
11632,34,1
11633,34,1
11634,34,1
11635,34,1
11636,35,1
11637,35,1
11638,35,1
11639,35,1
11640,35,1
11641,35,1
11642,35,1
11643,35,1
11644,35,1
11645,35,1
11646,35,1
11647,35,1
11648,35,1
11649,35,1
11650,35,1
11651,35,1
11652,35,1
11653,35,1
11654,34,1
11655,34,1
11656,35,1
11657,35,1
11658,35,1
11659,35,1
11660,35,1
11661,35,1
11662,35,1
11663,35,1
11664,35,1
11665,35,1
11666,35,1
11667,35,1
11668,35,1
11669,35,1
11670,35,1
11671,35,1
11672,35,1
11673,35,1
11674,35,1
11675,35,1
11676,35,1
11677,35,1
11678,35,1
11679,35,1
11680,35,1
11681,36,1
11682,36,1
11683,36,1
11684,36,1
11685,36,1
11686,36,1
11687,35,1
11688,35,1
11689,35,1
11690,35,1
11691,35,1
11692,35,1
11693,35,1
11694,35,1
11695,35,1
11696,35,1
11697,35,1
11698,35,1
11699,35,1
11700,35,1
11701,35,1
11702,35,1
11703,35,1
11704,35,1
11705,35,1
11706,35,1
11707,35,1
11708,35,1
11709,35,1
11710,35,1
11711,35,1
11712,35,1
11713,35,1
11714,35,1
11715,35,1
11716,35,1
11717,35,1
11718,35,1
11719,35,1
11720,35,1
11721,35,1
11722,35,1
11723,35,1
11724,35,1
11725,35,1
11726,35,1
11727,35,1
11728,35,1
11729,35,1
11730,35,1
11731,35,1
11732,35,1
11733,34,1
11734,34,1
11735,34,1
11736,34,1
11737,34,1
11738,34,1
11739,34,1
11740,34,1
11741,34,1
11742,34,1
11743,34,1
11744,34,1
11745,34,1
11746,34,1
11747,34,1
11748,34,1
11749,34,1
11750,34,1
11751,34,1
11752,34,1
11753,34,1
11754,34,1
11755,34,1
11756,34,1
11757,34,1
11758,34,1
11759,34,1
11760,34,1
11761,34,1
11762,34,1
11763,34,1
11764,34,1
11765,34,1
11766,33,1
11767,33,1
11768,33,1
11769,33,1
11770,33,1
11771,33,1
11772,33,1
11773,33,1
11774,33,1
11775,33,1
11776,33,1
11777,33,1
11778,33,1
11779,33,1
11780,33,1
11781,33,1
11782,33,1
11783,34,1
11784,34,1
11785,34,1
11786,34,1
11787,34,1
11788,34,1
11789,34,1
11790,34,1
11791,34,1
11792,34,1
11793,34,1
11794,34,1
11795,34,1
11796,34,1
11797,34,1
11798,34,1
11799,34,1
11800,34,1
11801,34,1
11802,34,1
11803,34,1
11804,34,1
11805,34,1
11806,34,1
11807,34,1
11808,34,1
11809,34,1
11810,34,1
11811,34,1
11812,34,1
11813,34,1
11814,34,1
11815,34,1
11816,34,1
11817,35,1
11818,35,1
11819,35,1
11820,35,1
11821,35,1
11822,35,1
11823,35,1
11824,35,1
11825,35,1
11826,35,1
11827,35,1
11828,35,1
11829,35,1
11830,35,1
11831,35,1
11832,35,1
11833,35,1
11834,35,1
11835,35,1
11836,35,1
11837,35,1
11838,34,1
11839,34,1
11840,34,1
11841,34,1
11842,34,1
11843,34,1
11844,34,1
11845,34,1
11846,34,1
11847,34,1
11848,34,1
11849,34,1
11850,34,1
11851,34,1
11852,34,1
11853,34,1
11854,34,1
11855,33,1
11856,33,1
11857,33,1
11858,33,1
11859,33,1
11860,33,1
11861,33,1
11862,33,1
11863,33,1
11864,33,1
11865,33,1
11866,33,1
11867,33,1
11868,33,1
11869,33,1
11870,33,1
11871,33,1
11872,33,1
11873,34,1
11874,34,1
11875,34,1
11876,34,1
11877,34,1
11878,34,1
11879,34,1
11880,34,1
11881,35,1
11882,35,1
11883,35,1
11884,35,1
11885,35,1
11886,35,1
11887,35,1
11888,35,1
11889,35,1
11890,35,1
11891,35,1
11892,35,1
11893,35,1
11894,35,1
11895,35,1
11896,35,1
11897,35,1
11898,35,1
11899,35,1
11900,35,1
11901,35,1
11902,35,1
11903,35,1
11904,35,1
11905,35,1
11906,35,1
11907,35,1
11908,35,1
11909,35,1
11910,35,1
11911,35,1
11912,35,1
11913,35,1
11914,35,1
11915,35,1
11916,35,1
11917,35,1
11918,35,1
11919,35,1
11920,36,1
11921,36,1
11922,36,1
11923,36,1
11924,36,1
11925,36,1
11926,36,1
11927,36,1
11928,36,1
11929,36,1
11930,36,1
11931,36,1
11932,36,1
11933,36,1
11934,36,1
11935,36,1
11936,36,1
11937,36,1
11938,36,1
11939,36,1
11940,36,1
11941,36,1
11942,36,1
11943,36,1
11944,36,1
11945,36,1
11946,36,1
11947,36,1
11948,36,1
11949,36,1
11950,36,1
11951,36,1
11952,36,1
11953,36,1
11954,36,1
11955,36,1
11956,36,1
11957,36,1
11958,36,1
11959,36,1
11960,36,1
11961,36,1
11962,36,1
11963,36,1
11964,36,1
11965,36,1
11966,36,1
11967,36,1
11968,36,1
11969,36,1
11970,36,1
11971,36,1
11972,36,1
11973,36,1
11974,36,1
11975,36,1
11976,36,1
11977,36,1
11978,36,1
11979,36,1
11980,36,1
11981,36,1
11982,36,1
11983,36,1
11984,36,1
11985,36,1
11986,36,1
11987,36,1
11988,36,1
11989,36,1
11990,36,1
11991,36,1
11992,36,1
11993,36,1
11994,36,1
11995,36,1
11996,36,1
11997,36,1
11998,36,1
11999,36,1
12000,36,1
12001,36,1
12002,36,1
12003,36,1
12004,36,1
12005,36,1
12006,36,1
12007,36,1
12008,36,1
12009,36,1
12010,36,1
12011,35,1
12012,35,1
12013,35,1
12014,35,1
12015,35,1
12016,35,1
12017,35,1
12018,35,1
12019,35,1
12020,35,1
12021,35,1
12022,35,1
12023,35,1
12024,35,1
12025,35,1
12026,35,1
12027,35,1
12028,35,1
12029,35,1
12030,35,1
12031,35,1
12032,35,1
12033,35,1
12034,35,1
12035,35,1
12036,35,1
12037,35,1
12038,35,1
12039,35,1
12040,35,1
12041,35,1
12042,35,1
12043,35,1
12044,35,1
12045,35,1
12046,35,1
12047,35,1
12048,35,1
12049,35,1
12050,35,1
12051,35,1
12052,35,1
12053,35,1
12054,35,1
12055,35,1
12056,35,1
12057,35,1
12058,35,1
12059,35,1
12060,35,1
12061,35,1
12062,35,1
12063,35,1
12064,35,1
12065,35,1
12066,35,1
12067,35,1
12068,35,1
12069,35,1
12070,35,1
12071,35,1
12072,35,1
12073,35,1
12074,35,1
12075,35,1
12076,35,1
12077,35,1
12078,35,1
12079,35,1
12080,35,1
12081,35,1
12082,35,1
12083,35,1
12084,35,1
12085,35,1
12086,35,1
12087,35,1
12088,35,1
12089,35,1
12090,35,1
12091,35,1
12092,35,1
12093,36,2
12094,36,2
12095,36,2
12096,36,2
12097,36,2
12098,36,2
12099,36,2
12100,36,2
12101,36,2
12102,36,2
12103,36,2
12104,35,2
12105,35,2
12106,35,2
12107,35,2
12108,35,2
12109,35,2
12110,35,2
12111,35,2
12112,35,2
12113,35,2
12114,35,2
12115,35,2
12116,35,2
12117,35,2
12118,35,2
12119,35,2
12120,35,2
12121,35,2
12122,35,2
12123,35,2
12124,35,2
12125,34,2
12126,34,2
12127,34,2
12128,34,2
12129,34,2
12130,34,2
12131,34,2
12132,34,2
12133,34,2
12134,34,2
12135,34,2
12136,34,2
12137,34,2
12138,34,2
12139,34,2
12140,34,2
12141,34,2
12142,34,2
12143,34,2
12144,34,2
12145,34,2
12146,34,2
12147,34,2
12148,34,2
12149,34,2
12150,34,2
12151,34,2
12152,34,2
12153,34,2
12154,34,2
12155,34,2
12156,34,2
12157,34,2
12158,34,2
12159,34,2
12160,34,2
12161,34,2
12162,34,2
12163,34,2
12164,34,2
12165,34,2
12166,34,2
12167,34,2
12168,34,2
12169,34,2
12170,33,2
12171,33,2
12172,33,2
12173,33,2
12174,33,2
12175,33,2
12176,33,2
12177,33,2
12178,33,2
12179,33,2
12180,33,2
12181,33,2
12182,33,2
12183,33,2
12184,33,2
12185,33,2
12186,33,2
12187,33,2
12188,33,2
12189,33,2
12190,33,2
12191,33,2
12192,33,2
12193,33,2
12194,33,2
12195,33,2
12196,33,2
12197,33,2
12198,33,2
12199,33,2
12200,33,2
12201,33,2
12202,33,2
12203,33,2
12204,33,2
12205,33,2
12206,33,2
12207,33,2
12208,33,2
12209,33,2
12210,33,2
12211,33,2
12212,33,2
12213,33,2
12214,33,2
12215,33,2
12216,33,2
12217,33,2
12218,33,2
12219,33,2
12220,33,2
12221,33,2
12222,33,2
12223,33,2
12224,33,2
12225,33,2
12226,33,2
12227,33,2
12228,33,2
12229,33,2
12230,33,2
12231,33,2
12232,33,2
12233,33,2
12234,33,2
12235,33,2
12236,33,2
12237,33,2
12238,33,2
12239,33,2
12240,33,2
12241,33,2
12242,33,2
12243,33,2
12244,33,2
12245,33,2
12246,33,2
12247,33,2
12248,33,2
12249,33,2
12250,33,2
12251,33,2
12252,33,2
12253,33,2
12254,33,2
12255,33,2
12256,33,2
12257,33,2
12258,33,2
12259,33,2
12260,33,2
12261,33,2
12262,33,2
12263,33,2
12264,33,2
12265,33,2
12266,33,2
12267,33,2
12268,33,2
12269,33,2
12270,33,2
12271,33,2
12272,33,2
12273,33,2
12274,33,2
12275,33,2
12276,33,2
12277,33,2
12278,33,2
12279,33,2
12280,33,2
12281,33,2
12282,33,2
12283,33,2
12284,33,2
12285,33,2
12286,33,2
12287,33,2
12288,33,2
12289,33,2
12290,33,2
12291,33,2
12292,33,2
12293,33,2
12294,33,2
12295,33,2
12296,33,2
12297,33,2
12298,33,2
12299,33,2
12300,33,2
12301,33,2
12302,33,2
12303,33,2
12304,32,2
12305,32,2
12306,32,2
12307,32,2
12308,32,2
12309,32,2
12310,32,2
12311,33,2
12312,33,2
12313,33,2
12314,33,2
12315,33,2
12316,33,2
12317,33,2
12318,33,2
12319,33,2
12320,33,2
12321,33,2
12322,33,2
12323,33,2
12324,33,2
12325,33,2
12326,33,2
12327,33,2
12328,33,2
12329,33,2
12330,33,2
12331,33,2
12332,33,2
12333,33,2
12334,33,2
12335,33,2
12336,33,2
12337,33,2
12338,33,2
12339,33,2
12340,33,2
12341,33,2
12342,33,2
12343,33,2
12344,33,2
12345,33,2
12346,33,2
12347,33,2
12348,33,2
12349,33,2
12350,33,2
12351,33,2
12352,33,2
12353,33,2
12354,33,2
12355,33,2
12356,33,2
12357,33,2
12358,33,2
12359,33,2
12360,33,2
12361,33,2
12362,33,2
12363,33,2
12364,33,2
12365,33,2
12366,33,2
12367,33,2
12368,33,2
12369,33,2
12370,33,2
12371,33,2
12372,33,2
12373,32,2
12374,32,2
12375,32,2
12376,32,2
12377,32,2
12378,32,2
12379,32,2
12380,32,2
12381,32,2
12382,32,2
12383,32,2
12384,32,2
12385,32,2
12386,32,2
12387,32,2
12388,32,2
12389,32,2
12390,32,2
12391,32,2
12392,32,2
12393,32,2
12394,31,2
12395,31,2
12396,31,2
12397,31,2
12398,31,2
12399,31,2
12400,31,2
12401,31,2
12402,31,2
12403,31,2
12404,31,2
12405,31,2
12406,31,2
12407,31,2
12408,31,2
12409,31,2
12410,31,2
12411,31,2
12412,31,2
12413,31,2
12414,31,2
12415,31,2
12416,31,2
12417,31,2
12418,31,2
12419,31,2
12420,31,2
12421,31,2
12422,31,2
12423,31,2
12424,31,2
12425,31,2
12426,31,2
12427,30,2
12428,30,2
12429,30,2
12430,30,2
12431,30,2
12432,30,2
12433,30,2
12434,30,2
12435,30,2
12436,30,2
12437,30,2
12438,30,2
12439,30,2
12440,30,2
12441,30,2
12442,30,2
12443,30,2
12444,30,2
12445,30,2
12446,30,2
12447,30,2
12448,30,2
12449,30,2
12450,30,2
12451,30,2
12452,30,2
12453,30,2
12454,30,2
12455,30,2
12456,30,2
12457,30,2
12458,30,2
12459,30,2
12460,30,2
12461,30,2
12462,30,2
12463,30,2
12464,30,2
12465,30,2
12466,30,2
12467,30,2
12468,30,2
12469,30,2
12470,30,2
12471,30,2
12472,30,2
12473,30,2
12474,30,2
12475,30,2
12476,30,2
12477,30,2
12478,30,2
12479,30,2
12480,30,2
12481,30,2
12482,30,2
12483,30,2
12484,30,2
12485,30,2
12486,30,2
12487,30,2
12488,30,2
12489,30,2
12490,30,2
12491,30,2
12492,30,2
12493,29,2
12494,29,2
12495,29,2
12496,29,2
12497,29,2
12498,28,2
12499,28,2
12500,28,2
12501,28,2
12502,28,2
12503,28,2
12504,28,2
12505,28,2
12506,28,2
12507,28,2
12508,28,2
12509,28,2
12510,28,2
12511,28,2
12512,28,2
12513,28,2
12514,28,2
12515,28,2
12516,28,2
12517,28,2
12518,28,2
12519,28,2
12520,28,2
12521,28,2
12522,28,2
12523,28,2
12524,28,2
12525,28,2
12526,28,2
12527,28,2
12528,28,2
12529,28,2
12530,28,2
12531,28,2
12532,28,2
12533,28,2
12534,28,2
12535,28,2
12536,28,2
12537,28,2
12538,28,2
12539,28,2
12540,28,2
12541,28,2
12542,28,2
12543,28,2
12544,28,2
12545,28,2
12546,28,2
12547,28,2
12548,28,2
12549,28,2
12550,28,2
12551,28,2
12552,28,2
12553,28,2
12554,28,2
12555,28,2
12556,28,2
12557,28,2
12558,28,2
12559,28,2
12560,28,2
12561,28,2
12562,28,2
12563,28,2
12564,28,2
12565,28,2
12566,28,2
12567,28,2
12568,28,2
12569,28,2
12570,28,2
12571,28,2
12572,28,2
12573,28,2
12574,28,2
12575,28,2
12576,28,2
12577,28,2
12578,28,2
12579,28,2
12580,28,2
12581,28,2
12582,28,2
12583,28,2
12584,28,2
12585,28,2
12586,28,2
12587,28,2
12588,28,2
12589,28,2
12590,28,2
12591,28,2
12592,28,2
12593,28,2
12594,28,2
12595,28,2
12596,28,2
12597,27,2
12598,27,2
12599,27,2
12600,27,2
12601,27,2
12602,27,2
12603,27,2
12604,27,2
12605,27,2
12606,27,2
12607,26,2
12608,26,2
12609,26,2
12610,26,2
12611,26,2
12612,26,2
12613,26,2
12614,26,2
12615,26,2
12616,26,2
12617,26,2
12618,26,2
12619,26,2
12620,26,2
12621,26,2
12622,26,2
12623,26,2
12624,26,2
12625,26,2
12626,26,2
12627,26,2
12628,26,2
12629,26,2
12630,25,2
12631,25,2
12632,25,2
12633,25,2
12634,25,2
12635,25,2
12636,25,2
12637,25,2
12638,25,2
12639,25,2
12640,25,2
12641,25,2
12642,25,2
12643,25,2
12644,25,2
12645,25,2
12646,25,2
12647,25,2
12648,25,2
12649,25,2
12650,25,2
12651,25,2
12652,25,2
12653,25,2
12654,26,2
12655,26,2
12656,26,2
12657,26,2
12658,26,2
12659,26,2
12660,26,2
12661,26,2
12662,26,2
12663,26,2
12664,26,2
12665,26,2
12666,26,2
12667,26,2
12668,26,2
12669,26,2
12670,26,2
12671,26,2
12672,26,2
12673,26,2
12674,26,2
12675,26,2
12676,26,2
12677,26,2
12678,26,2
12679,26,2
12680,26,2
12681,26,2
12682,26,2
12683,26,2
12684,26,2
12685,26,2
12686,26,2
12687,26,2
12688,26,2
12689,26,2
12690,26,2
12691,26,2
12692,26,2
12693,26,2
12694,26,2
12695,26,2
12696,26,2
12697,26,2
12698,26,2
12699,26,2
12700,26,2
12701,26,2
12702,26,2
12703,26,2
12704,26,2
12705,26,2
12706,26,2
12707,26,2
12708,26,2
12709,26,2
12710,26,2
12711,26,2
12712,26,2
12713,26,2
12714,26,2
12715,26,2
12716,26,2
12717,26,2
12718,26,2
12719,26,2
12720,26,2
12721,26,2
12722,26,2
12723,26,2
12724,26,2
12725,26,2
12726,26,2
12727,26,2
12728,26,2
12729,26,2
12730,26,2
12731,26,2
12732,26,2
12733,26,2
12734,26,2
12735,26,2
12736,26,2
12737,26,2
12738,26,2
12739,26,2
12740,26,2
12741,26,2
12742,25,1
12743,25,1
12744,25,1
12745,25,1
12746,25,1
12747,25,1
12748,25,1
12749,25,1
12750,25,1
12751,25,1
12752,25,1
12753,25,1
12754,25,1
12755,25,1
12756,25,1
12757,25,1
12758,25,1
12759,25,1
12760,25,1
12761,25,1
12762,25,1
12763,25,1
12764,25,1
12765,25,1
12766,25,1
12767,25,1
12768,25,1
12769,25,1
12770,25,1
12771,25,1
12772,25,1
12773,25,1
12774,25,1
12775,25,1
12776,25,1
12777,25,1
12778,25,1
12779,25,1
12780,25,1
12781,25,1
12782,25,1
12783,25,1
12784,25,1
12785,25,1
12786,25,1
12787,25,1
12788,25,1
12789,25,1
12790,25,1
12791,25,1
12792,25,1
12793,25,1
12794,25,1
12795,24,1
12796,24,1
12797,24,1
12798,24,1
12799,24,1
12800,24,1
12801,24,1
12802,24,1
12803,24,1
12804,24,1
12805,24,1
12806,24,1
12807,24,1
12808,24,1
12809,24,1
12810,24,1
12811,24,1
12812,24,1
12813,24,1
12814,24,1
12815,24,1
12816,24,1
12817,24,1
12818,24,1
12819,24,1
12820,24,1
12821,24,1
12822,24,1
12823,24,1
12824,24,1
12825,24,1
12826,24,1
12827,24,1
12828,24,1
12829,24,1
12830,24,1
12831,24,1
12832,24,1
12833,24,1
12834,24,1
12835,24,1
12836,24,1
12837,24,1
12838,24,1
12839,24,1
12840,24,1
12841,24,1
12842,24,1
12843,24,1
12844,24,1
12845,24,1
12846,24,1
12847,24,1
12848,24,1
12849,24,1
12850,24,1
12851,24,1
12852,24,1
12853,24,1
12854,24,1
12855,24,1
12856,24,1
12857,24,1
12858,24,1
12859,24,1
12860,24,1
12861,23,1
12862,23,1
12863,23,1
12864,23,1
12865,23,1
12866,23,1
12867,23,1
12868,23,1
12869,23,1
12870,23,1
12871,23,1
12872,23,1
12873,23,1
12874,23,1
12875,23,1
12876,23,1
12877,23,1
12878,23,1
12879,23,1
12880,23,1
12881,23,1
12882,23,1
12883,23,1
12884,23,1
12885,23,1
12886,23,1
12887,23,1
12888,23,1
12889,23,1
12890,23,1
12891,23,1
12892,23,1
12893,23,1
12894,23,1
12895,23,1
12896,23,1
12897,23,1
12898,23,1
12899,23,1
12900,23,1
12901,23,1
12902,23,1
12903,23,1
12904,23,1
12905,23,1
12906,23,1
12907,23,1
12908,23,1
12909,24,1
12910,24,1
12911,24,1
12912,24,1
12913,24,1
12914,24,1
12915,24,1
12916,24,1
12917,24,1
12918,24,1
12919,24,1
12920,24,1
12921,24,1
12922,24,1
12923,24,1
12924,24,1
12925,24,1
12926,24,1
12927,24,1
12928,24,1
12929,24,1
12930,24,1
12931,24,1
12932,24,1
12933,24,1
12934,24,1
12935,24,1
12936,24,1
12937,24,1
12938,24,1
12939,24,1
12940,24,1
12941,24,1
12942,24,1
12943,24,1
12944,24,1
12945,24,1
12946,24,1
12947,24,1
12948,24,1
12949,24,1
12950,24,1
12951,24,1
12952,24,1
12953,24,1
12954,24,1
12955,24,1
12956,24,1
12957,24,1
12958,24,1
12959,24,1
12960,24,1
12961,24,1
12962,24,1
12963,24,1
12964,24,1
12965,24,1
12966,24,1
12967,24,1
12968,24,1
12969,24,1
12970,24,1
12971,24,1
12972,24,1
12973,24,1
12974,24,1
12975,24,1
12976,24,1
12977,24,1
12978,24,1
12979,24,1
12980,24,1
12981,24,1
12982,24,1
12983,24,1
12984,24,1
12985,24,1
12986,24,1
12987,24,1
12988,24,1
12989,24,1
12990,24,1
12991,24,1
12992,24,1
12993,24,1
12994,24,1
12995,24,1
12996,24,1
12997,24,1
12998,24,1
12999,24,1
13000,24,1
13001,24,1
13002,24,1
13003,24,1
13004,24,1
13005,24,1
13006,24,1
13007,24,1
13008,24,1
13009,24,1
13010,24,1
13011,24,1
13012,24,1
13013,24,1
13014,24,1
13015,24,1
13016,24,1
13017,24,1
13018,24,1
13019,24,1
13020,24,1
13021,24,1
13022,24,1
13023,24,1
13024,24,1
13025,24,1
13026,23,1
13027,23,1
13028,23,1
13029,23,1
13030,24,1
13031,24,1
13032,24,1
13033,24,1
13034,24,1
13035,24,1
13036,24,1
13037,24,1
13038,24,1
13039,24,1
13040,24,1
13041,24,1
13042,24,1
13043,24,1
13044,24,1
13045,24,1
13046,24,1
13047,24,1
13048,24,1
13049,24,1
13050,24,1
13051,24,1
13052,24,1
13053,24,1
13054,24,1
13055,24,1
13056,24,1
13057,24,1
13058,24,1
13059,24,1
13060,24,1
13061,24,1
13062,24,1
13063,24,1
13064,24,1
13065,24,1
13066,24,1
13067,24,1
13068,24,1
13069,24,1
13070,24,1
13071,24,1
13072,24,1
13073,24,1
13074,24,1
13075,24,1
13076,24,1
13077,24,1
13078,24,1
13079,24,1
13080,24,1
13081,24,1
13082,24,1
13083,24,1
13084,24,1
13085,24,1
13086,24,1
13087,24,1
13088,24,1
13089,24,1
13090,24,1
13091,24,1
13092,24,1
13093,24,1
13094,24,1
13095,24,1
13096,24,1
13097,24,1
13098,24,1
13099,24,1
13100,24,1
13101,24,1
13102,24,1
13103,24,1
13104,24,1
13105,24,1
13106,24,1
13107,24,1
13108,24,1
13109,24,1
13110,24,1
13111,24,1
13112,24,1
13113,24,1
13114,24,1
13115,24,1
13116,24,1
13117,24,1
13118,24,1
13119,24,1
13120,24,1
13121,24,1
13122,24,1
13123,24,1
13124,24,1
13125,25,1
13126,25,1
13127,25,1
13128,25,1
13129,25,1
13130,25,1
13131,25,1
13132,25,1
13133,25,1
13134,25,1
13135,25,1
13136,25,1
13137,25,1
13138,25,1
13139,25,1
13140,25,1
13141,25,1
13142,25,1
13143,25,1
13144,25,1
13145,25,1
13146,25,1
13147,25,1
13148,25,1
13149,25,1
13150,25,1
13151,25,1
13152,25,1
13153,25,1
13154,25,1
13155,25,1
13156,25,1
13157,25,1
13158,24,1
13159,24,1
13160,24,1
13161,24,1
13162,24,1
13163,24,1
13164,24,1
13165,24,1
13166,24,1
13167,24,1
13168,24,1
13169,24,1
13170,24,1
13171,24,1
13172,24,1
13173,24,1
13174,24,1
13175,24,1
13176,24,1
13177,24,1
13178,24,1
13179,24,1
13180,24,1
13181,24,1
13182,24,1
13183,24,1
13184,24,1
13185,25,1
13186,25,1
13187,25,1
13188,25,1
13189,25,1
13190,25,1
13191,24,0
13192,24,0
13193,24,0
13194,24,0
13195,24,0
13196,24,0
13197,24,0
13198,24,0
13199,24,0
13200,24,0
13201,24,0
13202,24,0
13203,24,0
13204,24,0
13205,24,0
13206,24,0
13207,24,0
13208,24,0
13209,25,0
13210,25,0
13211,25,0
13212,25,0
13213,25,0
13214,25,0
13215,25,0
13216,25,0
13217,25,0
13218,25,0
13219,25,0
13220,25,0
13221,25,0
13222,25,0
13223,25,0
13224,25,0
13225,25,0
13226,25,0
13227,25,0
13228,25,0
13229,25,0
13230,25,0
13231,25,0
13232,25,0
13233,25,0
13234,26,0
13235,26,0
13236,26,0
13237,26,0
13238,26,0
13239,26,0
13240,26,0
13241,26,0
13242,26,0
13243,26,0
13244,26,0
13245,26,0
13246,26,0
13247,26,0
13248,26,0
13249,26,0
13250,26,0
13251,26,0
13252,26,0
13253,26,0
13254,26,0
13255,26,0
13256,26,0
13257,26,0
13258,26,0
13259,26,0
13260,26,0
13261,26,0
13262,26,0
13263,26,0
13264,26,0
13265,26,0
13266,26,0
13267,26,0
13268,26,0
13269,26,0
13270,26,0
13271,26,0
13272,26,0
13273,26,0
13274,26,0
13275,26,0
13276,26,0
13277,26,0
13278,27,0
13279,27,0
13280,27,0
13281,27,0
13282,27,0
13283,27,0
13284,27,0
13285,27,0
13286,27,0
13287,27,0
13288,27,0
13289,27,0
13290,27,0
13291,27,0
13292,27,0
13293,27,0
13294,27,0
13295,27,0
13296,27,0
13297,27,0
13298,27,0
13299,27,0
13300,27,0
13301,27,0
13302,28,0
13303,28,0
13304,28,0
13305,28,0
13306,28,0
13307,28,0
13308,28,0
13309,28,0
13310,28,0
13311,28,0
13312,28,0
13313,28,0
13314,28,0
13315,28,0
13316,28,0
13317,28,0
13318,28,0
13319,28,0
13320,28,0
13321,28,0
13322,28,0
13323,27,0
13324,27,0
13325,27,0
13326,27,0
13327,27,0
13328,27,0
13329,27,0
13330,27,0
13331,27,0
13332,27,0
13333,27,0
13334,27,0
13335,27,0
13336,27,0
13337,27,0
13338,27,0
13339,27,0
13340,27,0
13341,27,0
13342,27,0
13343,27,0
13344,27,0
13345,27,0
13346,27,0
13347,27,0
13348,27,0
13349,27,0
13350,27,0
13351,27,0
13352,27,0
13353,27,0
13354,27,0
13355,27,0
13356,26,0
13357,26,0
13358,26,0
13359,26,0
13360,26,0
13361,26,0
13362,26,0
13363,26,0
13364,26,0
13365,26,0
13366,26,0
13367,26,0
13368,26,0
13369,26,0
13370,26,0
13371,26,0
13372,26,0
13373,26,0
13374,26,0
13375,26,0
13376,25,0
13377,25,0
13378,25,0
13379,25,0
13380,25,0
13381,25,0
13382,25,0
13383,25,0
13384,25,0
13385,25,0
13386,25,0
13387,25,0
13388,25,0
13389,25,0
13390,25,0
13391,25,0
13392,25,0
13393,25,0
13394,25,0
13395,25,0
13396,25,0
13397,25,0
13398,25,0
13399,25,0
13400,25,0
13401,25,0
13402,25,0
13403,25,0
13404,25,0
13405,25,0
13406,25,0
13407,25,0
13408,25,0
13409,25,0
13410,25,0
13411,25,0
13412,25,0
13413,25,0
13414,25,0
13415,25,0
13416,25,0
13417,25,0
13418,25,0
13419,25,0
13420,25,0
13421,25,0
13422,25,0
13423,25,0
13424,25,0
13425,25,0
13426,25,0
13427,25,0
13428,25,0
13429,26,0
13430,26,0
13431,26,0
13432,26,0
13433,26,0
13434,26,0
13435,26,0
13436,26,0
13437,26,0
13438,26,0
13439,26,0
13440,26,0
13441,26,0
13442,26,0
13443,26,0
13444,26,0
13445,26,0
13446,26,0
13447,26,0
13448,26,0
13449,26,0
13450,26,0
13451,26,0
13452,26,0
13453,26,0
13454,25,0
13455,24,0
13456,24,0
13457,24,0
13458,24,0
13459,24,0
13460,24,0
13461,24,0
13462,25,0
13463,25,0
13464,25,0
13465,25,0
13466,25,0
13467,25,0
13468,26,0
13469,26,0
13470,26,0
13471,26,0
13472,26,0
13473,26,0
13474,26,0
13475,26,0
13476,26,0
13477,26,0
13478,26,0
13479,26,0
13480,26,0
13481,26,0
13482,26,0
13483,26,0
13484,26,0
13485,26,0
13486,26,0
13487,26,0
13488,26,0
13489,26,0
13490,26,0
13491,26,0
13492,26,0
13493,26,0
13494,26,0
13495,26,0
13496,26,0
13497,26,0
13498,26,0
13499,26,0
13500,26,0
13501,26,0
13502,26,0
13503,26,0
13504,26,0
13505,26,0
13506,26,0
13507,26,0
13508,26,0
13509,26,0
13510,26,0
13511,26,0
13512,26,0
13513,26,0
13514,26,0
13515,26,0
13516,26,0
13517,26,0
13518,26,0
13519,26,0
13520,26,0
13521,26,0
13522,27,0
13523,27,0
13524,27,0
13525,27,0
13526,27,0
13527,27,0
13528,27,0
13529,27,0
13530,27,0
13531,27,0
13532,27,0
13533,27,0
13534,27,0
13535,27,0
13536,27,0
13537,27,0
13538,27,0
13539,27,0
13540,27,0
13541,27,0
13542,27,0
13543,28,0
13544,28,0
13545,28,0
13546,28,0
13547,28,0
13548,28,0
13549,28,0
13550,28,0
13551,28,0
13552,28,0
13553,28,0
13554,28,0
13555,28,0
13556,28,0
13557,28,0
13558,28,0
13559,28,0
13560,28,0
13561,28,0
13562,28,0
13563,28,0
13564,28,0
13565,28,0
13566,28,0
13567,28,0
13568,28,0
13569,28,0
13570,28,0
13571,28,0
13572,28,0
13573,28,0
13574,28,0
13575,28,0
13576,28,0
13577,28,0
13578,28,0
13579,28,0
13580,28,0
13581,28,0
13582,28,0
13583,28,0
13584,28,0
13585,28,0
13586,28,0
13587,27,0
13588,27,0
13589,27,0
13590,27,0
13591,27,0
13592,27,0
13593,27,0
13594,27,0
13595,27,0
13596,27,0
13597,27,0
13598,27,0
13599,27,0
13600,27,0
13601,27,0
13602,27,0
13603,27,0
13604,27,0
13605,27,0
13606,27,0
13607,27,0
13608,27,0
13609,27,0
13610,27,0
13611,26,0
13612,26,0
13613,26,0
13614,26,0
13615,26,0
13616,26,0
13617,26,0
13618,26,0
13619,26,0
13620,26,0
13621,26,0
13622,26,0
13623,26,0
13624,26,0
13625,26,0
13626,26,0
13627,26,0
13628,26,0
13629,26,0
13630,26,0
13631,26,0
13632,26,0
13633,26,0
13634,26,0
13635,26,0
13636,26,0
13637,26,0
13638,26,0
13639,26,0
13640,26,0
13641,26,0
13642,26,0
13643,26,0
13644,26,0
13645,27,0
13646,27,0
13647,27,0
13648,27,0
13649,27,0
13650,27,0
13651,27,0
13652,27,0
13653,27,0
13654,27,0
13655,27,0
13656,27,0
13657,27,0
13658,27,0
13659,28,0
13660,28,0
13661,28,0
13662,28,0
13663,28,0
13664,28,0
13665,28,0
13666,28,0
13667,28,0
13668,28,0
13669,28,0
13670,28,0
13671,28,0
13672,28,0
13673,28,0
13674,28,0
13675,28,0
13676,28,0
13677,28,0
13678,28,0
13679,28,0
13680,28,0
13681,28,0
13682,28,0
13683,28,0
13684,28,0
13685,28,0
13686,28,0
13687,28,0
13688,28,0
13689,28,0
13690,28,0
13691,28,0
13692,28,0
13693,28,0
13694,28,0
13695,28,0
13696,29,0
13697,29,0
13698,29,0
13699,29,0
13700,29,0
13701,29,0
13702,29,0
13703,29,0
13704,29,0
13705,29,0
13706,29,0
13707,29,0
13708,29,0
13709,29,0
13710,29,0
13711,29,0
13712,29,0
13713,29,0
13714,29,0
13715,29,0
13716,29,0
13717,29,0
13718,29,0
13719,29,0
13720,29,0
13721,29,0
13722,29,0
13723,29,0
13724,30,0
13725,30,0
13726,30,0
13727,30,0
13728,30,0
13729,30,0
13730,30,0
13731,30,0
13732,30,0
13733,30,0
13734,30,0
13735,30,0
13736,30,0
13737,30,0
13738,30,0
13739,30,0
13740,30,0
13741,30,0
13742,30,0
13743,30,0
13744,31,0
13745,31,0
13746,31,0
13747,31,0
13748,31,0
13749,31,0
13750,31,0
13751,31,0
13752,31,0
13753,31,0
13754,31,0
13755,31,0
13756,31,0
13757,31,0
13758,31,0
13759,31,0
13760,31,0
13761,31,0
13762,31,0
13763,31,0
13764,31,0
13765,31,0
13766,31,0
13767,31,0
13768,31,0
13769,31,0
13770,31,0
13771,31,0
13772,31,0
13773,31,0
13774,31,0
13775,31,0
13776,31,0
13777,31,0
13778,31,0
13779,31,0
13780,31,0
13781,31,0
13782,31,0
13783,31,0
13784,31,0
13785,31,0
13786,31,0
13787,31,0
13788,31,0
13789,31,0
13790,31,0
13791,31,0
13792,31,0
13793,31,0
13794,31,0
13795,31,0
13796,31,0
13797,31,0
13798,31,0
13799,31,0
13800,31,0
13801,31,0
13802,31,0
13803,31,0
13804,31,0
13805,31,0
13806,31,0
13807,31,0
13808,31,0
13809,31,0
13810,31,0
13811,31,0
13812,31,0
13813,31,0
13814,31,0
13815,31,0
13816,31,0
13817,31,0
13818,30,0
13819,30,0
13820,30,0
13821,30,0
13822,30,0
13823,30,0
13824,30,0
13825,30,0
13826,30,0
13827,30,0
13828,30,0
13829,30,0
13830,30,0
13831,30,0
13832,30,0
13833,30,0
13834,30,0
13835,30,0
13836,30,0
13837,30,0
13838,30,0
13839,30,0
13840,30,0
13841,30,0
13842,30,0
13843,30,0
13844,30,0
13845,30,0
13846,30,0
13847,30,0
13848,30,0
13849,30,0
13850,30,0
13851,29,0
13852,30,0
13853,30,0
13854,30,0
13855,30,0
13856,30,0
13857,30,0
13858,30,0
13859,30,0
13860,30,0
13861,30,0
13862,30,0
13863,30,0
13864,30,0
13865,30,0
13866,30,0
13867,30,0
13868,30,0
13869,30,0
13870,30,0
13871,30,0
13872,31,0
13873,31,0
13874,31,0
13875,31,0
13876,31,0
13877,31,0
13878,31,0
13879,31,0
13880,31,0
13881,31,0
13882,31,0
13883,31,0
13884,31,0
13885,31,0
13886,31,0
13887,31,0
13888,31,0
13889,31,0
13890,31,0
13891,31,0
13892,31,0
13893,31,0
13894,31,0
13895,31,0
13896,31,0
13897,31,0
13898,31,0
13899,31,0
13900,31,0
13901,31,0
13902,31,0
13903,31,0
13904,31,0
13905,31,0
13906,31,0
13907,31,0
13908,31,0
13909,31,0
13910,31,0
13911,31,0
13912,31,0
13913,31,0
13914,31,0
13915,31,0
13916,31,0
13917,30,0
13918,30,0
13919,30,0
13920,30,0
13921,30,0
13922,30,0
13923,30,0
13924,30,0
13925,30,0
13926,30,0
13927,30,0
13928,30,0
13929,30,0
13930,30,0
13931,30,0
13932,30,0
13933,30,0
13934,30,0
13935,30,0
13936,30,0
13937,30,0
13938,30,0
13939,30,0
13940,30,0
13941,30,0
13942,30,0
13943,30,0
13944,30,0
13945,30,0
13946,30,0
13947,30,0
13948,30,0
13949,30,0
13950,30,0
13951,30,0
13952,30,0
13953,30,0
13954,30,0
13955,30,0
13956,30,0
13957,30,0
13958,30,0
13959,30,0
13960,30,0
13961,30,0
13962,30,0
13963,30,0
13964,30,0
13965,30,0
13966,30,0
13967,30,0
13968,30,0
13969,30,0
13970,31,0
13971,31,0
13972,31,0
13973,31,0
13974,31,0
13975,31,0
13976,31,0
13977,31,0
13978,31,0
13979,31,0
13980,31,0
13981,31,0
13982,31,0
13983,30,0
13984,30,0
13985,30,0
13986,30,0
13987,30,0
13988,30,0
13989,30,0
13990,30,0
13991,30,0
13992,30,0
13993,30,0
13994,30,0
13995,30,0
13996,30,0
13997,30,0
13998,30,0
13999,30,0
14000,30,0
14001,30,0
14002,30,0
14003,30,0
14004,30,0
14005,30,0
14006,30,0
14007,30,0
14008,30,0
14009,30,0
14010,30,0
14011,30,0
14012,30,0
14013,30,0
14014,30,0
14015,30,0
14016,30,0
14017,30,0
14018,30,0
14019,30,0
14020,30,0
14021,30,0
14022,30,0
14023,29,0
14024,29,0
14025,29,0
14026,29,0
14027,29,0
14028,29,0
14029,29,0
14030,29,0
14031,29,0
14032,29,0
14033,29,0
14034,29,0
14035,29,0
14036,29,0
14037,29,0
14038,29,0
14039,29,0
14040,29,0
14041,29,0
14042,30,0
14043,30,0
14044,30,0
14045,30,0
14046,30,0
14047,30,0
14048,30,0
14049,30,0
14050,30,0
14051,30,0
14052,30,0
14053,30,0
14054,30,0
14055,30,0
14056,30,0
14057,30,0
14058,29,0
14059,29,0
14060,29,0
14061,29,0
14062,29,0
14063,29,0
14064,29,0
14065,29,0
14066,29,0
14067,29,0
14068,29,0
14069,29,0
14070,29,0
14071,29,0
14072,29,0
14073,30,0
14074,30,0
14075,30,0
14076,30,0
14077,30,0
14078,30,0
14079,30,0
14080,30,0
14081,30,0
14082,30,0
14083,30,0
14084,30,0
14085,30,0
14086,30,0
14087,30,0
14088,30,0
14089,31,0
14090,31,0
14091,31,0
14092,31,0
14093,31,0
14094,32,0
14095,32,0
14096,32,0
14097,32,0
14098,32,0
14099,32,0
14100,32,0
14101,32,0
14102,32,0
14103,32,0
14104,32,0
14105,32,0
14106,32,0
14107,32,0
14108,32,0
14109,32,0
14110,32,0
14111,32,0
14112,32,0
14113,32,0
14114,32,0
14115,32,0
14116,32,0
14117,32,0
14118,32,0
14119,32,0
14120,32,0
14121,32,0
14122,32,0
14123,32,0
14124,31,0
14125,31,0
14126,31,0
14127,31,0
14128,31,0
14129,31,0
14130,31,0
14131,31,0
14132,31,0
14133,31,0
14134,31,0
14135,31,0
14136,31,0
14137,31,0
14138,31,0
14139,31,0
14140,31,0
14141,31,0
14142,31,0
14143,31,0
14144,31,0
14145,31,0
14146,31,0
14147,31,0
14148,31,0
14149,31,0
14150,31,0
14151,31,0
14152,31,0
14153,31,0
14154,31,0
14155,31,0
14156,31,0
14157,31,0
14158,31,0
14159,31,0
14160,31,0
14161,31,0
14162,30,0
14163,30,0
14164,30,0
14165,30,0
14166,30,0
14167,30,0
14168,30,0
14169,30,0
14170,30,0
14171,30,0
14172,30,0
14173,30,0
14174,30,0
14175,30,0
14176,30,0
14177,30,0
14178,30,0
14179,30,0
14180,30,0
14181,30,0
14182,30,0
14183,30,0
14184,30,0
14185,30,0
14186,30,0
14187,30,0
14188,30,0
14189,30,0
14190,30,0
14191,30,0
14192,29,0
14193,29,0
14194,29,0
14195,29,0
14196,29,0
14197,29,0
14198,29,0
14199,29,0
14200,29,0
14201,29,0
14202,29,0
14203,29,0
14204,29,0
14205,29,0
14206,29,0
14207,29,0
14208,29,0
14209,29,0
14210,29,0
14211,29,0
14212,29,0
14213,29,0
14214,29,0
14215,29,0
14216,29,0
14217,29,0
14218,29,0
14219,29,0
14220,29,0
14221,29,0
14222,29,0
14223,29,0
14224,29,0
14225,29,0
14226,29,0
14227,29,0
14228,29,0
14229,29,0
14230,29,0
14231,29,0
14232,29,0
14233,29,0
14234,29,0
14235,29,0
14236,29,0
14237,28,0
14238,28,0
14239,28,0
14240,28,0
14241,28,0
14242,28,0
14243,28,0
14244,28,0
14245,28,0
14246,28,0
14247,28,0
14248,28,0
14249,28,0
14250,28,0
14251,28,0
14252,28,0
14253,28,0
14254,28,0
14255,28,0
14256,28,0
14257,28,0
14258,28,0
14259,28,0
14260,28,0
14261,29,1
14262,29,1
14263,29,1
14264,29,1
14265,29,1
14266,29,1
14267,29,1
14268,29,1
14269,29,1
14270,29,1
14271,29,1
14272,29,1
14273,29,1
14274,29,1
14275,29,1
14276,29,1
14277,29,1
14278,29,1
14279,29,1
14280,29,1
14281,29,1
14282,29,1
14283,29,1
14284,29,1
14285,29,1
14286,29,1
14287,29,1
14288,29,1
14289,29,1
14290,29,1
14291,29,1
14292,29,1
14293,29,1
14294,29,1
14295,29,1
14296,29,1
14297,29,1
14298,29,1
14299,29,1
14300,29,1
14301,29,1
14302,29,1
14303,29,1
14304,29,1
14305,29,1
14306,29,1
14307,29,1
14308,29,1
14309,29,1
14310,29,1
14311,29,1
14312,29,1
14313,29,1
14314,29,1
14315,29,1
14316,29,1
14317,29,1
14318,29,1
14319,29,1
14320,29,1
14321,29,1
14322,29,1
14323,29,1
14324,29,1
14325,29,1
14326,29,1
14327,29,1
14328,29,1
14329,29,1
14330,29,1
14331,29,1
14332,29,1
14333,29,1
14334,29,1
14335,29,1
14336,29,1
14337,29,1
14338,29,1
14339,29,1
14340,29,1
14341,29,1
14342,29,1
14343,29,1
14344,29,1
14345,29,1
14346,29,1
14347,29,1
14348,29,1
14349,29,1
14350,29,1
14351,29,1
14352,29,1
14353,29,1
14354,29,1
14355,29,1
14356,29,1
14357,29,1
14358,29,1
14359,29,1
14360,29,1
14361,29,1
14362,29,1
14363,29,1
14364,29,1
14365,29,1
14366,29,1
14367,29,1
14368,29,1
14369,29,1
14370,29,1
14371,29,1
14372,29,1
14373,29,1
14374,29,1
14375,29,1
14376,29,1
14377,29,1
14378,29,1
14379,29,1
14380,29,1
14381,29,1
14382,29,1
14383,29,1
14384,29,1
14385,29,1
14386,29,1
14387,29,1
14388,29,1
14389,29,1
14390,29,1
14391,29,1
14392,29,1
14393,29,1
14394,29,1
14395,29,1
14396,29,1
14397,29,1
14398,29,1
14399,29,1
14400,29,1
14401,29,1
14402,29,1
14403,29,1
14404,29,1
14405,29,1
14406,29,1
14407,29,1
14408,29,1
14409,29,1
14410,29,1
14411,29,1
14412,29,1
14413,29,1
14414,29,1
14415,29,1
14416,29,1
14417,29,1
14418,29,1
14419,29,1
14420,29,1
14421,29,1
14422,29,1
14423,29,1
14424,29,1
14425,28,1
14426,29,1
14427,29,1
14428,29,1
14429,29,1
14430,28,1
14431,28,1
14432,28,1
14433,28,1
14434,28,1
14435,28,1
14436,28,1
14437,28,1
14438,28,1
14439,28,1
14440,28,1
14441,28,1
14442,28,1
14443,28,1
14444,28,1
14445,28,1
14446,28,1
14447,28,1
14448,28,1
14449,28,1
14450,28,1
14451,28,1
14452,28,1
14453,28,1
14454,28,1
14455,28,1
14456,28,1
14457,28,1
14458,28,1
14459,28,1
14460,28,1
14461,28,1
14462,28,1
14463,28,1
14464,28,1
14465,27,1
14466,27,1
14467,27,1
14468,27,1
14469,27,1
14470,27,1
14471,27,1
14472,27,1
14473,27,1
14474,27,1
14475,27,1
14476,28,1
14477,28,1
14478,28,1
14479,28,1
14480,28,1
14481,28,1
14482,28,1
14483,29,1
14484,29,1
14485,29,1
14486,29,1
14487,29,1
14488,29,1
14489,29,1
14490,29,1
14491,29,1
14492,29,1
14493,29,1
14494,29,1
14495,30,1
14496,30,1
14497,30,1
14498,30,1
14499,30,1
14500,30,1
14501,30,1
14502,30,1
14503,30,1
14504,30,1
14505,30,1
14506,30,1
14507,30,1
14508,30,1
14509,30,1
14510,30,1
14511,30,1
14512,30,1
14513,30,1
14514,30,1
14515,30,1
14516,30,1
14517,30,1
14518,30,1
14519,30,1
14520,30,1
14521,30,1
14522,30,1
14523,30,1
14524,30,1
14525,30,1
14526,30,1
14527,30,1
14528,30,1
14529,30,1
14530,30,1
14531,29,1
14532,29,1
14533,29,1
14534,29,1
14535,29,1
14536,29,1
14537,29,1
14538,29,1
14539,29,1
14540,29,1
14541,29,1
14542,29,1
14543,29,1
14544,29,1
14545,29,1
14546,29,1
14547,29,1
14548,29,1
14549,29,1
14550,29,1
14551,29,1
14552,29,1
14553,29,1
14554,29,1
14555,29,1
14556,29,1
14557,29,1
14558,29,1
14559,29,1
14560,29,1
14561,29,1
14562,29,1
14563,29,1
14564,29,1
14565,29,1
14566,29,1
14567,29,1
14568,29,1
14569,29,1
14570,29,1
14571,29,1
14572,29,1
14573,29,1
14574,29,1
14575,29,1
14576,29,1
14577,29,1
14578,29,1
14579,29,1
14580,29,1
14581,29,1
14582,29,1
14583,29,1
14584,29,1
14585,29,1
14586,29,1
14587,29,1
14588,29,1
14589,29,1
14590,29,1
14591,29,1
14592,29,1
14593,29,1
14594,29,1
14595,29,1
14596,29,1
14597,29,1
14598,29,1
14599,29,1
14600,29,1
14601,29,1
14602,29,1
14603,29,1
14604,29,1
14605,29,1
14606,29,1
14607,29,1
14608,29,1
14609,29,1
14610,29,1
14611,29,1
14612,29,1
14613,29,1
14614,29,1
14615,29,1
14616,29,1
14617,29,1
14618,29,1
14619,29,1
14620,29,1
14621,29,1
14622,29,1
14623,29,1
14624,29,1
14625,29,1
14626,29,1
14627,29,1
14628,29,1
14629,29,1
14630,29,1
14631,29,1
14632,29,1
14633,29,1
14634,29,1
14635,29,1
14636,29,1
14637,29,1
14638,29,1
14639,29,1
14640,29,1
14641,29,1
14642,29,1
14643,29,1
14644,29,1
14645,29,1
14646,29,1
14647,29,1
14648,29,1
14649,29,1
14650,29,1
14651,29,1
14652,29,1
14653,29,1
14654,29,1
14655,29,1
14656,29,1
14657,29,1
14658,29,1
14659,29,1
14660,29,1
14661,29,1
14662,29,1
14663,29,1
14664,29,1
14665,29,1
14666,29,1
14667,29,1
14668,29,1
14669,29,1
14670,29,1
14671,29,1
14672,29,1
14673,29,1
14674,29,1
14675,29,1
14676,29,1
14677,29,1
14678,29,1
14679,29,1
14680,29,1
14681,29,1
14682,29,1
14683,29,1
14684,29,1
14685,29,1
14686,29,1
14687,29,1
14688,29,1
14689,29,1
14690,29,1
14691,29,1
14692,29,1
14693,29,1
14694,29,1
14695,29,1
14696,29,1
14697,29,1
14698,29,1
14699,29,1
14700,29,1
14701,29,1
14702,29,1
14703,29,1
14704,29,1
14705,29,1
14706,29,1
14707,29,1
14708,29,1
14709,29,1
14710,28,1
14711,28,1
14712,28,1
14713,28,1
14714,28,1
14715,28,1
14716,28,1
14717,28,1
14718,28,1
14719,27,1
14720,27,1
14721,27,1
14722,26,1
14723,26,1
14724,26,1
14725,26,1
14726,26,1
14727,26,1
14728,26,1
14729,26,1
14730,26,1
14731,26,1
14732,26,1
14733,26,1
14734,26,1
14735,26,1
14736,26,1
14737,26,1
14738,26,1
14739,26,1
14740,26,1
14741,26,1
14742,27,1
14743,26,1
14744,26,1
14745,26,1
14746,26,1
14747,26,1
14748,26,1
14749,26,1
14750,26,1
14751,26,1
14752,26,1
14753,26,1
14754,26,1
14755,26,1
14756,26,1
14757,26,1
14758,26,1
14759,26,1
14760,26,1
14761,26,1
14762,26,1
14763,26,1
14764,26,1
14765,26,1
14766,26,1
14767,26,1
14768,26,1
14769,27,1
14770,27,1
14771,27,1
14772,27,1
14773,27,1
14774,27,1
14775,27,1
14776,27,1
14777,27,1
14778,26,1
14779,26,1
14780,26,1
14781,27,1
14782,27,1
14783,27,1
14784,27,1
14785,27,1
14786,27,1
14787,26,1
14788,26,1
14789,26,1
14790,26,1
14791,26,1
14792,27,1
14793,27,1
14794,27,1
14795,27,1
14796,27,1
14797,27,1
14798,27,1
14799,27,1
14800,27,1
14801,27,1
14802,27,1
14803,27,1
14804,27,1
14805,27,1
14806,27,1
14807,27,1
14808,27,1
14809,27,1
14810,27,1
14811,27,1
14812,27,1
14813,27,1
14814,27,1
14815,28,1
14816,28,1
14817,28,1
14818,28,1
14819,28,1
14820,28,1
14821,28,1
14822,28,1
14823,28,1
14824,28,1
14825,28,1
14826,28,1
14827,28,1
14828,28,1
14829,28,1
14830,28,1
14831,28,1
14832,28,1
14833,28,1
14834,28,1
14835,28,1
14836,28,1
14837,28,1
14838,28,1
14839,28,1
14840,28,1
14841,28,1
14842,28,1
14843,28,1
14844,28,1
14845,28,1
14846,28,1
14847,28,1
14848,28,1
14849,28,1
14850,28,1
14851,28,1
14852,28,1
14853,28,1
14854,28,1
14855,28,1
14856,28,1
14857,28,1
14858,28,1
14859,28,1
14860,28,1
14861,28,1
14862,28,1
14863,28,1
14864,28,1
14865,28,1
14866,28,1
14867,28,1
14868,28,1
14869,28,1
14870,28,1
14871,28,1
14872,28,1
14873,28,1
14874,28,1
14875,28,1
14876,28,1
14877,28,1
14878,28,1
14879,28,1
14880,28,1
14881,28,1
14882,28,1
14883,28,1
14884,28,1
14885,28,1
14886,28,1
14887,28,1
14888,28,1
14889,28,1
14890,28,1
14891,28,1
14892,28,1
14893,28,1
14894,28,1
14895,28,1
14896,28,1
14897,28,1
14898,28,1
14899,28,1
14900,28,1
14901,28,1
14902,28,1
14903,28,1
14904,28,1
14905,28,1
14906,28,1
14907,28,1
14908,28,1
14909,28,1
14910,28,1
14911,28,1
14912,28,1
14913,28,1
14914,28,1
14915,28,1
14916,28,1
14917,29,1
14918,29,1
14919,29,1
14920,29,1
14921,29,1
14922,29,1
14923,29,1
14924,28,1
14925,28,1
14926,28,1
14927,28,1
14928,28,1
14929,28,1
14930,28,1
14931,28,1
14932,28,1
14933,28,1
14934,28,1
14935,28,1
14936,28,1
14937,28,1
14938,28,1
14939,28,1
14940,28,1
14941,28,1
14942,28,1
14943,28,1
14944,28,1
14945,28,1
14946,28,1
14947,28,1
14948,28,1
14949,28,1
14950,28,1
14951,28,1
14952,28,1
14953,29,1
14954,29,1
14955,29,1
14956,29,1
14957,29,1
14958,29,1
14959,29,1
14960,29,1
14961,30,1
14962,30,1
14963,30,1
14964,30,1
14965,30,1
14966,30,1
14967,30,1
14968,30,1
14969,30,1
14970,30,1
14971,30,1
14972,30,1
14973,30,1
14974,30,1
14975,30,1
14976,30,1
14977,30,1
14978,30,1
14979,30,1
14980,30,1
14981,30,1
14982,30,1
14983,30,1
14984,30,1
14985,30,1
14986,30,1
14987,30,1
14988,30,1
14989,30,1
14990,30,1
14991,30,1
14992,30,1
14993,30,1
14994,30,1
14995,30,1
14996,30,1
14997,30,1
14998,30,1
14999,30,1
15000,30,1
15001,30,1
15002,30,1
15003,30,1
15004,30,1
15005,30,1
15006,30,1
15007,30,1
15008,30,1
15009,30,1
15010,30,1
15011,30,1
15012,30,1
15013,30,1
15014,30,1
15015,30,1
15016,30,1
15017,30,1
15018,30,1
15019,30,1
15020,30,1
15021,30,1
15022,30,1
15023,30,1
15024,30,1
15025,30,1
15026,30,1
15027,30,1
15028,30,1
15029,30,1
15030,30,1
15031,30,1
15032,30,1
15033,30,1
15034,30,1
15035,30,1
15036,30,1
15037,30,1
15038,30,1
15039,30,1
15040,30,1
15041,30,1
15042,31,1
15043,31,1
15044,31,1
15045,31,1
15046,31,1
15047,31,1
15048,31,1
15049,31,1
15050,31,1
15051,31,1
15052,31,1
15053,31,1
15054,31,1
15055,31,1
15056,30,1
15057,30,1
15058,30,1
15059,30,1
15060,30,1
15061,30,1
15062,30,1
15063,30,1
15064,30,1
15065,30,1
15066,30,1
15067,30,1
15068,30,1
15069,30,1
15070,30,1
15071,30,1
15072,30,1
15073,30,1
15074,30,1
15075,30,1
15076,30,1
15077,30,1
15078,30,1
15079,30,1
15080,30,1
15081,30,1
15082,30,1
15083,30,1
15084,30,1
15085,30,1
15086,30,1
15087,30,1
15088,30,1
15089,30,1
15090,30,1
15091,30,1
15092,30,1
15093,30,1
15094,30,1
15095,30,1
15096,30,1
15097,30,1
15098,30,1
15099,30,1
15100,29,1
15101,29,1
15102,29,1
15103,29,1
15104,29,1
15105,29,1
15106,29,1
15107,29,1
15108,29,1
15109,29,1
15110,29,1
15111,29,1
15112,29,1
15113,29,1
15114,29,1
15115,29,1
15116,29,1
15117,29,1
15118,29,1
15119,29,1
15120,29,1
15121,29,1
15122,29,1
15123,29,1
15124,29,1
15125,29,1
15126,29,1
15127,29,1
15128,29,1
15129,29,1
15130,29,1
15131,29,1
15132,29,1
15133,29,1
15134,29,1
15135,29,1
15136,29,1
15137,29,1
15138,29,1
15139,29,1
15140,29,1
15141,29,1
15142,29,1
15143,29,1
15144,29,1
15145,29,1
15146,29,1
15147,29,1
15148,29,1
15149,29,1
15150,29,1
15151,29,1
15152,29,1
15153,29,1
15154,29,1
15155,29,1
15156,29,1
15157,29,1
15158,29,1
15159,29,1
15160,29,1
15161,29,1
15162,29,1
15163,29,1
15164,29,1
15165,29,1
15166,29,1
15167,29,1
15168,29,1
15169,29,1
15170,29,1
15171,29,1
15172,29,1
15173,29,1
15174,29,1
15175,29,1
15176,29,1
15177,29,1
15178,29,1
15179,29,1
15180,29,1
15181,29,1
15182,30,1
15183,30,1
15184,30,1
15185,30,1
15186,30,1
15187,30,1
15188,30,1
15189,30,1
15190,30,1
15191,30,1
15192,30,1
15193,30,1
15194,30,1
15195,30,1
15196,30,1
15197,30,1
15198,30,1
15199,30,1
15200,30,1
15201,30,1
15202,30,1
15203,30,1
15204,30,1
15205,30,1
15206,30,1
15207,30,1
15208,30,1
15209,30,1
15210,30,1
15211,30,1
15212,30,1
15213,30,1
15214,30,1
15215,30,1
15216,30,1
15217,30,1
15218,31,1
15219,31,1
15220,31,1
15221,31,1
15222,30,1
15223,30,1
15224,30,1
15225,30,1
15226,30,1
15227,30,1
15228,30,1
15229,30,1
15230,30,1
15231,30,1
15232,30,1
15233,30,1
15234,29,1
15235,29,1
15236,29,1
15237,29,1
15238,29,1
15239,29,1
15240,29,1
15241,29,1
15242,29,1
15243,29,1
15244,29,1
15245,29,1
15246,29,1
15247,29,1
15248,29,1
15249,29,1
15250,29,1
15251,29,1
15252,29,1
15253,29,1
15254,29,1
15255,29,1
15256,29,1
15257,29,1
15258,29,1
15259,29,1
15260,29,1
15261,29,1
15262,29,1
15263,29,1
15264,29,1
15265,29,1
15266,29,1
15267,29,1
15268,29,1
15269,29,1
15270,29,1
15271,29,1
15272,29,1
15273,29,1
15274,29,1
15275,29,1
15276,29,1
15277,29,1
15278,29,1
15279,29,1
15280,29,1
15281,29,1
15282,29,1
15283,29,1
15284,29,1
15285,29,1
15286,29,1
15287,29,1
15288,29,1
15289,29,1
15290,30,1
15291,30,1
15292,30,1
15293,30,1
15294,30,1
15295,30,1
15296,30,1
15297,30,1
15298,30,1
15299,30,1
15300,30,1
15301,30,1
15302,30,1
15303,30,1
15304,30,1
15305,30,1
15306,30,1
15307,30,1
15308,30,1
15309,30,1
15310,30,1
15311,30,1
15312,30,1
15313,30,1
15314,30,1
15315,30,1
15316,30,1
15317,30,1
15318,30,1
15319,30,1
15320,30,1
15321,30,1
15322,30,1
15323,30,1
15324,30,1
15325,30,1
15326,30,1
15327,30,1
15328,31,1
15329,31,1
15330,31,1
15331,31,1
15332,31,1
15333,30,1
15334,30,1
15335,30,1
15336,30,1
15337,30,1
15338,30,1
15339,30,1
15340,30,1
15341,30,1
15342,30,1
15343,30,1
15344,30,1
15345,30,1
15346,30,1
15347,30,1
15348,30,1
15349,30,1
15350,30,1
15351,30,1
15352,30,1
15353,30,1
15354,30,1
15355,30,1
15356,30,1
15357,30,1
15358,30,1
15359,30,1
15360,30,1
15361,30,1
15362,30,1
15363,30,1
15364,30,1
15365,30,1
15366,30,1
15367,30,1
15368,30,1
15369,30,1
15370,30,1
15371,30,1
15372,30,1
15373,30,1
15374,30,1
15375,30,1
15376,30,1
15377,30,1
15378,30,1
15379,30,1
15380,30,1
15381,30,1
15382,30,1
15383,30,1
15384,30,1
15385,30,1
15386,30,1
15387,30,1
15388,30,1
15389,30,1
15390,30,1
15391,30,1
15392,30,1
15393,30,1
15394,30,1
15395,30,1
15396,30,1
15397,30,1
15398,30,1
15399,30,1
15400,30,1
15401,30,1
15402,30,1
15403,30,1
15404,30,1
15405,30,1
15406,30,1
15407,30,1
15408,30,1
15409,30,1
15410,30,1
15411,30,1
15412,30,1
15413,30,1
15414,30,1
15415,30,1
15416,31,1
15417,31,1
15418,31,1
15419,31,1
15420,31,1
15421,31,1
15422,31,1
15423,31,1
15424,31,1
15425,31,1
15426,31,1
15427,31,1
15428,31,1
15429,31,1
15430,31,1
15431,31,1
15432,31,1
15433,31,1
15434,31,1
15435,31,1
15436,31,1
15437,31,1
15438,31,1
15439,31,1
15440,31,1
15441,31,1
15442,30,1
15443,30,1
15444,30,1
15445,30,1
15446,30,1
15447,30,1
15448,30,1
15449,30,1
15450,31,1
15451,31,1
15452,31,1
15453,31,1
15454,32,1
15455,32,1
15456,32,1
15457,32,1
15458,32,1
15459,32,1
15460,32,1
15461,32,1
15462,32,1
15463,32,1
15464,32,1
15465,32,1
15466,32,1
15467,32,1
15468,32,1
15469,32,1
15470,32,1
15471,32,1
15472,32,1
15473,32,1
15474,32,1
15475,32,1
15476,32,1
15477,32,1
15478,32,1
15479,32,1
15480,32,1
15481,32,1
15482,32,1
15483,32,1
15484,32,1
15485,32,1
15486,32,1
15487,32,1
15488,32,1
15489,32,1
15490,32,1
15491,32,1
15492,32,1
15493,32,1
15494,32,1
15495,32,1
15496,32,1
15497,32,1
15498,32,1
15499,32,1
15500,32,1
15501,32,1
15502,32,1
15503,32,1
15504,32,1
15505,32,1
15506,32,1
15507,32,1
15508,32,1
15509,33,1
15510,33,1
15511,33,1
15512,33,1
15513,33,1
15514,33,1
15515,33,1
15516,33,1
15517,33,1
15518,33,1
15519,33,1
15520,33,1
15521,33,1
15522,33,1
15523,33,1
15524,33,1
15525,33,1
15526,33,1
15527,33,1
15528,33,1
15529,33,1
15530,33,1
15531,33,1
15532,33,1
15533,33,1
15534,33,1
15535,33,1
15536,33,1
15537,33,1
15538,33,1
15539,33,1
15540,33,1
15541,33,1
15542,33,1
15543,33,1
15544,32,1
15545,32,1
15546,32,1
15547,32,1
15548,32,1
15549,32,1
15550,32,1
15551,32,1
15552,32,1
15553,32,1
15554,32,1
15555,32,1
15556,32,1
15557,32,1
15558,32,1
15559,32,1
15560,32,1
15561,32,1
15562,32,1
15563,32,1
15564,32,1
15565,32,1
15566,32,1
15567,32,1
15568,32,1
15569,32,1
15570,31,1
15571,31,1
15572,31,1
15573,31,1
15574,31,1
15575,31,1
15576,31,1
15577,30,1
15578,30,1
15579,30,1
15580,30,1
15581,30,1
15582,30,1
15583,30,1
15584,30,1
15585,30,1
15586,30,1
15587,30,1
15588,30,1
15589,30,1
15590,30,1
15591,30,1
15592,30,1
15593,30,1
15594,30,1
15595,30,1
15596,30,1
15597,30,1
15598,30,1
15599,30,1
15600,30,1
15601,30,1
15602,30,1
15603,30,1
15604,30,1
15605,30,1
15606,30,1
15607,30,1
15608,30,1
15609,30,1
15610,30,1
15611,31,1
15612,31,1
15613,31,1
15614,31,1
15615,31,1
15616,31,1
15617,31,1
15618,31,1
15619,31,1
15620,31,1
15621,31,1
15622,31,1
15623,31,1
15624,31,1
15625,31,1
15626,31,1
15627,31,1
15628,31,1
15629,31,1
15630,31,1
15631,31,1
15632,31,1
15633,31,1
15634,31,1
15635,31,1
15636,30,1
15637,30,1
15638,30,1
15639,30,1
15640,30,1
15641,30,1
15642,30,1
15643,30,1
15644,30,1
15645,30,1
15646,30,1
15647,30,1
15648,30,1
15649,30,1
15650,30,1
15651,30,1
15652,30,1
15653,30,1
15654,30,1
15655,30,1
15656,30,1
15657,30,1
15658,30,1
15659,30,1
15660,30,1
15661,30,1
15662,30,1
15663,30,1
15664,30,1
15665,30,1
15666,30,1
15667,30,1
15668,30,1
15669,29,1
15670,29,1
15671,29,1
15672,29,1
15673,29,1
15674,29,1
15675,29,1
15676,29,1
15677,29,1
15678,29,1
15679,29,1
15680,29,1
15681,29,1
15682,29,1
15683,29,1
15684,29,1
15685,29,1
15686,29,1
15687,29,1
15688,29,1
15689,30,1
15690,30,1
15691,30,1
15692,30,1
15693,30,1
15694,30,1
15695,30,1
15696,30,1
15697,30,1
15698,30,1
15699,30,1
15700,30,1
15701,30,1
15702,30,1
15703,30,1
15704,30,1
15705,30,1
15706,30,1
15707,30,1
15708,30,1
15709,30,1
15710,30,1
15711,30,1
15712,29,1
15713,29,1
15714,29,1
15715,29,1
15716,29,1
15717,29,1
15718,29,1
15719,29,1
15720,29,1
15721,29,1
15722,29,1
15723,29,1
15724,29,1
15725,29,1
15726,29,1
15727,29,1
15728,29,1
15729,30,1
15730,30,1
15731,30,1
15732,30,1
15733,30,1
15734,30,1
15735,30,1
15736,30,1
15737,30,1
15738,30,1
15739,30,1
15740,30,1
15741,30,1
15742,30,1
15743,30,1
15744,30,1
15745,30,1
15746,30,1
15747,30,1
15748,30,1
15749,30,1
15750,30,1
15751,30,1
15752,30,1
15753,30,1
15754,30,1
15755,29,1
15756,29,1
15757,29,1
15758,29,1
15759,29,1
15760,29,1
15761,29,1
15762,29,1
15763,29,1
15764,29,1
15765,29,1
15766,29,1
15767,29,1
15768,29,1
15769,29,1
15770,29,1
15771,29,1
15772,29,1
15773,29,1
15774,29,1
15775,29,1
15776,29,1
15777,29,1
15778,29,1
15779,29,1
15780,29,1
15781,29,1
15782,29,1
15783,29,1
15784,29,1
15785,29,1
15786,29,1
15787,29,1
15788,29,1
15789,29,1
15790,29,1
15791,29,1
15792,29,1
15793,29,1
15794,29,1
15795,29,1
15796,29,1
15797,29,1
15798,29,1
15799,29,1
15800,28,1
15801,28,1
15802,28,1
15803,28,1
15804,28,1
15805,28,1
15806,28,1
15807,28,1
15808,28,1
15809,28,1
15810,28,1
15811,28,1
15812,28,1
15813,28,1
15814,28,1
15815,28,1
15816,28,1
15817,28,1
15818,28,1
15819,28,1
15820,28,1
15821,27,1
15822,27,1
15823,27,1
15824,27,1
15825,27,1
15826,27,1
15827,27,1
15828,27,1
15829,27,1
15830,27,1
15831,27,1
15832,27,1
15833,27,1
15834,27,1
15835,27,1
15836,27,1
15837,27,1
15838,27,1
15839,27,1
15840,27,1
15841,27,1
15842,27,1
15843,27,1
15844,27,1
15845,27,1
15846,27,1
15847,27,1
15848,27,1
15849,28,1
15850,28,1
15851,28,1
15852,28,1
15853,28,1
15854,28,1
15855,28,1
15856,27,1
15857,27,1
15858,27,1
15859,27,1
15860,27,1
15861,27,1
15862,27,1
15863,27,1
15864,27,1
15865,27,1
15866,27,1
15867,27,1
15868,27,1
15869,27,1
15870,27,1
15871,27,1
15872,27,1
15873,27,1
15874,27,1
15875,27,1
15876,27,1
15877,27,1
15878,27,1
15879,27,1
15880,27,1
15881,27,1
15882,27,1
15883,27,1
15884,27,1
15885,27,1
15886,27,1
15887,27,1
15888,27,1
15889,27,1
15890,27,1
15891,27,1
15892,27,1
15893,28,1
15894,28,1
15895,28,1
15896,28,1
15897,28,1
15898,28,1
15899,28,1
15900,28,1
15901,27,1
15902,27,1
15903,27,1
15904,27,1
15905,27,1
15906,27,1
15907,27,1
15908,27,1
15909,27,1
15910,27,1
15911,27,1
15912,27,1
15913,27,1
15914,27,1
15915,27,1
15916,27,1
15917,27,1
15918,27,1
15919,27,1
15920,27,1
15921,27,1
15922,27,1
15923,27,1
15924,27,1
15925,27,1
15926,28,1
15927,28,1
15928,28,1
15929,28,1
15930,28,1
15931,29,1
15932,29,1
15933,29,1
15934,29,1
15935,29,1
15936,29,1
15937,29,1
15938,29,1
15939,29,1
15940,29,1
15941,29,1
15942,30,2
15943,30,2
15944,30,2
15945,30,2
15946,30,2
15947,30,2
15948,30,2
15949,30,2
15950,30,2
15951,30,2
15952,30,2
15953,30,2
15954,30,2
15955,30,2
15956,30,2
15957,30,2
15958,30,2
15959,30,2
15960,30,2
15961,30,2
15962,30,2
15963,30,2
15964,30,2
15965,30,2
15966,30,2
15967,30,2
15968,30,2
15969,30,2
15970,30,2
15971,30,2
15972,30,2
15973,30,2
15974,30,2
15975,30,2
15976,30,2
15977,30,2
15978,30,2
15979,30,2
15980,30,2
15981,30,2
15982,30,2
15983,30,2
15984,30,2
15985,30,2
15986,30,2
15987,30,2
15988,30,2
15989,30,2
15990,30,2
15991,29,2
15992,29,2
15993,29,2
15994,29,2
15995,29,2
15996,29,2
15997,29,2
15998,29,2
15999,29,2
16000,29,2
16001,29,2
16002,29,2
16003,29,2
16004,29,2
16005,29,2
16006,29,2
16007,29,2
16008,29,2
16009,29,2
16010,29,2
16011,29,2
16012,29,2
16013,29,2
16014,29,2
16015,29,2
16016,29,2
16017,29,2
16018,29,2
16019,29,2
16020,29,2
16021,29,2
16022,29,2
16023,29,2
16024,29,2
16025,29,2
16026,29,2
16027,29,2
16028,29,2
16029,29,2
16030,29,2
16031,29,2
16032,29,2
16033,29,2
16034,29,2
16035,29,2
16036,29,2
16037,29,2
16038,29,2
16039,29,2
16040,29,2
16041,29,2
16042,29,2
16043,29,2
16044,29,2
16045,29,2
16046,29,2
16047,29,2
16048,29,2
16049,29,2
16050,29,2
16051,29,2
16052,29,2
16053,29,2
16054,29,2
16055,29,2
16056,29,2
16057,29,2
16058,29,2
16059,29,2
16060,29,2
16061,29,2
16062,29,2
16063,29,2
16064,29,2
16065,29,2
16066,29,2
16067,29,2
16068,29,2
16069,29,2
16070,29,2
16071,29,2
16072,29,2
16073,29,2
16074,29,2
16075,29,2
16076,29,2
16077,29,2
16078,29,2
16079,29,2
16080,29,2
16081,29,2
16082,29,2
16083,29,2
16084,29,2
16085,29,2
16086,29,2
16087,29,2
16088,29,2
16089,29,2
16090,29,2
16091,29,2
16092,29,2
16093,29,2
16094,29,2
16095,29,2
16096,29,2
16097,29,2
16098,29,2
16099,29,2
16100,29,2
16101,29,2
16102,28,2
16103,28,2
16104,29,2
16105,29,2
16106,29,2
16107,29,2
16108,29,2
16109,29,2
16110,29,2
16111,29,2
16112,29,2
16113,29,2
16114,29,2
16115,29,2
16116,29,2
16117,29,2
16118,29,2
16119,29,2
16120,29,2
16121,29,2
16122,29,2
16123,29,2
16124,29,2
16125,29,2
16126,29,2
16127,29,2
16128,29,2
16129,29,2
16130,29,2
16131,29,2
16132,29,2
16133,29,2
16134,29,2
16135,29,2
16136,29,2
16137,29,2
16138,29,2
16139,29,2
16140,29,2
16141,29,2
16142,29,2
16143,29,2
16144,29,2
16145,29,2
16146,29,2
16147,29,2
16148,29,2
16149,29,2
16150,29,2
16151,29,2
16152,29,2
16153,29,2
16154,29,2
16155,30,2
16156,30,2
16157,30,2
16158,30,2
16159,29,2
16160,29,2
16161,29,2
16162,29,2
16163,29,2
16164,29,2
16165,29,2
16166,29,2
16167,29,2
16168,29,2
16169,29,2
16170,29,2
16171,29,2
16172,29,2
16173,29,2
16174,29,2
16175,29,2
16176,29,2
16177,29,2
16178,29,2
16179,29,2
16180,29,2
16181,29,2
16182,29,2
16183,29,2
16184,29,2
16185,29,2
16186,29,2
16187,29,2
16188,29,2
16189,29,2
16190,29,2
16191,29,2
16192,30,2
16193,30,2
16194,30,2
16195,30,2
16196,30,2
16197,30,2
16198,30,2
16199,30,2
16200,30,2
16201,31,2
16202,31,2
16203,31,2
16204,31,2
16205,31,2
16206,32,2
16207,32,2
16208,32,2
16209,32,2
16210,32,2
16211,32,2
16212,32,2
16213,32,2
16214,32,2
16215,32,2
16216,32,2
16217,32,2
16218,32,2
16219,32,2
16220,32,2
16221,32,2
16222,32,2
16223,32,2
16224,32,2
16225,32,2
16226,32,2
16227,32,2
16228,32,2
16229,32,2
16230,32,2
16231,32,2
16232,32,2
16233,32,2
16234,32,2
16235,32,2
16236,32,2
16237,32,2
16238,32,2
16239,32,2
16240,32,2
16241,32,2
16242,32,2
16243,32,2
16244,32,2
16245,32,2
16246,32,2
16247,32,2
16248,32,2
16249,32,2
16250,32,2
16251,32,2
16252,32,2
16253,32,2
16254,32,2
16255,32,2
16256,32,2
16257,32,2
16258,32,2
16259,32,2
16260,32,2
16261,32,2
16262,32,2
16263,32,2
16264,32,2
16265,32,2
16266,32,2
16267,32,2
16268,32,2
16269,32,2
16270,31,2
16271,31,2
16272,31,2
16273,31,2
16274,31,2
16275,31,2
16276,31,2
16277,31,2
16278,31,2
16279,31,2
16280,31,2
16281,31,2
16282,31,2
16283,31,2
16284,31,2
16285,31,2
16286,31,2
16287,31,2
16288,31,2
16289,31,2
16290,31,2
16291,31,2
16292,31,2
16293,31,2
16294,31,2
16295,31,2
16296,31,2
16297,31,2
16298,31,2
16299,31,2
16300,31,2
16301,31,2
16302,31,2
16303,30,2
16304,30,2
16305,30,2
16306,30,2
16307,30,2
16308,30,2
16309,30,2
16310,30,2
16311,30,2
16312,30,2
16313,30,2
16314,30,2
16315,30,2
16316,31,2
16317,31,2
16318,31,2
16319,31,2
16320,31,2
16321,31,2
16322,31,2
16323,31,2
16324,31,2
16325,31,2
16326,32,2
16327,32,2
16328,32,2
16329,32,2
16330,32,2
16331,32,2
16332,32,2
16333,32,2
16334,32,2
16335,32,2
16336,32,2
16337,32,2
16338,32,2
16339,32,2
16340,32,2
16341,32,2
16342,32,2
16343,32,2
16344,32,2
16345,32,2
16346,32,2
16347,32,2
16348,32,2
16349,32,2
16350,32,2
16351,32,2
16352,32,2
16353,32,2
16354,32,2
16355,32,2
16356,32,2
16357,32,2
16358,32,2
16359,32,2
16360,32,2
16361,32,2
16362,32,2
16363,32,2
16364,32,2
16365,32,2
16366,32,2
16367,31,2
16368,31,2
16369,31,2
16370,31,2
16371,31,2
16372,31,2
16373,31,2
16374,31,2
16375,31,2
16376,31,2
16377,31,2
16378,31,2
16379,31,2
16380,31,2
16381,31,2
16382,31,2
16383,31,2
16384,31,2
16385,31,2
16386,31,2
16387,31,2
16388,31,2
16389,31,2
16390,31,2
16391,31,2
16392,31,2
16393,31,2
16394,31,2
16395,31,2
16396,30,2
16397,30,2
16398,30,2
16399,30,2
16400,30,2
16401,30,2
16402,30,2
16403,30,2
16404,30,2
16405,30,2
16406,30,2
16407,30,2
16408,30,2
16409,30,2
16410,30,2
16411,30,2
16412,30,2
16413,30,2
16414,30,2
16415,30,2
16416,30,2
16417,29,2
16418,29,2
16419,29,2
16420,29,2
16421,29,2
16422,29,2
16423,29,2
16424,29,2
16425,29,2
16426,29,2
16427,29,2
16428,29,2
16429,29,2
16430,29,2
16431,29,2
16432,29,2
16433,29,2
16434,29,2
16435,29,2
16436,29,2
16437,29,2
16438,29,2
16439,29,2
16440,29,2
16441,29,2
16442,29,2
16443,29,2
16444,30,2
16445,30,2
16446,30,2
16447,30,2
16448,30,2
16449,30,2
16450,30,2
16451,30,2
16452,30,2
16453,30,2
16454,30,2
16455,30,2
16456,30,2
16457,30,2
16458,30,2
16459,30,2
16460,30,2
16461,30,2
16462,30,2
16463,30,2
16464,30,2
16465,30,2
16466,30,2
16467,30,2
16468,30,2
16469,30,2
16470,30,2
16471,30,2
16472,30,2
16473,30,2
16474,30,2
16475,30,2
16476,30,2
16477,30,2
16478,30,2
16479,30,2
16480,30,2
16481,30,2
16482,30,2
16483,30,2
16484,30,2
16485,29,2
16486,29,2
16487,29,2
16488,29,2
16489,29,2
16490,29,2
16491,29,2
16492,29,2
16493,29,2
16494,29,2
16495,29,2
16496,29,2
16497,29,2
16498,29,2
16499,29,2
16500,29,2
16501,29,2
16502,29,2
16503,29,2
16504,29,2
16505,29,2
16506,29,2
16507,29,2
16508,29,2
16509,29,2
16510,29,2
16511,29,2
16512,29,2
16513,29,2
16514,29,2
16515,30,2
16516,30,2
16517,30,2
16518,30,2
16519,30,2
16520,30,2
16521,30,2
16522,30,2
16523,30,2
16524,30,2
16525,30,2
16526,30,2
16527,30,2
16528,30,2
16529,30,2
16530,30,2
16531,30,2
16532,30,2
16533,30,2
16534,30,2
16535,29,1
16536,29,1
16537,29,1
16538,29,1
16539,29,1
16540,29,1
16541,29,1
16542,29,1
16543,29,1
16544,29,1
16545,29,1
16546,29,1
16547,29,1
16548,29,1
16549,29,1
16550,29,1
16551,29,1
16552,29,1
16553,29,1
16554,29,1
16555,29,1
16556,29,1
16557,29,1
16558,29,1
16559,29,1
16560,29,1
16561,29,1
16562,29,1
16563,29,1
16564,29,1
16565,29,1
16566,29,1
16567,29,1
16568,29,1
16569,29,1
16570,29,1
16571,29,1
16572,29,1
16573,29,1
16574,29,1
16575,29,1
16576,30,1
16577,30,1
16578,30,1
16579,30,1
16580,30,1
16581,30,1
16582,30,1
16583,30,1
16584,30,1
16585,30,1
16586,30,1
16587,30,1
16588,30,1
16589,30,1
16590,30,1
16591,30,1
16592,30,1
16593,30,1
16594,30,1
16595,30,1
16596,30,1
16597,30,1
16598,30,1
16599,30,1
16600,30,1
16601,30,1
16602,30,1
16603,30,1
16604,30,1
16605,30,1
16606,30,1
16607,30,1
16608,30,1
16609,31,1
16610,31,1
16611,31,1
16612,31,1
16613,31,1
16614,31,1
16615,31,1
16616,31,1
16617,31,1
16618,31,1
16619,31,1
16620,31,1
16621,31,1
16622,31,1
16623,31,1
16624,31,1
16625,31,1
16626,31,1
16627,31,1
16628,31,1
16629,31,1
16630,32,1
16631,32,1
16632,32,1
16633,32,1
16634,32,1
16635,32,1
16636,32,1
16637,32,1
16638,32,1
16639,32,1
16640,32,1
16641,32,1
16642,32,1
16643,32,1
16644,32,1
16645,32,1
16646,32,1
16647,32,1
16648,32,1
16649,32,1
16650,32,1
16651,32,1
16652,32,1
16653,32,1
16654,32,1
16655,32,1
16656,32,1
16657,32,1
16658,32,1
16659,32,1
16660,32,1
16661,32,1
16662,32,1
16663,32,1
16664,32,1
16665,32,1
16666,32,1
16667,32,1
16668,33,1
16669,33,1
16670,33,1
16671,33,1
16672,33,1
16673,33,1
16674,33,1
16675,33,1
16676,33,1
16677,33,1
16678,33,1
16679,33,1
16680,33,1
16681,33,1
16682,33,1
16683,33,1
16684,33,1
16685,33,1
16686,33,1
16687,33,1
16688,33,1
16689,33,1
16690,33,1
16691,33,1
16692,33,1
16693,33,1
16694,33,1
16695,33,1
16696,33,1
16697,33,1
16698,33,1
16699,33,1
16700,32,1
16701,32,1
16702,32,1
16703,32,1
16704,32,1
16705,32,1
16706,32,1
16707,32,1
16708,32,1
16709,32,1
16710,32,1
16711,32,1
16712,32,1
16713,32,1
16714,32,1
16715,32,1
16716,32,1
16717,32,1
16718,32,1
16719,32,1
16720,32,1
16721,32,1
16722,32,1
16723,32,1
16724,32,1
16725,32,1
16726,32,1
16727,32,1
16728,32,1
16729,32,1
16730,32,1
16731,32,1
16732,32,1
16733,32,1
16734,32,1
16735,32,1
16736,32,1
16737,32,1
16738,32,1
16739,32,1
16740,32,1
16741,32,1
16742,32,1
16743,32,1
16744,32,1
16745,32,1
16746,32,1
16747,32,1
16748,32,1
16749,32,1
16750,32,1
16751,32,1
16752,32,1
16753,32,1
16754,32,1
16755,32,1
16756,32,1
16757,32,1
16758,32,1
16759,32,1
16760,32,1
16761,33,1
16762,33,1
16763,33,1
16764,33,1
16765,33,1
16766,32,1
16767,32,1
16768,32,1
16769,32,1
16770,32,1
16771,32,1
16772,32,1
16773,32,1
16774,32,1
16775,33,1
16776,33,1
16777,33,1
16778,33,1
16779,33,1
16780,33,1
16781,33,1
16782,33,1
16783,33,1
16784,33,1
16785,33,1
16786,33,1
16787,33,1
16788,33,1
16789,33,1
16790,33,1
16791,33,1
16792,33,1
16793,33,1
16794,33,1
16795,33,1
16796,33,1
16797,33,1
16798,33,1
16799,33,1
16800,33,1
16801,33,1
16802,33,1
16803,33,1
16804,33,1
16805,33,1
16806,33,1
16807,33,1
16808,33,1
16809,33,1
16810,33,1
16811,33,1
16812,33,1
16813,33,1
16814,33,1
16815,33,1
16816,33,1
16817,33,1
16818,33,1
16819,32,1
16820,32,1
16821,32,1
16822,32,1
16823,32,1
16824,32,1
16825,32,1
16826,32,1
16827,32,1
16828,32,1
16829,32,1
16830,32,1
16831,32,1
16832,32,1
16833,32,1
16834,32,1
16835,32,1
16836,32,1
16837,32,1
16838,32,1
16839,32,1
16840,32,1
16841,32,1
16842,32,1
16843,32,1
16844,32,1
16845,32,1
16846,32,1
16847,32,1
16848,32,1
16849,32,1
16850,32,1
16851,32,1
16852,32,1
16853,32,1
16854,32,1
16855,32,1
16856,32,1
16857,32,1
16858,32,1
16859,32,1
16860,32,1
16861,32,1
16862,32,1
16863,32,1
16864,32,1
16865,32,1
16866,32,1
16867,32,1
16868,32,1
16869,32,1
16870,33,1
16871,33,1
16872,33,1
16873,33,1
16874,33,1
16875,33,1
16876,33,1
16877,33,1
16878,33,1
16879,33,1
16880,33,1
16881,33,1
16882,33,1
16883,33,1
16884,33,1
16885,33,1
16886,33,1
16887,33,1
16888,33,1
16889,33,1
16890,33,1
16891,33,1
16892,33,1
16893,33,1
16894,33,1
16895,33,1
16896,33,1
16897,33,1
16898,32,1
16899,32,1
16900,33,1
16901,33,1
16902,33,1
16903,33,1
16904,33,1
16905,33,1
16906,33,1
16907,33,1
16908,33,1
16909,33,1
16910,33,1
16911,33,1
16912,33,1
16913,33,1
16914,34,1
16915,34,1
16916,34,1
16917,34,1
16918,34,1
16919,34,1
16920,34,1
16921,35,2
16922,35,2
16923,35,2
16924,35,2
16925,35,2
16926,35,2
16927,35,2
16928,35,2
16929,35,2
16930,35,2
16931,34,2
16932,34,2
16933,34,2
16934,34,2
16935,34,2
16936,34,2
16937,34,2
16938,34,2
16939,34,2
16940,34,2
16941,34,2
16942,34,2
16943,34,2
16944,34,2
16945,34,2
16946,34,2
16947,34,2
16948,34,2
16949,34,2
16950,34,2
16951,34,2
16952,34,2
16953,34,2
16954,34,2
16955,34,2
16956,34,2
16957,34,2
16958,34,2
16959,34,2
16960,34,2
16961,34,2
16962,34,2
16963,34,2
16964,33,2
16965,33,2
16966,33,2
16967,33,2
16968,33,2
16969,33,2
16970,33,2
16971,33,2
16972,33,2
16973,33,2
16974,33,2
16975,33,2
16976,33,2
16977,33,2
16978,33,2
16979,33,2
16980,33,2
16981,33,2
16982,33,2
16983,33,2
16984,33,2
16985,33,2
16986,33,2
16987,33,2
16988,33,2
16989,33,2
16990,33,2
16991,33,2
16992,33,2
16993,33,2
16994,33,2
16995,33,2
16996,33,2
16997,33,2
16998,33,2
16999,33,2
17000,33,2
17001,33,2
17002,33,2
17003,33,2
17004,33,2
17005,33,2
17006,33,2
17007,33,2
17008,33,2
17009,33,2
17010,33,2
17011,33,2
17012,33,2
17013,33,2
17014,33,2
17015,33,2
17016,33,2
17017,34,2
17018,34,2
17019,34,2
17020,34,2
17021,34,2
17022,34,2
17023,34,2
17024,34,2
17025,34,2
17026,34,2
17027,34,2
17028,34,2
17029,34,2
17030,34,2
17031,34,2
17032,34,2
17033,34,2
17034,34,2
17035,34,2
17036,34,2
17037,34,2
17038,34,2
17039,34,2
17040,34,2
17041,34,2
17042,34,2
17043,34,2
17044,34,2
17045,34,2
17046,34,2
17047,34,2
17048,34,2
17049,34,2
17050,34,2
17051,34,2
17052,34,2
17053,34,2
17054,34,2
17055,34,2
17056,34,2
17057,34,2
17058,34,2
17059,34,2
17060,34,2
17061,34,2
17062,34,2
17063,34,2
17064,34,2
17065,34,2
17066,34,2
17067,34,2
17068,34,2
17069,34,2
17070,34,2
17071,34,2
17072,34,2
17073,34,2
17074,34,2
17075,34,2
17076,34,2
17077,34,2
17078,34,2
17079,34,2
17080,34,2
17081,34,2
17082,34,2
17083,34,2
17084,34,2
17085,34,2
17086,34,2
17087,34,2
17088,34,2
17089,34,2
17090,34,2
17091,34,2
17092,34,2
17093,34,2
17094,34,2
17095,34,2
17096,33,1
17097,33,1
17098,33,1
17099,33,1
17100,33,1
17101,33,1
17102,33,1
17103,33,1
17104,33,1
17105,33,1
17106,33,1
17107,33,1
17108,33,1
17109,33,1
17110,33,1
17111,33,1
17112,33,1
17113,33,1
17114,33,1
17115,33,1
17116,33,1
17117,33,1
17118,33,1
17119,33,1
17120,33,1
17121,33,1
17122,33,1
17123,33,1
17124,33,1
17125,33,1
17126,33,1
17127,33,1
17128,33,1
17129,33,1
17130,33,1
17131,33,1
17132,33,1
17133,33,1
17134,33,1
17135,33,1
17136,33,1
17137,33,1
17138,33,1
17139,33,1
17140,33,1
17141,33,1
17142,33,1
17143,33,1
17144,33,1
17145,33,1
17146,33,1
17147,33,1
17148,33,1
17149,33,1
17150,33,1
17151,33,1
17152,33,1
17153,33,1
17154,33,1
17155,33,1
17156,33,1
17157,33,1
17158,33,1
17159,33,1
17160,33,1
17161,33,1
17162,33,1
17163,33,1
17164,33,1
17165,32,1
17166,32,1
17167,32,1
17168,32,1
17169,32,1
17170,32,1
17171,32,1
17172,32,1
17173,32,1
17174,32,1
17175,32,1
17176,32,1
17177,32,1
17178,32,1
17179,32,1
17180,32,1
17181,32,1
17182,32,1
17183,32,1
17184,32,1
17185,32,1
17186,32,1
17187,32,1
17188,32,1
17189,32,1
17190,32,1
17191,32,1
17192,32,1
17193,32,1
17194,32,1
17195,32,1
17196,32,1
17197,32,1
17198,32,1
17199,32,1
17200,32,1
17201,32,1
17202,32,1
17203,32,1
17204,32,1
17205,32,1
17206,32,1
17207,32,1
17208,32,1
17209,32,1
17210,32,1
17211,32,1
17212,32,1
17213,32,1
17214,32,1
17215,32,1
17216,32,1
17217,32,1
17218,32,1
17219,32,1
17220,32,1
17221,32,1
17222,32,1
17223,32,1
17224,33,1
17225,33,1
17226,33,1
17227,33,1
17228,32,1
17229,32,1
17230,32,1
17231,32,1
17232,32,1
17233,31,1
17234,31,1
17235,31,1
17236,31,1
17237,31,1
17238,31,1
17239,31,1
17240,31,1
17241,31,1
17242,31,1
17243,31,1
17244,31,1
17245,31,1
17246,31,1
17247,31,1
17248,31,1
17249,31,1
17250,31,1
17251,31,1
17252,31,1
17253,31,1
17254,31,1
17255,31,1
17256,31,1
17257,31,1
17258,31,1
17259,31,1
17260,31,1
17261,31,1
17262,31,1
17263,31,1
17264,31,1
17265,31,1
17266,31,1
17267,31,1
17268,31,1
17269,31,1
17270,31,1
17271,31,1
17272,31,1
17273,31,1
17274,32,1
17275,32,1
17276,32,1
17277,32,1
17278,32,1
17279,32,1
17280,32,1
17281,32,1
17282,32,1
17283,32,1
17284,32,1
17285,32,1
17286,32,1
17287,32,1
17288,32,1
17289,32,1
17290,32,1
17291,32,1
17292,32,1
17293,32,1
17294,31,1
17295,32,1
17296,32,1
17297,32,1
17298,32,1
17299,32,1
17300,32,1
17301,32,1
17302,32,1
17303,33,1
17304,33,1
17305,33,1
17306,33,1
17307,33,1
17308,33,1
17309,33,1
17310,33,1
17311,33,1
17312,33,1
17313,33,1
17314,33,1
17315,33,1
17316,33,1
17317,33,1
17318,33,1
17319,33,1
17320,33,1
17321,33,1
17322,33,1
17323,33,1
17324,33,1
17325,33,1
17326,33,1
17327,32,1
17328,32,1
17329,32,1
17330,32,1
17331,32,1
17332,32,1
17333,32,1
17334,32,1
17335,32,1
17336,32,1
17337,32,1
17338,32,1
17339,32,1
17340,32,1
17341,32,1
17342,32,1
17343,32,1
17344,32,1
17345,32,1
17346,31,1
17347,31,1
17348,31,1
17349,31,1
17350,31,1
17351,31,1
17352,31,1
17353,31,1
17354,31,1
17355,31,1
17356,31,1
17357,31,1
17358,31,1
17359,31,1
17360,30,1
17361,30,1
17362,30,1
17363,30,1
17364,30,1
17365,30,1
17366,30,1
17367,29,1
17368,29,1
17369,29,1
17370,29,1
17371,29,1
17372,29,1
17373,29,1
17374,29,1
17375,29,1
17376,29,1
17377,29,1
17378,29,1
17379,29,1
17380,29,1
17381,29,1
17382,29,1
17383,29,1
17384,29,1
17385,29,1
17386,29,1
17387,29,1
17388,30,1
17389,30,1
17390,30,1
17391,30,1
17392,30,1
17393,30,1
17394,30,1
17395,30,1
17396,31,1
17397,31,1
17398,31,1
17399,32,1
17400,32,1
17401,32,1
17402,32,1
17403,32,1
17404,32,1
17405,32,1
17406,32,1
17407,32,1
17408,32,1
17409,32,1
17410,32,1
17411,32,1
17412,32,1
17413,32,1
17414,32,1
17415,32,1
17416,32,1
17417,32,1
17418,32,1
17419,32,1
17420,32,1
17421,32,1
17422,32,1
17423,32,1
17424,32,1
17425,32,1
17426,31,1
17427,31,1
17428,31,1
17429,31,1
17430,31,1
17431,31,1
17432,31,1
17433,31,1
17434,31,1
17435,31,1
17436,31,1
17437,31,1
17438,31,1
17439,31,1
17440,31,1
17441,31,1
17442,31,1
17443,31,1
17444,31,1
17445,31,1
17446,31,1
17447,31,1
17448,31,1
17449,31,1
17450,31,1
17451,31,1
17452,31,1
17453,31,1
17454,31,1
17455,31,1
17456,31,1
17457,31,1
17458,31,1
17459,31,1
17460,31,1
17461,31,1
17462,31,1
17463,31,1
17464,31,1
17465,31,1
17466,31,1
17467,31,1
17468,31,1
17469,31,1
17470,31,1
17471,31,1
17472,31,1
17473,31,1
17474,31,1
17475,31,1
17476,31,1
17477,31,1
17478,31,1
17479,31,1
17480,31,1
17481,31,1
17482,31,1
17483,31,1
17484,31,1
17485,31,1
17486,31,1
17487,31,1
17488,31,1
17489,31,1
17490,31,1
17491,31,1
17492,31,1
17493,31,1
17494,31,1
17495,31,1
17496,31,1
17497,31,1
17498,31,1
17499,31,1
17500,31,1
17501,31,1
17502,31,1
17503,31,1
17504,31,1
17505,31,1
17506,31,1
17507,31,1
17508,31,1
17509,31,1
17510,31,1
17511,31,1
17512,31,1
17513,30,1
17514,30,1
17515,30,1
17516,30,1
17517,30,1
17518,30,1
17519,30,1
17520,30,1
17521,30,1
17522,30,1
17523,30,1
17524,30,1
17525,30,1
17526,30,1
17527,30,1
17528,30,1
17529,30,1
17530,30,1
17531,30,1
17532,30,1
17533,30,1
17534,30,1
17535,30,1
17536,30,1
17537,30,1
17538,30,1
17539,30,1
17540,30,1
17541,30,1
17542,30,1
17543,30,1
17544,30,1
17545,30,1
17546,30,1
17547,30,1
17548,30,1
17549,30,1
17550,30,1
17551,30,1
17552,30,1
17553,30,1
17554,30,1
17555,30,1
17556,30,1
17557,30,1
17558,29,1
17559,29,1
17560,29,1
17561,29,1
17562,29,1
17563,29,1
17564,29,1
17565,29,1
17566,29,1
17567,29,1
17568,29,1
17569,29,1
17570,29,1
17571,29,1
17572,29,1
17573,29,1
17574,29,1
17575,29,1
17576,29,1
17577,29,1
17578,29,1
17579,29,1
17580,29,1
17581,29,1
17582,29,1
17583,29,1
17584,29,1
17585,29,1
17586,29,1
17587,29,1
17588,29,1
17589,29,1
17590,29,1
17591,29,1
17592,29,1
17593,29,1
17594,29,1
17595,29,1
17596,29,1
17597,29,1
17598,29,1
17599,29,1
17600,29,1
17601,29,1
17602,29,1
17603,29,1
17604,29,1
17605,29,1
17606,29,1
17607,29,1
17608,29,1
17609,29,1
17610,29,1
17611,30,1
17612,30,1
17613,30,1
17614,30,1
17615,30,1
17616,30,1
17617,30,1
17618,30,1
17619,30,1
17620,30,1
17621,30,1
17622,30,1
17623,30,1
17624,29,1
17625,29,1
17626,29,1
17627,29,1
17628,29,1
17629,29,1
17630,29,1
17631,29,1
17632,29,1
17633,29,1
17634,29,1
17635,29,1
17636,29,1
17637,29,1
17638,29,1
17639,29,1
17640,29,1
17641,29,1
17642,29,1
17643,29,1
17644,29,1
17645,29,1
17646,29,1
17647,29,1
17648,29,1
17649,29,1
17650,29,1
17651,29,1
17652,29,1
17653,29,1
17654,29,1
17655,29,1
17656,29,1
17657,29,1
17658,29,1
17659,29,1
17660,29,1
17661,29,1
17662,29,1
17663,29,1
17664,29,1
17665,29,1
17666,29,1
17667,29,1
17668,29,1
17669,29,1
17670,29,1
17671,29,1
17672,29,1
17673,29,1
17674,29,1
17675,29,1
17676,30,1
17677,30,1
17678,30,1
17679,30,1
17680,30,1
17681,30,1
17682,30,1
17683,30,1
17684,30,1
17685,30,1
17686,30,1
17687,30,1
17688,30,1
17689,30,1
17690,30,1
17691,30,1
17692,29,1
17693,30,1
17694,30,1
17695,30,1
17696,30,1
17697,30,1
17698,30,1
17699,30,1
17700,30,1
17701,30,1
17702,30,1
17703,30,1
17704,30,1
17705,30,1
17706,30,1
17707,30,1
17708,30,1
17709,30,1
17710,30,1
17711,30,1
17712,30,1
17713,30,1
17714,30,1
17715,30,1
17716,30,1
17717,30,1
17718,30,1
17719,30,1
17720,30,1
17721,30,1
17722,30,1
17723,29,1
17724,29,1
17725,29,1
17726,29,1
17727,29,1
17728,29,1
17729,30,1
17730,30,1
17731,30,1
17732,30,1
17733,30,1
17734,30,1
17735,30,1
17736,30,1
17737,30,1
17738,30,1
17739,30,1
17740,30,1
17741,30,1
17742,30,1
17743,30,1
17744,30,1
17745,30,1
17746,29,1
17747,29,1
17748,29,1
17749,29,1
17750,29,1
17751,29,1
17752,29,1
17753,29,1
17754,29,1
17755,29,1
17756,28,1
17757,28,1
17758,28,1
17759,28,1
17760,28,1
17761,28,1
17762,28,1
17763,28,1
17764,28,1
17765,28,1
17766,28,1
17767,28,1
17768,28,1
17769,28,1
17770,28,1
17771,28,1
17772,28,1
17773,28,1
17774,28,1
17775,28,1
17776,28,1
17777,28,1
17778,28,1
17779,28,1
17780,28,1
17781,28,1
17782,28,1
17783,28,1
17784,28,1
17785,28,1
17786,28,1
17787,28,1
17788,28,1
17789,28,1
17790,28,1
17791,28,1
17792,28,1
17793,28,1
17794,28,1
17795,28,1
17796,28,1
17797,28,1
17798,28,1
17799,28,1
17800,28,1
17801,28,1
17802,28,1
17803,28,1
17804,28,1
17805,28,1
17806,28,1
17807,28,1
17808,28,1
17809,28,1
17810,28,1
17811,28,1
17812,28,1
17813,28,1
17814,28,1
17815,28,1
17816,28,1
17817,28,1
17818,28,1
17819,28,1
17820,28,1
17821,29,1
17822,29,1
17823,29,1
17824,29,1
17825,29,1
17826,28,1
17827,28,1
17828,28,1
17829,28,1
17830,28,1
17831,28,1
17832,29,2
17833,29,2
17834,29,2
17835,29,2
17836,29,2
17837,29,2
17838,29,2
17839,29,2
17840,29,2
17841,29,2
17842,29,2
17843,29,2
17844,29,2
17845,29,2
17846,29,2
17847,29,2
17848,29,2
17849,29,2
17850,29,2
17851,29,2
17852,29,2
17853,29,2
17854,29,2
17855,29,2
17856,29,2
17857,29,2
17858,29,2
17859,29,2
17860,29,2
17861,29,2
17862,29,2
17863,29,2
17864,29,2
17865,29,2
17866,30,2
17867,30,2
17868,30,2
17869,30,2
17870,30,2
17871,30,2
17872,30,2
17873,30,2
17874,30,2
17875,30,2
17876,30,2
17877,30,2
17878,30,2
17879,30,2
17880,30,2
17881,30,2
17882,30,2
17883,30,2
17884,30,2
17885,30,2
17886,30,2
17887,30,2
17888,30,2
17889,30,2
17890,30,2
17891,30,2
17892,30,2
17893,30,2
17894,30,2
17895,30,2
17896,30,2
17897,30,2
17898,30,2
17899,30,2
17900,30,2
17901,30,2
17902,30,2
17903,30,2
17904,30,2
17905,30,2
17906,30,2
17907,30,2
17908,30,2
17909,30,2
17910,30,2
17911,30,2
17912,30,2
17913,30,2
17914,30,2
17915,29,2
17916,29,2
17917,29,2
17918,29,2
17919,29,2
17920,29,2
17921,30,2
17922,30,2
17923,30,2
17924,31,2
17925,31,2
17926,31,2
17927,31,2
17928,31,2
17929,31,2
17930,31,2
17931,31,2
17932,31,2
17933,31,2
17934,31,2
17935,31,2
17936,31,2
17937,31,2
17938,31,2
17939,31,2
17940,31,2
17941,31,2
17942,31,2
17943,31,2
17944,31,2
17945,31,2
17946,31,2
17947,31,2
17948,31,2
17949,31,2
17950,31,2
17951,31,2
17952,31,2
17953,31,2
17954,31,2
17955,31,2
17956,31,2
17957,32,2
17958,32,2
17959,32,2
17960,32,2
17961,32,2
17962,32,2
17963,32,2
17964,32,2
17965,32,2
17966,32,2
17967,32,2
17968,32,2
17969,32,2
17970,32,2
17971,32,2
17972,32,2
17973,32,2
17974,32,2
17975,32,2
17976,32,2
17977,32,2
17978,32,2
17979,32,2
17980,32,2
17981,31,2
17982,31,2
17983,31,2
17984,31,2
17985,31,2
17986,31,2
17987,30,2
17988,30,2
17989,30,2
17990,30,2
17991,30,2
17992,30,2
17993,30,2
17994,30,2
17995,30,2
17996,30,2
17997,30,2
17998,30,2
17999,30,2
18000,30,2
18001,30,2
18002,30,2
18003,30,2
18004,30,2
18005,30,2
18006,30,2
18007,30,2
18008,30,2
18009,30,2
18010,30,2
18011,30,2
18012,30,2
18013,30,2
18014,29,2
18015,29,2
18016,29,2
18017,29,2
18018,29,2
18019,29,2
18020,29,2
18021,29,2
18022,29,2
18023,29,2
18024,29,2
18025,29,2
18026,28,1
18027,28,1
18028,28,1
18029,28,1
18030,28,1
18031,28,1
18032,28,1
18033,28,1
18034,28,1
18035,28,1
18036,28,1
18037,28,1
18038,28,1
18039,28,1
18040,28,1
18041,28,1
18042,28,1
18043,28,1
18044,28,1
18045,28,1
18046,28,1
18047,27,1
18048,27,1
18049,28,1
18050,28,1
18051,28,1
18052,28,1
18053,28,1
18054,28,1
18055,28,1
18056,28,1
18057,28,1
18058,28,1
18059,28,1
18060,28,1
18061,28,1
18062,28,1
18063,28,1
18064,28,1
18065,28,1
18066,28,1
18067,28,1
18068,28,1
18069,28,1
18070,28,1
18071,28,1
18072,28,1
18073,28,1
18074,28,1
18075,28,1
18076,28,1
18077,28,1
18078,28,1
18079,28,1
18080,28,1
18081,28,1
18082,28,1
18083,28,1
18084,28,1
18085,28,1
18086,28,1
18087,28,1
18088,28,1
18089,28,1
18090,28,1
18091,28,1
18092,28,1
18093,28,1
18094,27,1
18095,27,1
18096,27,1
18097,27,1
18098,27,1
18099,27,1
18100,27,1
18101,27,1
18102,27,1
18103,27,1
18104,27,1
18105,27,1
18106,27,1
18107,27,1
18108,27,1
18109,27,1
18110,27,1
18111,27,1
18112,28,1
18113,28,1
18114,28,1
18115,28,1
18116,28,1
18117,28,1
18118,28,1
18119,28,1
18120,28,1
18121,28,1
18122,28,1
18123,29,1
18124,29,1
18125,29,1
18126,29,1
18127,29,1
18128,29,1
18129,29,1
18130,29,1
18131,29,1
18132,29,1
18133,29,1
18134,29,1
18135,29,1
18136,29,1
18137,29,1
18138,29,1
18139,29,1
18140,29,1
18141,29,1
18142,29,1
18143,29,1
18144,29,1
18145,29,1
18146,29,1
18147,29,1
18148,29,1
18149,29,1
18150,29,1
18151,29,1
18152,29,1
18153,28,1
18154,28,1
18155,28,1
18156,28,1
18157,28,1
18158,28,1
18159,28,1
18160,28,1
18161,28,1
18162,28,1
18163,28,1
18164,28,1
18165,28,1
18166,28,1
18167,28,1
18168,28,1
18169,28,1
18170,28,1
18171,28,1
18172,28,1
18173,28,1
18174,28,1
18175,28,1
18176,28,1
18177,28,1
18178,28,1
18179,28,1
18180,28,1
18181,28,1
18182,29,1
18183,29,1
18184,29,1
18185,29,1
18186,28,1
18187,29,1
18188,29,1
18189,29,1
18190,29,1
18191,29,1
18192,29,1
18193,29,1
18194,29,1
18195,29,1
18196,29,1
18197,29,1
18198,29,1
18199,29,1
18200,29,1
18201,29,1
18202,29,1
18203,29,1
18204,29,1
18205,29,1
18206,29,1
18207,29,1
18208,29,1
18209,29,1
18210,29,1
18211,29,1
18212,29,1
18213,29,1
18214,29,1
18215,29,1
18216,29,1
18217,29,1
18218,29,1
18219,29,1
18220,29,1
18221,29,1
18222,29,1
18223,29,1
18224,29,1
18225,29,1
18226,29,1
18227,29,1
18228,29,1
18229,29,1
18230,29,1
18231,29,1
18232,29,1
18233,29,1
18234,29,1
18235,29,1
18236,29,1
18237,29,1
18238,29,1
18239,29,1
18240,29,1
18241,29,1
18242,29,1
18243,29,1
18244,29,1
18245,29,1
18246,29,1
18247,29,1
18248,29,1
18249,29,1
18250,29,1
18251,29,1
18252,29,1
18253,29,1
18254,29,1
18255,29,1
18256,29,1
18257,29,1
18258,29,1
18259,29,1
18260,29,1
18261,29,1
18262,29,1
18263,29,1
18264,29,1
18265,29,1
18266,29,1
18267,29,1
18268,29,1
18269,29,1
18270,29,1
18271,29,1
18272,29,1
18273,29,1
18274,29,1
18275,29,1
18276,29,1
18277,29,1
18278,29,1
18279,29,1
18280,29,1
18281,29,1
18282,29,1
18283,29,1
18284,29,1
18285,29,1
18286,29,1
18287,28,1
18288,28,1
18289,28,1
18290,28,1
18291,28,1
18292,28,1
18293,28,1
18294,28,1
18295,28,1
18296,28,1
18297,28,1
18298,28,1
18299,28,1
18300,28,1
18301,28,1
18302,28,1
18303,28,1
18304,28,1
18305,28,1
18306,28,1
18307,28,1
18308,28,1
18309,28,1
18310,28,1
18311,28,1
18312,28,1
18313,28,1
18314,28,1
18315,28,1
18316,29,1
18317,29,1
18318,29,1
18319,29,1
18320,29,1
18321,29,1
18322,29,1
18323,29,1
18324,29,1
18325,29,1
18326,29,1
18327,29,1
18328,29,1
18329,29,1
18330,29,1
18331,29,1
18332,29,1
18333,29,1
18334,29,1
18335,29,1
18336,29,1
18337,29,1
18338,29,1
18339,29,1
18340,29,1
18341,29,1
18342,29,1
18343,29,1
18344,29,1
18345,29,1
18346,29,1
18347,29,1
18348,29,1
18349,29,1
18350,29,1
18351,29,1
18352,29,1
18353,29,1
18354,29,1
18355,29,1
18356,29,1
18357,29,1
18358,29,1
18359,29,1
18360,29,1
18361,29,1
18362,29,1
18363,29,1
18364,29,1
18365,29,1
18366,29,1
18367,29,1
18368,29,1
18369,29,1
18370,29,1
18371,29,1
18372,29,1
18373,29,1
18374,29,1
18375,29,1
18376,29,1
18377,29,1
18378,29,1
18379,29,1
18380,29,1
18381,29,1
18382,29,1
18383,29,1
18384,29,1
18385,29,1
18386,29,1
18387,29,1
18388,29,1
18389,29,1
18390,29,1
18391,29,1
18392,29,1
18393,29,1
18394,29,1
18395,29,1
18396,29,1
18397,29,1
18398,29,1
18399,29,1
18400,29,1
18401,29,1
18402,29,1
18403,29,1
18404,29,1
18405,29,1
18406,29,1
18407,29,1
18408,29,1
18409,29,1
18410,29,1
18411,29,1
18412,29,1
18413,29,1
18414,30,1
18415,30,1
18416,30,1
18417,30,1
18418,30,1
18419,31,1
18420,31,1
18421,31,1
18422,31,1
18423,31,1
18424,31,1
18425,31,1
18426,31,1
18427,31,1
18428,31,1
18429,31,1
18430,31,1
18431,31,1
18432,31,1
18433,31,1
18434,31,1
18435,31,1
18436,31,1
18437,31,1
18438,32,1
18439,32,1
18440,32,1
18441,32,1
18442,32,1
18443,32,1
18444,32,1
18445,32,1
18446,32,1
18447,32,1
18448,33,1
18449,34,1
18450,34,1
18451,34,1
18452,34,1
18453,34,1
18454,34,1
18455,33,1
18456,33,1
18457,33,1
18458,33,1
18459,33,1
18460,33,1
18461,33,1
18462,33,1
18463,33,1
18464,33,1
18465,33,1
18466,33,1
18467,34,1
18468,34,1
18469,34,1
18470,34,1
18471,34,1
18472,34,1
18473,34,1
18474,34,1
18475,34,1
18476,34,1
18477,34,1
18478,34,1
18479,34,1
18480,34,1
18481,34,1
18482,34,1
18483,34,1
18484,34,1
18485,34,1
18486,34,1
18487,34,1
18488,33,1
18489,33,1
18490,33,1
18491,33,1
18492,33,1
18493,33,1
18494,33,1
18495,33,1
18496,33,1
18497,33,1
18498,33,1
18499,33,1
18500,33,1
18501,33,1
18502,33,1
18503,33,1
18504,33,1
18505,33,1
18506,33,1
18507,33,1
18508,33,1
18509,33,1
18510,33,1
18511,33,1
18512,33,1
18513,33,1
18514,33,1
18515,33,1
18516,33,1
18517,33,1
18518,33,1
18519,33,1
18520,33,1
18521,34,1
18522,34,1
18523,34,1
18524,34,1
18525,34,1
18526,34,1
18527,34,1
18528,34,1
18529,34,1
18530,34,1
18531,34,1
18532,34,1
18533,34,1
18534,34,1
18535,34,1
18536,34,1
18537,34,1
18538,34,1
18539,35,1
18540,35,1
18541,35,1
18542,35,1
18543,35,1
18544,35,1
18545,35,1
18546,35,1
18547,35,1
18548,35,1
18549,35,1
18550,35,1
18551,35,1
18552,35,1
18553,35,1
18554,35,1
18555,35,1
18556,35,1
18557,35,1
18558,35,1
18559,35,1
18560,35,1
18561,35,1
18562,35,1
18563,35,1
18564,35,1
18565,35,1
18566,35,1
18567,35,1
18568,35,1
18569,35,1
18570,35,1
18571,35,1
18572,35,1
18573,35,1
18574,35,1
18575,35,1
18576,35,1
18577,35,1
18578,35,1
18579,35,1
18580,35,1
18581,34,1
18582,34,1
18583,34,1
18584,34,1
18585,34,1
18586,34,1
18587,34,1
18588,34,1
18589,34,1
18590,34,1
18591,34,1
18592,34,1
18593,34,1
18594,34,1
18595,34,1
18596,34,1
18597,34,1
18598,34,1
18599,34,1
18600,34,1
18601,34,1
18602,34,1
18603,34,1
18604,34,1
18605,34,1
18606,34,1
18607,34,1
18608,34,1
18609,34,1
18610,34,1
18611,34,1
18612,34,1
18613,34,1
18614,34,1
18615,34,1
18616,34,1
18617,34,1
18618,34,1
18619,34,1
18620,34,1
18621,34,1
18622,34,1
18623,34,1
18624,34,1
18625,34,1
18626,34,1
18627,34,1
18628,33,1
18629,33,1
18630,33,1
18631,33,1
18632,33,1
18633,33,1
18634,33,1
18635,33,1
18636,33,1
18637,33,1
18638,33,1
18639,33,1
18640,33,1
18641,33,1
18642,33,1
18643,33,1
18644,33,1
18645,33,1
18646,33,1
18647,33,1
18648,33,1
18649,33,1
18650,33,1
18651,33,1
18652,33,1
18653,33,1
18654,33,1
18655,33,1
18656,33,1
18657,33,1
18658,33,1
18659,33,1
18660,33,1
18661,33,1
18662,33,1
18663,33,1
18664,33,1
18665,33,1
18666,33,1
18667,33,1
18668,33,1
18669,33,1
18670,33,1
18671,33,1
18672,33,1
18673,33,1
18674,33,1
18675,33,1
18676,33,1
18677,33,1
18678,33,1
18679,33,1
18680,33,1
18681,33,1
18682,33,1
18683,33,1
18684,33,1
18685,33,1
18686,33,1
18687,33,1
18688,33,1
18689,33,1
18690,33,1
18691,33,1
18692,33,1
18693,33,1
18694,33,1
18695,33,1
18696,33,1
18697,33,1
18698,33,1
18699,33,1
18700,33,1
18701,33,1
18702,33,1
18703,33,1
18704,33,1
18705,33,1
18706,33,1
18707,33,1
18708,33,1
18709,33,1
18710,33,1
18711,33,1
18712,33,1
18713,32,1
18714,32,1
18715,32,1
18716,33,1
18717,33,1
18718,33,1
18719,33,1
18720,33,1
18721,33,1
18722,33,1
18723,33,1
18724,33,1
18725,33,1
18726,33,1
18727,33,1
18728,33,1
18729,33,1
18730,33,1
18731,33,1
18732,33,1
18733,33,1
18734,33,1
18735,33,1
18736,33,1
18737,32,1
18738,32,1
18739,32,1
18740,32,1
18741,32,1
18742,32,1
18743,32,1
18744,32,1
18745,32,1
18746,32,1
18747,32,1
18748,32,1
18749,32,1
18750,32,1
18751,32,1
18752,32,1
18753,32,1
18754,32,1
18755,32,1
18756,32,1
18757,32,1
18758,32,1
18759,32,1
18760,32,1
18761,32,1
18762,32,1
18763,32,1
18764,32,1
18765,32,1
18766,32,1
18767,32,1
18768,32,1
18769,32,1
18770,32,1
18771,32,1
18772,32,1
18773,32,1
18774,32,1
18775,33,1
18776,33,1
18777,33,1
18778,33,1
18779,33,1
18780,33,1
18781,33,1
18782,33,1
18783,33,1
18784,33,1
18785,33,1
18786,33,1
18787,33,1
18788,33,1
18789,33,1
18790,33,1
18791,33,1
18792,33,1
18793,33,1
18794,33,1
18795,33,1
18796,33,1
18797,33,1
18798,33,1
18799,33,1
18800,33,1
18801,33,1
18802,33,1
18803,33,1
18804,33,1
18805,33,1
18806,33,1
18807,33,1
18808,33,1
18809,33,1
18810,33,1
18811,33,1
18812,33,1
18813,33,1
18814,33,1
18815,33,1
18816,33,1
18817,33,1
18818,33,1
18819,33,1
18820,33,1
18821,33,1
18822,33,1
18823,33,1
18824,33,1
18825,33,1
18826,33,1
18827,33,1
18828,33,1
18829,33,1
18830,33,1
18831,33,1
18832,33,1
18833,33,1
18834,33,1
18835,34,1
18836,33,1
18837,33,1
18838,33,1
18839,33,1
18840,33,1
18841,33,1
18842,33,1
18843,33,1
18844,33,1
18845,33,1
18846,33,1
18847,33,1
18848,33,1
18849,34,1
18850,34,1
18851,34,1
18852,34,1
18853,34,1
18854,34,1
18855,34,1
18856,34,1
18857,34,1
18858,34,1
18859,34,1
18860,34,1
18861,34,1
18862,34,1
18863,34,1
18864,34,1
18865,34,1
18866,34,1
18867,34,1
18868,34,1
18869,35,1
18870,35,1
18871,35,1
18872,35,1
18873,35,1
18874,35,1
18875,35,1
18876,35,1
18877,35,1
18878,35,1
18879,35,1
18880,35,1
18881,35,1
18882,35,1
18883,35,1
18884,35,1
18885,35,1
18886,35,1
18887,35,1
18888,35,1
18889,35,1
18890,35,1
18891,35,1
18892,35,1
18893,35,1
18894,35,1
18895,35,1
18896,35,1
18897,35,1
18898,35,1
18899,35,1
18900,35,1
18901,35,1
18902,35,1
18903,35,1
18904,35,1
18905,35,1
18906,35,1
18907,35,1
18908,35,1
18909,35,1
18910,35,1
18911,35,1
18912,35,1
18913,35,1
18914,35,1
18915,35,1
18916,35,1
18917,35,1
18918,35,1
18919,35,1
18920,35,1
18921,35,1
18922,34,1
18923,34,1
18924,34,1
18925,34,1
18926,34,1
18927,34,1
18928,34,1
18929,34,1
18930,34,1
18931,34,1
18932,34,1
18933,34,1
18934,34,1
18935,34,1
18936,34,1
18937,34,1
18938,34,1
18939,34,1
18940,34,1
18941,34,1
18942,34,1
18943,34,1
18944,34,1
18945,34,1
18946,34,1
18947,34,1
18948,34,1
18949,34,1
18950,34,1
18951,34,1
18952,34,1
18953,34,1
18954,34,1
18955,34,1
18956,34,1
18957,34,1
18958,34,1
18959,34,1
18960,34,1
18961,34,1
18962,34,1
18963,34,1
18964,34,1
18965,34,1
18966,34,1
18967,34,1
18968,34,1
18969,34,1
18970,33,1
18971,33,1
18972,33,1
18973,33,1
18974,33,1
18975,33,1
18976,33,1
18977,33,1
18978,33,1
18979,33,1
18980,33,1
18981,33,1
18982,33,1
18983,33,1
18984,33,1
18985,33,1
18986,33,1
18987,33,1
18988,33,1
18989,33,1
18990,33,1
18991,33,1
18992,33,1
18993,33,1
18994,33,1
18995,33,1
18996,33,1
18997,33,1
18998,33,1
18999,33,1
19000,33,1
19001,33,1
19002,33,1
19003,33,1
19004,33,1
19005,33,1
19006,33,1
19007,33,1
19008,33,1
19009,33,1
19010,33,1
19011,33,1
19012,33,1
19013,33,1
19014,33,1
19015,33,1
19016,33,1
19017,33,1
19018,33,1
19019,33,1
19020,33,1
19021,33,1
19022,33,1
19023,33,1
19024,33,1
19025,33,1
19026,33,1
19027,33,1
19028,33,1
19029,33,1
19030,33,1
19031,33,1
19032,33,1
19033,33,1
19034,33,1
19035,33,1
19036,33,1
19037,33,1
19038,33,1
19039,33,1
19040,33,1
19041,33,1
19042,33,1
19043,33,1
19044,33,1
19045,33,1
19046,33,1
19047,33,1
19048,33,1
19049,33,1
19050,33,1
19051,33,1
19052,33,1
19053,33,1
19054,33,1
19055,33,1
19056,33,1
19057,32,0
19058,32,0
19059,32,0
19060,32,0
19061,32,0
19062,32,0
19063,32,0
19064,32,0
19065,32,0
19066,31,0
19067,31,0
19068,31,0
19069,31,0
19070,31,0
19071,31,0
19072,31,0
19073,31,0
19074,31,0
19075,31,0
19076,31,0
19077,31,0
19078,31,0
19079,31,0
19080,31,0
19081,31,0
19082,31,0
19083,31,0
19084,31,0
19085,31,0
19086,31,0
19087,31,0
19088,31,0
19089,31,0
19090,30,0
19091,30,0
19092,30,0
19093,30,0
19094,30,0
19095,30,0
19096,30,0
19097,30,0
19098,30,0
19099,30,0
19100,30,0
19101,30,0
19102,30,0
19103,30,0
19104,30,0
19105,30,0
19106,30,0
19107,30,0
19108,30,0
19109,30,0
19110,30,0
19111,30,0
19112,30,0
19113,30,0
19114,30,0
19115,30,0
19116,30,0
19117,30,0
19118,30,0
19119,30,0
19120,30,0
19121,30,0
19122,30,0
19123,30,0
19124,30,0
19125,30,0
19126,30,0
19127,30,0
19128,30,0
19129,30,0
19130,30,0
19131,30,0
19132,30,0
19133,30,0
19134,30,0
19135,30,0
19136,30,0
19137,30,0
19138,30,0
19139,30,0
19140,30,0
19141,30,0
19142,30,0
19143,30,0
19144,30,0
19145,30,0
19146,30,0
19147,30,0
19148,30,0
19149,30,0
19150,30,0
19151,30,0
19152,30,0
19153,30,0
19154,30,0
19155,30,0
19156,30,0
19157,30,0
19158,30,0
19159,29,0
19160,29,0
19161,29,0
19162,29,0
19163,29,0
19164,29,0
19165,29,0
19166,30,0
19167,30,0
19168,30,0
19169,30,0
19170,30,0
19171,30,0
19172,30,0
19173,30,0
19174,30,0
19175,30,0
19176,30,0
19177,30,0
19178,30,0
19179,30,0
19180,30,0
19181,30,0
19182,30,0
19183,31,1
19184,32,1
19185,32,1
19186,32,1
19187,32,1
19188,32,1
19189,32,1
19190,32,1
19191,32,1
19192,32,1
19193,32,1
19194,32,1
19195,32,1
19196,32,1
19197,32,1
19198,32,1
19199,32,1
19200,32,1
19201,32,1
19202,32,1
19203,32,1
19204,32,1
19205,32,1
19206,32,1
19207,32,1
19208,32,1
19209,32,1
19210,32,1
19211,32,1
19212,32,1
19213,32,1
19214,32,1
19215,32,1
19216,32,1
19217,32,1
19218,32,1
19219,32,1
19220,32,1
19221,32,1
19222,32,1
19223,32,1
19224,32,1
19225,32,1
19226,32,1
19227,33,1
19228,33,1
19229,33,1
19230,33,1
19231,33,1
19232,33,1
19233,33,1
19234,32,1
19235,32,1
19236,32,1
19237,32,1
19238,32,1
19239,33,1
19240,33,1
19241,33,1
19242,33,1
19243,33,1
19244,33,1
19245,33,1
19246,33,1
19247,33,1
19248,33,1
19249,33,1
19250,33,1
19251,33,1
19252,33,1
19253,33,1
19254,33,1
19255,33,1
19256,33,1
19257,33,1
19258,33,1
19259,33,1
19260,33,1
19261,33,1
19262,33,1
19263,33,1
19264,33,1
19265,33,1
19266,33,1
19267,33,1
19268,33,1
19269,33,1
19270,33,1
19271,33,1
19272,33,1
19273,33,1
19274,33,1
19275,33,1
19276,33,1
19277,33,1
19278,33,1
19279,33,1
19280,33,1
19281,33,1
19282,33,1
19283,33,1
19284,33,1
19285,33,1
19286,33,1
19287,33,1
19288,33,1
19289,33,1
19290,33,1
19291,33,1
19292,33,1
19293,33,1
19294,34,1
19295,34,1
19296,34,1
19297,34,1
19298,34,1
19299,34,1
19300,33,1
19301,33,1
19302,33,1
19303,33,1
19304,33,1
19305,33,1
19306,33,1
19307,33,1
19308,33,1
19309,33,1
19310,33,1
19311,33,1
19312,33,1
19313,33,1
19314,33,1
19315,33,1
19316,33,1
19317,33,1
19318,33,1
19319,33,1
19320,33,1
19321,33,1
19322,33,1
19323,34,1
19324,34,1
19325,34,1
19326,34,1
19327,34,1
19328,34,1
19329,34,1
19330,34,1
19331,34,1
19332,34,1
19333,33,1
19334,33,1
19335,33,1
19336,33,1
19337,33,1
19338,33,1
19339,33,1
19340,33,1
19341,33,1
19342,33,1
19343,33,1
19344,33,1
19345,33,1
19346,33,1
19347,33,1
19348,33,1
19349,33,1
19350,33,1
19351,33,1
19352,33,1
19353,33,1
19354,33,1
19355,33,1
19356,33,1
19357,33,1
19358,33,1
19359,33,1
19360,33,1
19361,33,1
19362,33,1
19363,33,1
19364,33,1
19365,33,1
19366,32,1
19367,32,1
19368,32,1
19369,32,1
19370,32,1
19371,32,1
19372,32,1
19373,32,1
19374,32,1
19375,32,1
19376,32,1
19377,31,1
19378,31,1
19379,31,1
19380,31,1
19381,31,1
19382,31,1
19383,31,1
19384,31,1
19385,31,1
19386,31,1
19387,31,1
19388,31,1
19389,31,1
19390,31,1
19391,31,1
19392,31,1
19393,31,1
19394,31,1
19395,31,1
19396,31,1
19397,31,1
19398,31,1
19399,31,1
19400,31,1
19401,31,1
19402,31,1
19403,31,1
19404,31,1
19405,31,1
19406,31,1
19407,31,1
19408,31,1
19409,31,1
19410,31,1
19411,31,1
19412,31,1
19413,31,1
19414,31,1
19415,31,1
19416,31,1
19417,31,1
19418,31,1
19419,31,1
19420,31,1
19421,31,1
19422,31,1
19423,31,1
19424,31,1
19425,31,1
19426,31,1
19427,31,1
19428,31,1
19429,31,1
19430,31,1
19431,31,1
19432,31,1
19433,31,1
19434,31,1
19435,32,1
19436,32,1
19437,32,1
19438,32,1
19439,32,1
19440,32,1
19441,32,1
19442,32,1
19443,32,1
19444,32,1
19445,32,1
19446,32,1
19447,32,1
19448,32,1
19449,32,1
19450,32,1
19451,32,1
19452,32,1
19453,32,1
19454,32,1
19455,32,1
19456,33,1
19457,33,1
19458,33,1
19459,33,1
19460,33,1
19461,33,1
19462,33,1
19463,33,1
19464,33,1
19465,33,1
19466,33,1
19467,33,1
19468,33,1
19469,33,1
19470,33,1
19471,33,1
19472,33,1
19473,33,1
19474,33,1
19475,33,1
19476,33,1
19477,33,1
19478,32,1
19479,32,1
19480,32,1
19481,32,1
19482,32,1
19483,32,1
19484,32,1
19485,32,1
19486,32,1
19487,32,1
19488,32,1
19489,32,1
19490,32,1
19491,32,1
19492,32,1
19493,32,1
19494,32,1
19495,32,1
19496,32,1
19497,32,1
19498,32,1
19499,32,1
19500,32,1
19501,32,1
19502,32,1
19503,32,1
19504,32,1
19505,32,1
19506,32,1
19507,32,1
19508,32,1
19509,32,1
19510,32,1
19511,32,1
19512,32,1
19513,32,1
19514,33,1
19515,33,1
19516,33,1
19517,33,1
19518,32,1
19519,32,1
19520,32,1
19521,32,1
19522,32,1
19523,32,1
19524,32,1
19525,32,1
19526,32,1
19527,32,1
19528,32,1
19529,32,1
19530,32,1
19531,32,1
19532,32,1
19533,32,1
19534,32,1
19535,32,1
19536,32,1
19537,32,1
19538,32,1
19539,32,1
19540,32,1
19541,32,1
19542,32,1
19543,32,1
19544,31,1
19545,31,1
19546,31,1
19547,31,1
19548,31,1
19549,31,1
19550,31,1
19551,31,1
19552,31,1
19553,31,1
19554,31,1
19555,31,1
19556,31,1
19557,31,1
19558,31,1
19559,31,1
19560,31,1
19561,31,1
19562,31,1
19563,31,1
19564,31,1
19565,31,1
19566,31,1
19567,31,1
19568,31,1
19569,31,1
19570,31,1
19571,31,1
19572,31,1
19573,31,1
19574,31,1
19575,31,1
19576,31,1
19577,31,1
19578,31,1
19579,31,1
19580,31,1
19581,31,1
19582,31,1
19583,31,1
19584,31,1
19585,31,1
19586,31,1
19587,31,1
19588,31,1
19589,31,1
19590,31,1
19591,31,1
19592,31,1
19593,31,1
19594,31,1
19595,31,1
19596,31,1
19597,31,1
19598,31,1
19599,31,1
19600,31,1
19601,31,1
19602,31,1
19603,31,1
19604,31,1
19605,31,1
19606,31,1
19607,32,1
19608,32,1
19609,32,1
19610,32,1
19611,32,1
19612,32,1
19613,32,1
19614,32,1
19615,32,1
19616,32,1
19617,32,1
19618,32,1
19619,32,1
19620,32,1
19621,32,1
19622,32,1
19623,32,1
19624,32,1
19625,32,1
19626,32,1
19627,32,1
19628,32,1
19629,32,1
19630,32,1
19631,32,1
19632,32,1
19633,32,1
19634,32,1
19635,32,1
19636,33,1
19637,33,1
19638,33,1
19639,33,1
19640,33,1
19641,33,1
19642,33,1
19643,33,1
19644,33,1
19645,33,1
19646,33,1
19647,33,1
19648,33,1
19649,33,1
19650,33,1
19651,33,1
19652,33,1
19653,33,1
19654,33,1
19655,34,1
19656,34,1
19657,34,1
19658,34,1
19659,34,1
19660,34,1
19661,33,1
19662,33,1
19663,33,1
19664,33,1
19665,33,1
19666,33,1
19667,33,1
19668,33,1
19669,33,1
19670,33,1
19671,33,1
19672,33,1
19673,33,1
19674,33,1
19675,33,1
19676,33,1
19677,33,1
19678,33,1
19679,32,1
19680,32,1
19681,32,1
19682,32,1
19683,32,1
19684,32,1
19685,32,1
19686,32,1
19687,32,1
19688,32,1
19689,32,1
19690,32,1
19691,32,1
19692,32,1
19693,32,1
19694,32,1
19695,32,1
19696,32,1
19697,32,1
19698,32,1
19699,32,1
19700,32,1
19701,32,1
19702,32,1
19703,32,1
19704,32,1
19705,32,1
19706,32,1
19707,32,1
19708,32,1
19709,32,1
19710,32,1
19711,32,1
19712,32,1
19713,32,1
19714,32,1
19715,32,1
19716,32,1
19717,32,1
19718,32,1
19719,32,1
19720,32,1
19721,32,1
19722,32,1
19723,32,1
19724,32,1
19725,32,1
19726,32,1
19727,32,1
19728,32,1
19729,32,1
19730,32,1
19731,32,1
19732,32,1
19733,32,1
19734,32,1
19735,32,1
19736,33,1
19737,33,1
19738,33,1
19739,33,1
19740,33,1
19741,33,1
19742,33,1
19743,33,1
19744,33,1
19745,33,1
19746,33,1
19747,33,1
19748,33,1
19749,33,1
19750,34,1
19751,34,1
19752,34,1
19753,34,1
19754,33,1
19755,33,1
19756,33,1
19757,33,1
19758,33,1
19759,33,1
19760,32,1
19761,32,1
19762,32,1
19763,32,1
19764,32,1
19765,32,1
19766,32,1
19767,32,1
19768,32,1
19769,32,1
19770,32,1
19771,32,1
19772,32,1
19773,32,1
19774,32,1
19775,32,1
19776,32,1
19777,32,1
19778,32,1
19779,32,1
19780,32,1
19781,32,1
19782,32,1
19783,32,1
19784,32,1
19785,32,1
19786,32,1
19787,32,1
19788,32,1
19789,32,1
19790,32,1
19791,32,1
19792,32,1
19793,32,1
19794,32,1
19795,32,1
19796,32,1
19797,32,1
19798,32,1
19799,32,1
19800,32,1
19801,32,1
19802,32,1
19803,32,1
19804,32,1
19805,32,1
19806,32,1
19807,32,1
19808,32,1
19809,32,1
19810,32,1
19811,32,1
19812,32,1
19813,32,1
19814,32,1
19815,32,1
19816,32,1
19817,32,1
19818,32,1
19819,32,1
19820,32,1
19821,32,1
19822,32,1
19823,32,1
19824,32,1
19825,32,1
19826,32,1
19827,32,1
19828,32,1
19829,31,1
19830,31,1
19831,31,1
19832,31,1
19833,31,1
19834,31,1
19835,31,1
19836,31,1
19837,31,1
19838,31,1
19839,31,1
19840,31,1
19841,31,1
19842,31,1
19843,31,1
19844,31,1
19845,31,1
19846,31,1
19847,31,1
19848,31,1
19849,31,1
19850,31,1
19851,31,1
19852,31,1
19853,31,1
19854,31,1
19855,31,1
19856,30,1
19857,30,1
19858,30,1
19859,30,1
19860,30,1
19861,30,1
19862,29,1
19863,29,1
19864,29,1
19865,29,1
19866,29,1
19867,29,1
19868,29,1
19869,29,1
19870,30,1
19871,30,1
19872,30,1
19873,30,1
19874,30,1
19875,30,1
19876,30,1
19877,30,1
19878,30,1
19879,30,1
19880,30,1
19881,30,1
19882,30,1
19883,30,1
19884,30,1
19885,30,1
19886,30,1
19887,30,1
19888,30,1
19889,30,1
19890,30,1
19891,30,1
19892,30,1
19893,30,1
19894,30,1
19895,30,1
19896,30,1
19897,30,1
19898,30,1
19899,30,1
19900,30,1
19901,30,1
19902,30,1
19903,30,1
19904,30,1
19905,30,1
19906,30,1
19907,30,1
19908,30,1
19909,30,1
19910,30,1
19911,30,1
19912,30,1
19913,30,1
19914,30,1
19915,30,1
19916,30,1
19917,30,1
19918,30,1
19919,30,1
19920,30,1
19921,30,1
19922,30,1
19923,30,1
19924,30,1
19925,30,1
19926,30,1
19927,30,1
19928,30,1
19929,30,1
19930,30,1
19931,30,1
19932,30,1
19933,30,1
19934,30,1
19935,30,1
19936,30,1
19937,30,1
19938,30,1
19939,31,1
19940,31,1
19941,31,1
19942,31,1
19943,31,1
19944,31,1
19945,31,1
19946,31,1
19947,31,1
19948,31,1
19949,31,1
19950,31,1
19951,31,1
19952,31,1
19953,31,1
19954,31,1
19955,31,1
19956,31,1
19957,31,1
19958,31,1
19959,31,1
19960,32,1
19961,32,1
19962,32,1
19963,32,1
19964,32,1
19965,32,1
19966,32,1
19967,32,1
19968,32,1
19969,32,1
19970,32,1
19971,32,1
19972,33,1
19973,33,1
19974,33,1
19975,33,1
19976,33,1
19977,33,1
19978,33,1
19979,33,1
19980,33,1
19981,33,1
19982,34,1
19983,34,1
19984,34,1
19985,34,1
19986,34,1
19987,34,1
19988,33,1
19989,33,1
19990,33,1
19991,33,1
19992,33,1
19993,33,1
19994,33,1
19995,33,1
19996,33,1
19997,33,1
19998,33,1
19999,33,1
