remainingTime,dirtLevel,badDirtLevel
0,0,0
1,0,0
2,0,0
3,0,0
4,0,0
5,0,0
6,0,0
7,0,0
8,0,0
9,0,0
10,0,0
11,0,0
12,0,0
13,0,0
14,0,0
15,0,0
16,0,0
17,0,0
18,0,0
19,0,0
20,0,0
21,0,0
22,0,0
23,0,0
24,0,0
25,0,0
26,0,0
27,0,0
28,0,0
29,0,0
30,0,0
31,0,0
32,0,0
33,0,0
34,0,0
35,0,0
36,0,0
37,0,0
38,0,0
39,0,0
40,1,0
41,1,0
42,1,0
43,1,0
44,1,0
45,1,0
46,1,0
47,1,0
48,1,0
49,1,0
50,1,0
51,1,0
52,1,0
53,1,0
54,1,0
55,1,0
56,1,0
57,1,0
58,1,0
59,1,0
60,1,0
61,1,0
62,1,0
63,1,0
64,1,0
65,1,0
66,1,0
67,1,0
68,1,0
69,1,0
70,1,0
71,1,0
72,1,0
73,1,0
74,1,0
75,1,0
76,1,0
77,1,0
78,1,0
79,1,0
80,1,0
81,1,0
82,1,0
83,1,0
84,1,0
85,1,0
86,1,0
87,1,0
88,1,0
89,1,0
90,1,0
91,1,0
92,1,0
93,1,0
94,1,0
95,1,0
96,1,0
97,1,0
98,1,0
99,1,0
100,1,0
101,1,0
102,1,0
103,1,0
104,1,0
105,1,0
106,1,0
107,1,0
108,1,0
109,1,0
110,1,0
111,1,0
112,1,0
113,1,0
114,1,0
115,1,0
116,1,0
117,1,0
118,1,0
119,1,0
120,1,0
121,1,0
122,1,0
123,1,0
124,1,0
125,1,0
126,1,0
127,1,0
128,1,0
129,1,0
130,1,0
131,1,0
132,1,0
133,1,0
134,1,0
135,1,0
136,1,0
137,1,0
138,1,0
139,1,0
140,1,0
141,1,0
142,1,0
143,1,0
144,1,0
145,1,0
146,1,0
147,1,0
148,1,0
149,1,0
150,1,0
151,1,0
152,1,0
153,1,0
154,1,0
155,1,0
156,1,0
157,1,0
158,1,0
159,1,0
160,1,0
161,1,0
162,1,0
163,1,0
164,1,0
165,1,0
166,1,0
167,1,0
168,1,0
169,1,0
170,1,0
171,1,0
172,1,0
173,1,0
174,1,0
175,1,0
176,1,0
177,1,0
178,1,0
179,1,0
180,1,0
181,1,0
182,1,0
183,1,0
184,1,0
185,1,0
186,1,0
187,1,0
188,1,0
189,1,0
190,1,0
191,1,0
192,1,0
193,1,0
194,1,0
195,1,0
196,1,0
197,1,0
198,1,0
199,1,0
200,1,0
201,1,0
202,1,0
203,1,0
204,1,0
205,1,0
206,2,0
207,2,0
208,2,0
209,2,0
210,2,0
211,2,0
212,2,0
213,2,0
214,2,0
215,2,0
216,2,0
217,2,0
218,2,0
219,2,0
220,2,0
221,2,0
222,2,0
223,2,0
224,2,0
225,2,0
226,2,0
227,2,0
228,2,0
229,2,0
230,2,0
231,2,0
232,2,0
233,2,0
234,2,0
235,2,0
236,2,0
237,2,0
238,2,0
239,2,0
240,2,0
241,2,0
242,2,0
243,2,0
244,3,0
245,3,0
246,3,0
247,3,0
248,3,0
249,3,0
250,3,0
251,3,0
252,3,0
253,3,0
254,3,0
255,3,0
256,3,0
257,3,0
258,3,0
259,3,0
260,3,0
261,3,0
262,3,0
263,3,0
264,3,0
265,3,0
266,3,0
267,3,0
268,3,0
269,3,0
270,3,0
271,3,0
272,3,0
273,3,0
274,3,0
275,3,0
276,3,0
277,3,0
278,3,0
279,3,0
280,3,0
281,3,0
282,3,0
283,3,0
284,3,0
285,3,0
286,3,0
287,3,0
288,3,0
289,3,0
290,3,0
291,3,0
292,3,0
293,3,0
294,3,0
295,3,0
296,3,0
297,3,0
298,3,0
299,3,0
300,3,0
301,3,0
302,3,0
303,3,0
304,3,0
305,3,0
306,3,0
307,3,0
308,3,0
309,3,0
310,3,0
311,3,0
312,3,0
313,3,0
314,3,0
315,3,0
316,3,0
317,3,0
318,3,0
319,3,0
320,3,0
321,3,0
322,3,0
323,3,0
324,3,0
325,3,0
326,3,0
327,3,0
328,3,0
329,3,0
330,3,0
331,3,0
332,4,0
333,4,0
334,4,0
335,4,0
336,4,0
337,4,0
338,4,0
339,4,0
340,4,0
341,4,0
342,4,0
343,4,0
344,4,0
345,4,0
346,4,0
347,4,0
348,4,0
349,4,0
350,4,0
351,4,0
352,4,0
353,4,0
354,4,0
355,4,0
356,4,0
357,4,0
358,4,0
359,4,0
360,4,0
361,4,0
362,4,0
363,4,0
364,4,0
365,4,0
366,4,0
367,4,0
368,4,0
369,4,0
370,4,0
371,4,0
372,4,0
373,4,0
374,4,0
375,4,0
376,4,0
377,4,0
378,4,0
379,4,0
380,4,0
381,4,0
382,4,0
383,4,0
384,4,0
385,4,0
386,4,0
387,4,0
388,4,0
389,4,0
390,4,0
391,4,0
392,4,0
393,4,0
394,4,0
395,4,0
396,4,0
397,4,0
398,4,0
399,4,0
400,4,0
401,4,0
402,4,0
403,4,0
404,4,0
405,4,0
406,4,0
407,4,0
408,4,0
409,4,0
410,4,0
411,4,0
412,4,0
413,4,0
414,4,0
415,4,0
416,4,0
417,4,0
418,4,0
419,4,0
420,4,0
421,4,0
422,4,0
423,4,0
424,4,0
425,4,0
426,4,0
427,4,0
428,4,0
429,4,0
430,4,0
431,4,0
432,4,0
433,4,0
434,4,0
435,4,0
436,4,0
437,4,0
438,4,0
439,4,0
440,4,0
441,4,0
442,4,0
443,4,0
444,4,0
445,4,0
446,4,0
447,4,0
448,4,0
449,4,0
450,4,0
451,4,0
452,4,0
453,4,0
454,4,0
455,4,0
456,4,0
457,4,0
458,4,0
459,4,0
460,4,0
461,4,0
462,4,0
463,4,0
464,4,0
465,4,0
466,4,0
467,4,0
468,4,0
469,4,0
470,4,0
471,4,0
472,4,0
473,4,0
474,4,0
475,4,0
476,4,0
477,4,0
478,4,0
479,4,0
480,4,0
481,4,0
482,4,0
483,4,0
484,4,0
485,4,0
486,4,0
487,4,0
488,4,0
489,4,0
490,4,0
491,4,0
492,4,0
493,4,0
494,4,0
495,4,0
496,4,0
497,4,0
498,4,0
499,4,0
500,4,0
501,4,0
502,4,0
503,4,0
504,4,0
505,4,0
506,4,0
507,4,0
508,4,0
509,4,0
510,4,0
511,4,0
512,4,0
513,4,0
514,4,0
515,4,0
516,4,0
517,4,0
518,4,0
519,4,0
520,4,0
521,4,0
522,4,0
523,4,0
524,4,0
525,4,0
526,4,0
527,4,0
528,4,0
529,4,0
530,4,0
531,4,0
532,4,0
533,4,0
534,4,0
535,4,0
536,4,0
537,4,0
538,4,0
539,4,0
540,4,0
541,4,0
542,4,0
543,4,0
544,4,0
545,4,0
546,4,0
547,4,0
548,4,0
549,3,0
550,3,0
551,3,0
552,3,0
553,3,0
554,3,0
555,3,0
556,3,0
557,3,0
558,3,0
559,3,0
560,3,0
561,3,0
562,3,0
563,3,0
564,3,0
565,3,0
566,3,0
567,3,0
568,3,0
569,3,0
570,3,0
571,3,0
572,3,0
573,3,0
574,3,0
575,3,0
576,3,0
577,3,0
578,3,0
579,3,0
580,3,0
581,3,0
582,3,0
583,3,0
584,3,0
585,3,0
586,3,0
587,3,0
588,3,0
589,3,0
590,3,0
591,3,0
592,3,0
593,3,0
594,4,0
595,4,0
596,4,0
597,4,0
598,4,0
599,4,0
600,4,0
601,4,0
602,4,0
603,4,0
604,4,0
605,4,0
606,4,0
607,4,0
608,4,0
609,4,0
610,4,0
611,4,0
612,4,0
613,4,0
614,4,0
615,4,0
616,4,0
617,4,0
618,4,0
619,4,0
620,4,0
621,4,0
622,4,0
623,4,0
624,4,0
625,4,0
626,4,0
627,4,0
628,4,0
629,4,0
630,4,0
631,4,0
632,4,0
633,4,0
634,4,0
635,4,0
636,4,0
637,4,0
638,4,0
639,4,0
640,4,0
641,4,0
642,4,0
643,4,0
644,4,0
645,4,0
646,4,0
647,4,0
648,4,0
649,4,0
650,4,0
651,4,0
652,4,0
653,4,0
654,4,0
655,4,0
656,4,0
657,4,0
658,4,0
659,4,0
660,4,0
661,4,0
662,4,0
663,4,0
664,4,0
665,4,0
666,4,0
667,4,0
668,4,0
669,4,0
670,4,0
671,4,0
672,4,0
673,4,0
674,4,0
675,4,0
676,4,0
677,4,0
678,4,0
679,5,0
680,5,0
681,5,0
682,5,0
683,5,0
684,5,0
685,5,0
686,5,0
687,5,0
688,5,0
689,5,0
690,5,0
691,5,0
692,5,0
693,5,0
694,5,0
695,5,0
696,5,0
697,5,0
698,5,0
699,5,0
700,5,0
701,5,0
702,5,0
703,5,0
704,5,0
705,5,0
706,5,0
707,5,0
708,5,0
709,5,0
710,5,0
711,5,0
712,5,0
713,5,0
714,5,0
715,5,0
716,5,0
717,5,0
718,5,0
719,5,0
720,5,0
721,5,0
722,5,0
723,5,0
724,5,0
725,5,0
726,5,0
727,5,0
728,5,0
729,5,0
730,5,0
731,5,0
732,5,0
733,5,0
734,5,0
735,5,0
736,5,0
737,5,0
738,5,0
739,5,0
740,5,0
741,5,0
742,5,0
743,5,0
744,6,0
745,6,0
746,6,0
747,6,0
748,6,0
749,6,0
750,6,0
751,6,0
752,6,0
753,6,0
754,6,0
755,7,0
756,7,0
757,7,0
758,7,0
759,7,0
760,7,0
761,7,0
762,7,0
763,7,0
764,7,0
765,7,0
766,7,0
767,7,0
768,7,0
769,7,0
770,7,0
771,7,0
772,7,0
773,7,0
774,7,0
775,7,0
776,7,0
777,7,0
778,7,0
779,7,0
780,7,0
781,7,0
782,7,0
783,7,0
784,7,0
785,7,0
786,7,0
787,7,0
788,7,0
789,7,0
790,7,0
791,7,0
792,7,0
793,7,0
794,7,0
795,8,0
796,8,0
797,8,0
798,8,0
799,8,0
800,8,0
801,8,0
802,8,0
803,8,0
804,8,0
805,8,0
806,8,0
807,8,0
808,8,0
809,8,0
810,8,0
811,8,0
812,8,0
813,8,0
814,8,0
815,8,0
816,8,0
817,8,0
818,8,0
819,8,0
820,8,0
821,8,0
822,8,0
823,8,0
824,8,0
825,8,0
826,8,0
827,8,0
828,8,0
829,8,0
830,8,0
831,8,0
832,8,0
833,8,0
834,7,0
835,7,0
836,7,0
837,7,0
838,8,0
839,8,0
840,8,0
841,8,0
842,8,0
843,8,0
844,8,0
845,8,0
846,8,0
847,8,0
848,8,0
849,8,0
850,8,0
851,8,0
852,8,0
853,8,0
854,8,0
855,8,0
856,8,0
857,8,0
858,8,0
859,8,0
860,8,0
861,8,0
862,8,0
863,8,0
864,8,0
865,8,0
866,8,0
867,8,0
868,8,0
869,8,0
870,8,0
871,8,0
872,8,0
873,8,0
874,8,0
875,8,0
876,8,0
877,8,0
878,8,0
879,8,0
880,8,0
881,8,0
882,8,0
883,8,0
884,8,0
885,8,0
886,8,0
887,8,0
888,8,0
889,8,0
890,8,0
891,8,0
892,8,0
893,8,0
894,8,0
895,8,0
896,8,0
897,8,0
898,8,0
899,8,0
900,8,0
901,8,0
902,8,0
903,8,0
904,8,0
905,8,0
906,8,0
907,8,0
908,8,0
909,8,0
910,8,0
911,8,0
912,8,0
913,8,0
914,8,0
915,8,0
916,8,0
917,8,0
918,8,0
919,8,0
920,8,0
921,8,0
922,8,0
923,8,0
924,8,0
925,8,0
926,8,0
927,8,0
928,8,0
929,8,0
930,8,0
931,8,0
932,8,0
933,8,0
934,8,0
935,8,0
936,8,0
937,8,0
938,8,0
939,8,0
940,8,0
941,8,0
942,8,0
943,8,0
944,8,0
945,8,0
946,8,0
947,8,0
948,8,0
949,8,0
950,8,0
951,8,0
952,8,0
953,8,0
954,8,0
955,8,0
956,8,0
957,8,0
958,8,0
959,8,0
960,8,0
961,8,0
962,8,0
963,8,0
964,8,0
965,8,0
966,9,0
967,9,0
968,9,0
969,9,0
970,9,0
971,9,0
972,9,0
973,9,0
974,9,0
975,9,0
976,9,0
977,9,0
978,9,0
979,9,0
980,9,0
981,9,0
982,9,0
983,9,0
984,9,0
985,9,0
986,9,0
987,9,0
988,10,0
989,10,0
990,10,0
991,10,0
992,10,0
993,10,0
994,10,0
995,10,0
996,10,0
997,10,0
998,10,0
999,10,0
1000,10,0
1001,10,0
1002,10,0
1003,10,0
1004,10,0
1005,10,0
1006,10,0
1007,10,0
1008,10,0
1009,10,0
1010,10,0
1011,10,0
1012,10,0
1013,10,0
1014,10,0
1015,10,0
1016,10,0
1017,10,0
1018,10,0
1019,10,0
1020,11,0
1021,11,0
1022,11,0
1023,11,0
1024,11,0
1025,11,0
1026,11,0
1027,11,0
1028,11,0
1029,11,0
1030,11,0
1031,11,0
1032,11,0
1033,11,0
1034,11,0
1035,11,0
1036,11,0
1037,11,0
1038,11,0
1039,11,0
1040,11,0
1041,11,0
1042,11,0
1043,11,0
1044,11,0
1045,11,0
1046,11,0
1047,11,0
1048,11,0
1049,11,0
1050,11,0
1051,11,0
1052,11,0
1053,12,1
1054,12,1
1055,12,1
1056,12,1
1057,12,1
1058,12,1
1059,12,1
1060,12,1
1061,12,1
1062,12,1
1063,12,1
1064,12,1
1065,12,1
1066,12,1
1067,12,1
1068,12,1
1069,12,1
1070,12,1
1071,12,1
1072,12,1
1073,12,1
1074,12,1
1075,12,1
1076,12,1
1077,12,1
1078,12,1
1079,12,1
1080,12,1
1081,12,1
1082,12,1
1083,12,1
1084,12,1
1085,12,1
1086,13,1
1087,13,1
1088,13,1
1089,13,1
1090,13,1
1091,13,1
1092,13,1
1093,14,1
1094,14,1
1095,14,1
1096,14,1
1097,14,1
1098,14,1
1099,14,1
1100,14,1
1101,14,1
1102,14,1
1103,14,1
1104,14,1
1105,14,1
1106,14,1
1107,14,1
1108,14,1
1109,14,1
1110,14,1
1111,14,1
1112,14,1
1113,14,1
1114,14,1
1115,15,1
1116,15,1
1117,15,1
1118,15,1
1119,15,1
1120,15,1
1121,15,1
1122,15,1
1123,15,1
1124,15,1
1125,15,1
1126,15,1
1127,15,1
1128,15,1
1129,15,1
1130,15,1
1131,15,1
1132,15,1
1133,15,1
1134,15,1
1135,15,1
1136,15,1
1137,15,1
1138,15,1
1139,15,1
1140,16,1
1141,16,1
1142,16,1
1143,16,1
1144,16,1
1145,16,1
1146,16,1
1147,16,1
1148,16,1
1149,16,1
1150,16,1
1151,16,1
1152,16,1
1153,16,1
1154,16,1
1155,16,1
1156,16,1
1157,16,1
1158,16,1
1159,16,1
1160,16,1
1161,16,1
1162,16,1
1163,16,1
1164,16,1
1165,16,1
1166,16,1
1167,16,1
1168,16,1
1169,16,1
1170,16,1
1171,16,1
1172,16,1
1173,16,1
1174,16,1
1175,17,1
1176,17,1
1177,17,1
1178,17,1
1179,17,1
1180,17,1
1181,17,1
1182,17,1
1183,17,1
1184,17,1
1185,17,1
1186,17,1
1187,17,1
1188,17,1
1189,17,1
1190,17,1
1191,17,1
1192,17,1
1193,17,1
1194,17,1
1195,17,1
1196,17,1
1197,17,1
1198,17,1
1199,17,1
1200,17,1
1201,17,1
1202,17,1
1203,16,1
1204,16,1
1205,16,1
1206,16,1
1207,16,1
1208,16,1
1209,16,1
1210,16,1
1211,16,1
1212,16,1
1213,16,1
1214,16,1
1215,16,1
1216,16,1
1217,16,1
1218,16,1
1219,16,1
1220,16,1
1221,16,1
1222,16,1
1223,16,1
1224,16,1
1225,16,1
1226,16,1
1227,16,1
1228,16,1
1229,16,1
1230,16,1
1231,16,1
1232,16,1
1233,16,1
1234,16,1
1235,16,1
1236,16,1
1237,16,1
1238,16,1
1239,16,1
1240,16,1
1241,16,1
1242,16,1
1243,16,1
1244,16,1
1245,16,1
1246,16,1
1247,16,1
1248,16,1
1249,16,1
1250,16,1
1251,16,1
1252,16,1
1253,16,1
1254,16,1
1255,16,1
1256,16,1
1257,16,1
1258,16,1
1259,16,1
1260,16,1
1261,16,1
1262,16,1
1263,16,1
1264,16,1
1265,16,1
1266,16,1
1267,17,1
1268,17,1
1269,17,1
1270,17,1
1271,17,1
1272,17,1
1273,17,1
1274,17,1
1275,17,1
1276,17,1
1277,17,1
1278,17,1
1279,17,1
1280,17,1
1281,17,1
1282,17,1
1283,17,1
1284,17,1
1285,17,1
1286,17,1
1287,17,1
1288,17,1
1289,17,1
1290,17,1
1291,17,1
1292,17,1
1293,17,1
1294,17,1
1295,17,1
1296,17,1
1297,17,1
1298,17,1
1299,17,1
1300,17,1
1301,17,1
1302,17,1
1303,17,1
1304,17,1
1305,17,1
1306,17,1
1307,17,1
1308,17,1
1309,17,1
1310,17,1
1311,17,1
1312,17,1
1313,17,1
1314,17,1
1315,17,1
1316,17,1
1317,18,1
1318,17,1
1319,17,1
1320,17,1
1321,17,1
1322,17,1
1323,17,1
1324,17,1
1325,17,1
1326,17,1
1327,17,1
1328,17,1
1329,17,1
1330,17,1
1331,17,1
1332,17,1
1333,17,1
1334,17,1
1335,17,1
1336,17,1
1337,17,1
1338,17,1
1339,17,1
1340,17,1
1341,17,1
1342,17,1
1343,17,1
1344,17,1
1345,17,1
1346,17,1
1347,17,1
1348,17,1
1349,17,1
1350,17,1
1351,17,1
1352,17,1
1353,17,1
1354,17,1
1355,17,1
1356,17,1
1357,17,1
1358,17,1
1359,17,1
1360,17,1
1361,17,1
1362,17,1
1363,17,1
1364,17,1
1365,17,1
1366,17,1
1367,17,1
1368,17,1
1369,17,1
1370,17,1
1371,17,1
1372,17,1
1373,17,1
1374,17,1
1375,18,1
1376,18,1
1377,18,1
1378,18,1
1379,18,1
1380,18,1
1381,18,1
1382,18,1
1383,18,1
1384,18,1
1385,18,1
1386,18,1
1387,18,1
1388,18,1
1389,18,1
1390,18,1
1391,18,1
1392,18,1
1393,18,1
1394,18,1
1395,18,1
1396,18,1
1397,18,1
1398,18,1
1399,18,1
1400,18,1
1401,18,1
1402,18,1
1403,18,1
1404,18,1
1405,18,1
1406,18,1
1407,18,1
1408,18,1
1409,18,1
1410,18,1
1411,18,1
1412,18,1
1413,18,1
1414,18,1
1415,18,1
1416,18,1
1417,18,1
1418,18,1
1419,18,1
1420,18,1
1421,18,1
1422,18,1
1423,18,1
1424,18,1
1425,18,1
1426,18,1
1427,18,1
1428,18,1
1429,18,1
1430,18,1
1431,18,1
1432,18,1
1433,18,1
1434,18,1
1435,18,1
1436,18,1
1437,18,1
1438,18,1
1439,18,1
1440,18,1
1441,18,1
1442,18,1
1443,18,1
1444,18,1
1445,18,1
1446,18,1
1447,18,1
1448,18,1
1449,18,1
1450,18,1
1451,18,1
1452,18,1
1453,18,1
1454,18,1
1455,18,1
1456,18,1
1457,18,1
1458,18,1
1459,18,1
1460,18,1
1461,18,1
1462,18,1
1463,18,1
1464,18,1
1465,18,1
1466,18,1
1467,18,1
1468,18,1
1469,18,1
1470,18,1
1471,18,1
1472,18,1
1473,18,1
1474,18,1
1475,18,1
1476,18,1
1477,18,1
1478,18,1
1479,18,1
1480,18,1
1481,18,1
1482,18,1
1483,18,1
1484,18,1
1485,18,1
1486,18,1
1487,18,1
1488,18,1
1489,18,1
1490,18,1
1491,18,1
1492,18,1
1493,18,1
1494,19,2
1495,19,2
1496,19,2
1497,19,2
1498,19,2
1499,19,2
1500,19,2
1501,19,2
1502,19,2
1503,19,2
1504,19,2
1505,19,2
1506,19,2
1507,19,2
1508,19,2
1509,19,2
1510,19,2
1511,19,2
1512,19,2
1513,19,2
1514,19,2
1515,19,2
1516,19,2
1517,19,2
1518,19,2
1519,19,2
1520,19,2
1521,19,2
1522,19,2
1523,19,2
1524,19,2
1525,19,2
1526,19,2
1527,19,2
1528,19,2
1529,19,2
1530,19,2
1531,19,2
1532,19,2
1533,19,2
1534,19,2
1535,19,2
1536,19,2
1537,19,2
1538,19,2
1539,19,2
1540,19,2
1541,19,2
1542,19,2
1543,19,2
1544,19,2
1545,19,2
1546,19,2
1547,19,2
1548,19,2
1549,19,2
1550,19,2
1551,19,2
1552,19,2
1553,19,2
1554,19,2
1555,19,2
1556,19,2
1557,19,2
1558,19,2
1559,19,2
1560,19,2
1561,19,2
1562,19,2
1563,19,2
1564,19,2
1565,19,2
1566,19,2
1567,19,2
1568,19,2
1569,19,2
1570,19,2
1571,19,2
1572,19,2
1573,19,2
1574,19,2
1575,19,2
1576,19,2
1577,19,2
1578,19,2
1579,19,2
1580,19,2
1581,19,2
1582,19,2
1583,19,2
1584,19,2
1585,19,2
1586,19,2
1587,19,2
1588,19,2
1589,19,2
1590,19,2
1591,19,2
1592,19,2
1593,19,2
1594,19,2
1595,19,2
1596,19,2
1597,19,2
1598,19,2
1599,19,2
1600,19,2
1601,20,2
1602,20,2
1603,20,2
1604,20,2
1605,20,2
1606,20,2
1607,20,2
1608,20,2
1609,20,2
1610,20,2
1611,20,2
1612,21,2
1613,21,2
1614,21,2
1615,21,2
1616,21,2
1617,21,2
1618,21,2
1619,21,2
1620,21,2
1621,21,2
1622,21,2
1623,21,2
1624,21,2
1625,21,2
1626,21,2
1627,21,2
1628,21,2
1629,21,2
1630,21,2
1631,21,2
1632,21,2
1633,21,2
1634,21,2
1635,21,2
1636,21,2
1637,21,2
1638,21,2
1639,21,2
1640,21,2
1641,21,2
1642,21,2
1643,21,2
1644,21,2
1645,21,2
1646,21,2
1647,21,2
1648,21,2
1649,21,2
1650,21,2
1651,21,2
1652,21,2
1653,21,2
1654,21,2
1655,21,2
1656,21,2
1657,21,2
1658,21,2
1659,21,2
1660,21,2
1661,21,2
1662,21,2
1663,21,2
1664,21,2
1665,21,2
1666,21,2
1667,21,2
1668,21,2
1669,21,2
1670,21,2
1671,21,2
1672,21,2
1673,21,2
1674,21,2
1675,21,2
1676,21,2
1677,21,2
1678,21,2
1679,21,2
1680,21,2
1681,21,2
1682,21,2
1683,21,2
1684,21,2
1685,21,2
1686,21,2
1687,21,2
1688,21,2
1689,21,2
1690,21,2
1691,21,2
1692,21,2
1693,21,2
1694,21,2
1695,21,2
1696,21,2
1697,21,2
1698,21,2
1699,21,2
1700,21,2
1701,21,2
1702,21,2
1703,21,2
1704,21,2
1705,21,2
1706,21,2
1707,21,2
1708,21,2
1709,21,2
1710,21,2
1711,21,2
1712,21,2
1713,21,2
1714,21,2
1715,21,2
1716,21,2
1717,21,2
1718,21,2
1719,21,2
1720,21,2
1721,21,2
1722,21,2
1723,21,2
1724,21,2
1725,21,2
1726,21,2
1727,21,2
1728,21,2
1729,21,2
1730,21,2
1731,21,2
1732,21,2
1733,22,2
1734,22,2
1735,22,2
1736,22,2
1737,22,2
1738,22,2
1739,22,2
1740,22,2
1741,22,2
1742,22,2
1743,22,2
1744,22,2
1745,22,2
1746,22,2
1747,22,2
1748,22,2
1749,22,2
1750,22,2
1751,22,2
1752,22,2
1753,22,2
1754,22,2
1755,22,2
1756,22,2
1757,22,2
1758,22,2
1759,22,2
1760,22,2
1761,22,2
1762,22,2
1763,22,2
1764,22,2
1765,22,2
1766,22,2
1767,22,2
1768,22,2
1769,22,2
1770,22,2
1771,22,2
1772,22,2
1773,22,2
1774,22,2
1775,22,2
1776,22,2
1777,22,2
1778,22,2
1779,22,2
1780,23,2
1781,23,2
1782,23,2
1783,23,2
1784,23,2
1785,23,2
1786,23,2
1787,23,2
1788,23,2
1789,23,2
1790,23,2
1791,23,2
1792,23,2
1793,23,2
1794,23,2
1795,23,2
1796,23,2
1797,23,2
1798,23,2
1799,23,2
1800,23,2
1801,23,2
1802,23,2
1803,23,2
1804,23,2
1805,23,2
1806,23,2
1807,23,2
1808,23,2
1809,23,2
1810,23,2
1811,23,2
1812,23,2
1813,23,2
1814,23,2
1815,23,2
1816,23,2
1817,23,2
1818,23,2
1819,23,2
1820,23,2
1821,23,2
1822,24,2
1823,25,2
1824,25,2
1825,25,2
1826,25,2
1827,25,2
1828,25,2
1829,25,2
1830,25,2
1831,25,2
1832,25,2
1833,25,2
1834,25,2
1835,25,2
1836,25,2
1837,25,2
1838,26,2
1839,26,2
1840,26,2
1841,26,2
1842,26,2
1843,26,2
1844,26,2
1845,26,2
1846,26,2
1847,27,2
1848,27,2
1849,27,2
1850,27,2
1851,27,2
1852,27,2
1853,27,2
1854,27,2
1855,27,2
1856,27,2
1857,27,2
1858,27,2
1859,27,2
1860,27,2
1861,27,2
1862,28,2
1863,28,2
1864,28,2
1865,28,2
1866,28,2
1867,28,2
1868,28,2
1869,28,2
1870,28,2
1871,28,2
1872,28,2
1873,28,2
1874,28,2
1875,28,2
1876,28,2
1877,28,2
1878,28,2
1879,28,2
1880,28,2
1881,28,2
1882,28,2
1883,28,2
1884,28,2
1885,28,2
1886,28,2
1887,28,2
1888,29,2
1889,29,2
1890,29,2
1891,29,2
1892,29,2
1893,29,2
1894,30,2
1895,30,2
1896,30,2
1897,30,2
1898,30,2
1899,30,2
1900,30,2
1901,30,2
1902,30,2
1903,30,2
1904,30,2
1905,30,2
1906,30,2
1907,29,2
1908,29,2
1909,29,2
1910,29,2
1911,29,2
1912,28,2
1913,28,2
1914,28,2
1915,28,2
1916,28,2
1917,28,2
1918,28,2
1919,28,2
1920,28,2
1921,28,2
1922,28,2
1923,28,2
1924,28,2
1925,28,2
1926,28,2
1927,28,2
1928,28,2
1929,28,2
1930,28,2
1931,28,2
1932,28,2
1933,28,2
1934,28,2
1935,28,2
1936,28,2
1937,28,2
1938,28,2
1939,28,2
1940,28,2
1941,28,2
1942,28,2
1943,28,2
1944,28,2
1945,28,2
1946,28,2
1947,28,2
1948,28,2
1949,28,2
1950,28,2
1951,28,2
1952,28,2
1953,28,2
1954,28,2
1955,28,2
1956,28,2
1957,28,2
1958,28,2
1959,28,2
1960,27,2
1961,27,2
1962,27,2
1963,27,2
1964,27,2
1965,27,2
1966,27,2
1967,27,2
1968,27,2
1969,27,2
1970,27,2
1971,27,2
1972,27,2
1973,27,2
1974,27,2
1975,27,2
1976,27,2
1977,27,2
1978,27,2
1979,27,2
1980,27,2
1981,27,2
1982,27,2
1983,27,2
1984,27,2
1985,27,2
1986,27,2
1987,27,2
1988,27,2
1989,27,2
1990,27,2
1991,27,2
1992,27,2
1993,27,2
1994,27,2
1995,27,2
1996,27,2
1997,27,2
1998,27,2
1999,27,2
2000,27,2
2001,27,2
2002,27,2
2003,27,2
2004,27,2
2005,27,2
2006,27,2
2007,27,2
2008,27,2
2009,27,2
2010,27,2
2011,27,2
2012,27,2
2013,27,2
2014,27,2
2015,27,2
2016,27,2
2017,27,2
2018,27,2
2019,27,2
2020,27,2
2021,27,2
2022,27,2
2023,27,2
2024,27,2
2025,27,2
2026,27,2
2027,27,2
2028,27,2
2029,27,2
2030,27,2
2031,27,2
2032,27,2
2033,27,2
2034,27,2
2035,27,2
2036,27,2
2037,27,2
2038,27,2
2039,27,2
2040,27,2
2041,27,2
2042,27,2
2043,27,2
2044,27,2
2045,27,2
2046,27,2
2047,27,2
2048,27,2
2049,27,2
2050,27,2
2051,27,2
2052,27,2
2053,27,2
2054,27,2
2055,27,2
2056,27,2
2057,27,2
2058,27,2
2059,27,2
2060,27,2
2061,27,2
2062,27,2
2063,27,2
2064,27,2
2065,27,2
2066,27,2
2067,27,2
2068,27,2
2069,27,2
2070,27,2
2071,27,2
2072,27,2
2073,27,2
2074,27,2
2075,27,2
2076,27,2
2077,27,2
2078,27,2
2079,27,2
2080,27,2
2081,27,2
2082,27,2
2083,27,2
2084,27,2
2085,27,2
2086,27,2
2087,27,2
2088,27,2
2089,27,2
2090,27,2
2091,27,2
2092,27,2
2093,27,2
2094,27,2
2095,27,2
2096,27,2
2097,27,2
2098,27,2
2099,27,2
2100,27,2
2101,27,2
2102,27,2
2103,27,2
2104,27,2
2105,27,2
2106,27,2
2107,27,2
2108,27,2
2109,27,2
2110,27,2
2111,27,2
2112,28,2
2113,28,2
2114,28,2
2115,28,2
2116,28,2
2117,28,2
2118,28,2
2119,28,2
2120,28,2
2121,28,2
2122,28,2
2123,28,2
2124,28,2
2125,28,2
2126,28,2
2127,28,2
2128,28,2
2129,28,2
2130,28,2
2131,28,2
2132,28,2
2133,28,2
2134,28,2
2135,28,2
2136,28,2
2137,28,2
2138,28,2
2139,28,2
2140,28,2
2141,28,2
2142,28,2
2143,28,2
2144,28,2
2145,28,2
2146,28,2
2147,28,2
2148,28,2
2149,28,2
2150,28,2
2151,28,2
2152,28,2
2153,28,2
2154,28,2
2155,28,2
2156,28,2
2157,28,2
2158,28,2
2159,28,2
2160,28,2
2161,28,2
2162,28,2
2163,28,2
2164,28,2
2165,28,2
2166,28,2
2167,28,2
2168,28,2
2169,28,2
2170,28,2
2171,28,2
2172,28,2
2173,28,2
2174,28,2
2175,28,2
2176,28,2
2177,28,2
2178,28,2
2179,28,2
2180,28,2
2181,27,2
2182,27,2
2183,27,2
2184,27,2
2185,27,2
2186,27,2
2187,27,2
2188,27,2
2189,27,2
2190,27,2
2191,27,2
2192,27,2
2193,27,2
2194,27,2
2195,27,2
2196,27,2
2197,27,2
2198,27,2
2199,27,2
2200,27,2
2201,27,2
2202,27,2
2203,27,2
2204,27,2
2205,27,2
2206,27,2
2207,27,2
2208,27,2
2209,27,2
2210,27,2
2211,27,2
2212,27,2
2213,27,2
2214,27,2
2215,27,2
2216,27,2
2217,27,2
2218,27,2
2219,27,2
2220,27,2
2221,27,2
2222,27,2
2223,27,2
2224,27,2
2225,27,2
2226,27,2
2227,27,2
2228,27,2
2229,27,2
2230,27,2
2231,27,2
2232,27,2
2233,27,2
2234,27,2
2235,27,2
2236,28,2
2237,28,2
2238,28,2
2239,28,2
2240,28,2
2241,28,2
2242,28,2
2243,28,2
2244,28,2
2245,28,2
2246,28,2
2247,27,1
2248,27,1
2249,27,1
2250,27,1
2251,27,1
2252,27,1
2253,27,1
2254,27,1
2255,27,1
2256,27,1
2257,27,1
2258,27,1
2259,27,1
2260,27,1
2261,27,1
2262,27,1
2263,27,1
2264,27,1
2265,27,1
2266,27,1
2267,27,1
2268,27,1
2269,27,1
2270,27,1
2271,27,1
2272,27,1
2273,27,1
2274,27,1
2275,27,1
2276,27,1
2277,27,1
2278,27,1
2279,27,1
2280,27,1
2281,27,1
2282,27,1
2283,27,1
2284,27,1
2285,27,1
2286,27,1
2287,27,1
2288,28,1
2289,28,1
2290,28,1
2291,28,1
2292,28,1
2293,28,1
2294,28,1
2295,28,1
2296,28,1
2297,28,1
2298,28,1
2299,28,1
2300,28,1
2301,28,1
2302,28,1
2303,28,1
2304,28,1
2305,28,1
2306,28,1
2307,28,1
2308,28,1
2309,28,1
2310,28,1
2311,28,1
2312,28,1
2313,28,1
2314,28,1
2315,28,1
2316,28,1
2317,28,1
2318,28,1
2319,28,1
2320,28,1
2321,28,1
2322,28,1
2323,28,1
2324,28,1
2325,28,1
2326,28,1
2327,28,1
2328,28,1
2329,28,1
2330,28,1
2331,28,1
2332,28,1
2333,28,1
2334,28,1
2335,28,1
2336,28,1
2337,28,1
2338,28,1
2339,28,1
2340,28,1
2341,28,1
2342,28,1
2343,28,1
2344,28,1
2345,28,1
2346,28,1
2347,28,1
2348,28,1
2349,28,1
2350,28,1
2351,28,1
2352,28,1
2353,28,1
2354,28,1
2355,28,1
2356,28,1
2357,28,1
2358,28,1
2359,28,1
2360,28,1
2361,28,1
2362,28,1
2363,28,1
2364,28,1
2365,28,1
2366,28,1
2367,28,1
2368,28,1
2369,28,1
2370,28,1
2371,28,1
2372,28,1
2373,28,1
2374,28,1
2375,28,1
2376,28,1
2377,28,1
2378,28,1
2379,28,1
2380,28,1
2381,28,1
2382,28,1
2383,28,1
2384,28,1
2385,28,1
2386,28,1
2387,28,1
2388,28,1
2389,28,1
2390,28,1
2391,28,1
2392,28,1
2393,28,1
2394,28,1
2395,28,1
2396,28,1
2397,28,1
2398,28,1
2399,28,1
2400,28,1
2401,28,1
2402,28,1
2403,28,1
2404,28,1
2405,28,1
2406,28,1
2407,28,1
2408,29,1
2409,29,1
2410,29,1
2411,29,1
2412,29,1
2413,30,1
2414,30,1
2415,30,1
2416,30,1
2417,31,1
2418,31,1
2419,31,1
2420,31,1
2421,31,1
2422,31,1
2423,31,1
2424,31,1
2425,31,1
2426,31,1
2427,31,1
2428,31,1
2429,31,1
2430,31,1
2431,31,1
2432,31,1
2433,31,1
2434,31,1
2435,31,1
2436,31,1
2437,31,1
2438,31,1
2439,31,1
2440,31,1
2441,31,1
2442,31,1
2443,31,1
2444,31,1
2445,31,1
2446,31,1
2447,31,1
2448,31,1
2449,31,1
2450,31,1
2451,31,1
2452,31,1
2453,31,1
2454,31,1
2455,31,1
2456,31,1
2457,31,1
2458,31,1
2459,31,1
2460,31,1
2461,31,1
2462,31,1
2463,31,1
2464,31,1
2465,31,1
2466,31,1
2467,31,1
2468,31,1
2469,31,1
2470,31,1
2471,31,1
2472,31,1
2473,31,1
2474,31,1
2475,31,1
2476,31,1
2477,31,1
2478,31,1
2479,31,1
2480,31,1
2481,31,1
2482,31,1
2483,31,1
2484,31,1
2485,31,1
2486,31,1
2487,31,1
2488,31,1
2489,31,1
2490,31,1
2491,31,1
2492,31,1
2493,31,1
2494,31,1
2495,31,1
2496,31,1
2497,31,1
2498,31,1
2499,31,1
2500,31,1
2501,31,1
2502,31,1
2503,31,1
2504,31,1
2505,31,1
2506,31,1
2507,31,1
2508,31,1
2509,31,1
2510,31,1
2511,31,1
2512,31,1
2513,31,1
2514,31,1
2515,31,1
2516,31,1
2517,31,1
2518,31,1
2519,31,1
2520,31,1
2521,31,1
2522,31,1
2523,32,1
2524,32,1
2525,32,1
2526,32,1
2527,32,1
2528,33,1
2529,33,1
2530,33,1
2531,33,1
2532,33,1
2533,33,1
2534,33,1
2535,33,1
2536,33,1
2537,33,1
2538,33,1
2539,33,1
2540,33,1
2541,33,1
2542,33,1
2543,33,1
2544,33,1
2545,33,1
2546,33,1
2547,33,1
2548,33,1
2549,33,1
2550,33,1
2551,33,1
2552,33,1
2553,33,1
2554,33,1
2555,33,1
2556,33,1
2557,33,1
2558,33,1
2559,33,1
2560,33,1
2561,33,1
2562,33,1
2563,33,1
2564,33,1
2565,33,1
2566,33,1
2567,33,1
2568,33,1
2569,33,1
2570,33,1
2571,33,1
2572,34,1
2573,34,1
2574,34,1
2575,34,1
2576,34,1
2577,35,1
2578,35,1
2579,35,1
2580,35,1
2581,35,1
2582,35,1
2583,35,1
2584,35,1
2585,35,1
2586,35,1
2587,35,1
2588,35,1
2589,35,1
2590,35,1
2591,35,1
2592,35,1
2593,35,1
2594,35,1
2595,35,1
2596,35,1
2597,35,1
2598,35,1
2599,35,1
2600,35,1
2601,35,1
2602,35,1
2603,35,1
2604,35,1
2605,35,1
2606,35,1
2607,35,1
2608,35,1
2609,35,1
2610,35,1
2611,35,1
2612,35,1
2613,35,1
2614,35,1
2615,34,1
2616,34,1
2617,34,1
2618,34,1
2619,34,1
2620,34,1
2621,34,1
2622,34,1
2623,34,1
2624,34,1
2625,34,1
2626,34,1
2627,34,1
2628,34,1
2629,34,1
2630,34,1
2631,34,1
2632,34,1
2633,34,1
2634,34,1
2635,34,1
2636,34,1
2637,34,1
2638,34,1
2639,33,1
2640,33,1
2641,33,1
2642,33,1
2643,33,1
2644,33,1
2645,33,1
2646,33,1
2647,33,1
2648,33,1
2649,33,1
2650,33,1
2651,33,1
2652,33,1
2653,33,1
2654,33,1
2655,33,1
2656,33,1
2657,34,1
2658,34,1
2659,34,1
2660,34,1
2661,34,1
2662,34,1
2663,33,1
2664,33,1
2665,33,1
2666,33,1
2667,33,1
2668,33,1
2669,33,1
2670,33,1
2671,33,1
2672,32,1
2673,32,1
2674,32,1
2675,32,1
2676,32,1
2677,32,1
2678,32,1
2679,32,1
2680,32,1
2681,32,1
2682,32,1
2683,32,1
2684,32,1
2685,32,1
2686,32,1
2687,32,1
2688,32,1
2689,32,1
2690,32,1
2691,32,1
2692,32,1
2693,33,1
2694,33,1
2695,33,1
2696,34,1
2697,35,1
2698,35,1
2699,35,1
2700,35,1
2701,35,1
2702,35,1
2703,35,1
2704,35,1
2705,36,1
2706,36,1
2707,36,1
2708,36,1
2709,36,1
2710,36,1
2711,36,1
2712,36,1
2713,36,1
2714,36,1
2715,36,1
2716,36,1
2717,36,1
2718,36,1
2719,36,1
2720,36,1
2721,36,1
2722,36,1
2723,36,1
2724,36,1
2725,36,1
2726,36,1
2727,36,1
2728,36,1
2729,36,1
2730,36,1
2731,36,1
2732,35,1
2733,35,1
2734,35,1
2735,35,1
2736,35,1
2737,35,1
2738,35,1
2739,35,1
2740,35,1
2741,35,1
2742,35,1
2743,35,1
2744,35,1
2745,35,1
2746,35,1
2747,35,1
2748,35,1
2749,35,1
2750,34,1
2751,34,1
2752,34,1
2753,34,1
2754,34,1
2755,34,1
2756,34,1
2757,34,1
2758,34,1
2759,34,1
2760,34,1
2761,34,1
2762,34,1
2763,34,1
2764,34,1
2765,33,1
2766,33,1
2767,33,1
2768,33,1
2769,33,1
2770,33,1
2771,33,1
2772,33,1
2773,33,1
2774,33,1
2775,33,1
2776,33,1
2777,33,1
2778,33,1
2779,33,1
2780,33,1
2781,33,1
2782,33,1
2783,33,1
2784,33,1
2785,33,1
2786,33,1
2787,33,1
2788,33,1
2789,33,1
2790,33,1
2791,33,1
2792,33,1
2793,33,1
2794,33,1
2795,33,1
2796,33,1
2797,33,1
2798,33,1
2799,33,1
2800,33,1
2801,33,1
2802,33,1
2803,33,1
2804,33,1
2805,33,1
2806,33,1
2807,33,1
2808,33,1
2809,33,1
2810,33,1
2811,33,1
2812,33,1
2813,33,1
2814,33,1
2815,33,1
2816,33,1
2817,33,1
2818,33,1
2819,33,1
2820,33,1
2821,33,1
2822,33,1
2823,33,1
2824,33,1
2825,33,1
2826,33,1
2827,33,1
2828,33,1
2829,33,1
2830,33,1
2831,33,1
2832,33,1
2833,33,1
2834,33,1
2835,33,1
2836,33,1
2837,33,1
2838,33,1
2839,33,1
2840,33,1
2841,33,1
2842,33,1
2843,33,1
2844,33,1
2845,33,1
2846,33,1
2847,33,1
2848,33,1
2849,33,1
2850,33,1
2851,33,1
2852,33,1
2853,33,1
2854,33,1
2855,33,1
2856,33,1
2857,33,1
2858,33,1
2859,33,1
2860,33,1
2861,33,1
2862,33,1
2863,33,1
2864,33,1
2865,33,1
2866,33,1
2867,33,1
2868,33,1
2869,33,1
2870,33,1
2871,33,1
2872,33,1
2873,33,1
2874,33,1
2875,34,1
2876,34,1
2877,34,1
2878,34,1
2879,34,1
2880,34,1
2881,34,1
2882,34,1
2883,34,1
2884,34,1
2885,34,1
2886,34,1
2887,34,1
2888,34,1
2889,34,1
2890,35,2
2891,35,2
2892,35,2
2893,35,2
2894,35,2
2895,35,2
2896,35,2
2897,35,2
2898,35,2
2899,35,2
2900,35,2
2901,35,2
2902,35,2
2903,35,2
2904,35,2
2905,35,2
2906,35,2
2907,35,2
2908,35,2
2909,35,2
2910,35,2
2911,36,2
2912,36,2
2913,36,2
2914,36,2
2915,36,2
2916,36,2
2917,36,2
2918,35,2
2919,35,2
2920,35,2
2921,35,2
2922,35,2
2923,35,2
2924,35,2
2925,35,2
2926,35,2
2927,35,2
2928,35,2
2929,35,2
2930,35,2
2931,35,2
2932,35,2
2933,35,2
2934,35,2
2935,35,2
2936,35,2
2937,35,2
2938,35,2
2939,35,2
2940,35,2
2941,35,2
2942,35,2
2943,35,2
2944,35,2
2945,35,2
2946,35,2
2947,35,2
2948,35,2
2949,35,2
2950,35,2
2951,35,2
2952,35,2
2953,35,2
2954,35,2
2955,35,2
2956,35,2
2957,35,2
2958,35,2
2959,35,2
2960,35,2
2961,35,2
2962,35,2
2963,35,2
2964,35,2
2965,35,2
2966,35,2
2967,35,2
2968,35,2
2969,35,2
2970,35,2
2971,35,2
2972,35,2
2973,35,2
2974,35,2
2975,35,2
2976,35,2
2977,35,2
2978,35,2
2979,35,2
2980,35,2
2981,35,2
2982,35,2
2983,35,2
2984,35,2
2985,35,2
2986,35,2
2987,35,2
2988,35,2
2989,35,2
2990,35,2
2991,35,2
2992,35,2
2993,35,2
2994,35,2
2995,35,2
2996,35,2
2997,35,2
2998,35,2
2999,34,2
3000,34,2
3001,34,2
3002,34,2
3003,34,2
3004,34,2
3005,34,2
3006,34,2
3007,34,2
3008,34,2
3009,34,2
3010,34,2
3011,34,2
3012,34,2
3013,34,2
3014,34,2
3015,34,2
3016,34,2
3017,34,2
3018,34,2
3019,34,2
3020,34,2
3021,34,2
3022,34,2
3023,34,2
3024,34,2
3025,34,2
3026,34,2
3027,34,2
3028,34,2
3029,34,2
3030,34,2
3031,34,2
3032,33,2
3033,33,2
3034,33,2
3035,33,2
3036,33,2
3037,33,2
3038,33,2
3039,33,2
3040,33,2
3041,33,2
3042,33,2
3043,33,2
3044,33,2
3045,33,2
3046,33,2
3047,33,2
3048,33,2
3049,33,2
3050,33,2
3051,33,2
3052,33,2
3053,33,2
3054,33,2
3055,33,2
3056,33,2
3057,33,2
3058,33,2
3059,33,2
3060,33,2
3061,33,2
3062,33,2
3063,33,2
3064,33,2
3065,33,2
3066,33,2
3067,33,2
3068,32,2
3069,32,2
3070,32,2
3071,32,2
3072,32,2
3073,32,2
3074,32,2
3075,32,2
3076,32,2
3077,32,2
3078,32,2
3079,32,2
3080,32,2
3081,32,2
3082,32,2
3083,33,2
3084,33,2
3085,33,2
3086,33,2
3087,33,2
3088,33,2
3089,33,2
3090,33,2
3091,33,2
3092,33,2
3093,33,2
3094,33,2
3095,33,2
3096,33,2
3097,33,2
3098,33,2
3099,33,2
3100,33,2
3101,33,2
3102,33,2
3103,33,2
3104,33,2
3105,33,2
3106,33,2
3107,33,2
3108,33,2
3109,33,2
3110,33,2
3111,33,2
3112,33,2
3113,33,2
3114,33,2
3115,33,2
3116,33,2
3117,33,2
3118,33,2
3119,33,2
3120,33,2
3121,33,2
3122,33,2
3123,33,2
3124,33,2
3125,33,2
3126,33,2
3127,33,2
3128,33,2
3129,34,2
3130,34,2
3131,34,2
3132,34,2
3133,34,2
3134,34,2
3135,34,2
3136,34,2
3137,34,2
3138,34,2
3139,34,2
3140,34,2
3141,34,2
3142,34,2
3143,34,2
3144,34,2
3145,34,2
3146,34,2
3147,34,2
3148,34,2
3149,34,2
3150,34,2
3151,34,2
3152,34,2
3153,34,2
3154,34,2
3155,34,2
3156,34,2
3157,34,2
3158,34,2
3159,34,2
3160,34,2
3161,34,2
3162,34,2
3163,33,2
3164,33,2
3165,33,2
3166,33,2
3167,32,2
3168,32,2
3169,32,2
3170,32,2
3171,32,2
3172,32,2
3173,32,2
3174,32,2
3175,32,2
3176,32,2
3177,32,2
3178,32,2
3179,32,2
3180,32,2
3181,32,2
3182,32,2
3183,31,2
3184,31,2
3185,31,2
3186,31,2
3187,31,2
3188,31,2
3189,31,2
3190,31,2
3191,31,2
3192,31,2
3193,31,2
3194,31,2
3195,31,2
3196,31,2
3197,31,2
3198,31,2
3199,31,2
3200,31,2
3201,31,2
3202,31,2
3203,31,2
3204,31,2
3205,31,2
3206,31,2
3207,31,2
3208,31,2
3209,31,2
3210,31,2
3211,31,2
3212,31,2
3213,31,2
3214,31,2
3215,31,2
3216,32,2
3217,33,2
3218,33,2
3219,33,2
3220,33,2
3221,33,2
3222,33,2
3223,33,2
3224,33,2
3225,33,2
3226,33,2
3227,33,2
3228,33,2
3229,33,2
3230,33,2
3231,33,2
3232,33,2
3233,33,2
3234,33,2
3235,33,2
3236,33,2
3237,33,2
3238,33,2
3239,33,2
3240,33,2
3241,33,2
3242,33,2
3243,34,2
3244,34,2
3245,34,2
3246,34,2
3247,34,2
3248,34,2
3249,33,2
3250,33,2
3251,33,2
3252,33,2
3253,33,2
3254,33,2
3255,33,2
3256,33,2
3257,33,2
3258,33,2
3259,33,2
3260,33,2
3261,33,2
3262,33,2
3263,33,2
3264,33,2
3265,33,2
3266,32,2
3267,32,2
3268,32,2
3269,32,2
3270,32,2
3271,32,2
3272,32,2
3273,32,2
3274,32,2
3275,32,2
3276,32,2
3277,32,2
3278,32,2
3279,32,2
3280,32,2
3281,32,2
3282,32,2
3283,32,2
3284,32,2
3285,32,2
3286,32,2
3287,32,2
3288,32,2
3289,32,2
3290,32,2
3291,32,2
3292,32,2
3293,32,2
3294,32,2
3295,32,2
3296,32,2
3297,32,2
3298,32,2
3299,31,2
3300,31,2
3301,31,2
3302,31,2
3303,31,2
3304,31,2
3305,31,2
3306,31,2
3307,31,2
3308,31,2
3309,31,2
3310,31,2
3311,31,2
3312,31,2
3313,31,2
3314,31,2
3315,31,2
3316,31,2
3317,31,2
3318,31,2
3319,31,2
3320,31,2
3321,31,2
3322,31,2
3323,31,2
3324,31,2
3325,31,2
3326,31,2
3327,31,2
3328,31,2
3329,31,2
3330,31,2
3331,31,2
3332,30,2
3333,30,2
3334,30,2
3335,30,2
3336,30,2
3337,30,2
3338,30,2
3339,30,2
3340,30,2
3341,30,2
3342,30,2
3343,30,2
3344,30,2
3345,30,2
3346,30,2
3347,30,2
3348,30,2
3349,30,2
3350,30,2
3351,30,2
3352,30,2
3353,30,2
3354,30,2
3355,30,2
3356,30,2
3357,30,2
3358,30,2
3359,30,2
3360,30,2
3361,30,2
3362,30,2
3363,30,2
3364,30,2
3365,30,2
3366,30,2
3367,30,2
3368,30,2
3369,30,2
3370,30,2
3371,30,2
3372,30,2
3373,30,2
3374,30,2
3375,30,2
3376,30,2
3377,30,2
3378,30,2
3379,30,2
3380,30,2
3381,30,2
3382,30,2
3383,30,2
3384,30,2
3385,30,2
3386,30,2
3387,30,2
3388,30,2
3389,30,2
3390,30,2
3391,30,2
3392,30,2
3393,30,2
3394,30,2
3395,30,2
3396,30,2
3397,30,2
3398,30,2
3399,30,2
3400,30,2
3401,30,2
3402,30,2
3403,30,2
3404,30,2
3405,30,2
3406,30,2
3407,30,2
3408,30,2
3409,30,2
3410,30,2
3411,31,2
3412,31,2
3413,31,2
3414,31,2
3415,31,2
3416,31,2
3417,31,2
3418,31,2
3419,31,2
3420,31,2
3421,31,2
3422,31,2
3423,31,2
3424,31,2
3425,31,2
3426,31,2
3427,31,2
3428,31,2
3429,31,2
3430,31,2
3431,31,2
3432,31,2
3433,31,2
3434,31,2
3435,31,2
3436,31,2
3437,31,2
3438,31,2
3439,31,2
3440,31,2
3441,31,2
3442,31,2
3443,31,2
3444,31,2
3445,31,2
3446,31,2
3447,31,2
3448,31,2
3449,31,2
3450,31,2
3451,31,2
3452,31,2
3453,31,2
3454,31,2
3455,31,2
3456,31,2
3457,31,2
3458,31,2
3459,31,2
3460,31,2
3461,31,2
3462,31,2
3463,31,2
3464,31,2
3465,31,2
3466,31,2
3467,31,2
3468,31,2
3469,31,2
3470,31,2
3471,31,2
3472,31,2
3473,31,2
3474,31,2
3475,31,2
3476,31,2
3477,31,2
3478,31,2
3479,31,2
3480,31,2
3481,31,2
3482,31,2
3483,31,2
3484,31,2
3485,31,2
3486,31,2
3487,31,2
3488,31,2
3489,31,2
3490,31,2
3491,31,2
3492,31,2
3493,31,2
3494,31,2
3495,31,2
3496,31,2
3497,30,2
3498,30,2
3499,30,2
3500,30,2
3501,30,2
3502,30,2
3503,30,2
3504,30,2
3505,30,2
3506,30,2
3507,30,2
3508,30,2
3509,30,2
3510,30,2
3511,30,2
3512,30,2
3513,30,2
3514,30,2
3515,30,2
3516,30,2
3517,30,2
3518,30,2
3519,30,2
3520,30,2
3521,30,2
3522,30,2
3523,30,2
3524,31,2
3525,31,2
3526,31,2
3527,31,2
3528,31,2
3529,31,2
3530,31,2
3531,31,2
3532,31,2
3533,31,2
3534,31,2
3535,31,2
3536,32,2
3537,32,2
3538,32,2
3539,32,2
3540,32,2
3541,32,2
3542,33,2
3543,33,2
3544,33,2
3545,33,2
3546,33,2
3547,33,2
3548,33,2
3549,33,2
3550,33,2
3551,33,2
3552,33,2
3553,33,2
3554,33,2
3555,33,2
3556,33,2
3557,33,2
3558,33,2
3559,33,2
3560,33,2
3561,33,2
3562,33,2
3563,33,2
3564,33,2
3565,33,2
3566,33,2
3567,33,2
3568,33,2
3569,33,2
3570,33,2
3571,33,2
3572,33,2
3573,33,2
3574,33,2
3575,33,2
3576,33,2
3577,33,2
3578,33,2
3579,33,2
3580,33,2
3581,33,2
3582,33,2
3583,33,2
3584,33,2
3585,33,2
3586,33,2
3587,33,2
3588,33,2
3589,33,2
3590,33,2
3591,33,2
3592,33,2
3593,33,2
3594,33,2
3595,33,2
3596,32,2
3597,32,2
3598,32,2
3599,32,2
3600,32,2
3601,32,2
3602,32,2
3603,32,2
3604,32,2
3605,32,2
3606,32,2
3607,32,2
3608,32,2
3609,32,2
3610,32,2
3611,32,2
3612,32,2
3613,32,2
3614,32,2
3615,32,2
3616,32,2
3617,32,2
3618,32,2
3619,32,2
3620,32,2
3621,32,2
3622,32,2
3623,32,2
3624,32,2
3625,32,2
3626,32,2
3627,32,2
3628,32,2
3629,32,2
3630,32,2
3631,31,1
3632,31,1
3633,31,1
3634,31,1
3635,31,1
3636,31,1
3637,31,1
3638,31,1
3639,31,1
3640,31,1
3641,31,1
3642,31,1
3643,31,1
3644,31,1
3645,31,1
3646,31,1
3647,31,1
3648,31,1
3649,31,1
3650,31,1
3651,31,1
3652,31,1
3653,31,1
3654,31,1
3655,31,1
3656,31,1
3657,31,1
3658,31,1
3659,31,1
3660,31,1
3661,31,1
3662,30,1
3663,30,1
3664,30,1
3665,30,1
3666,30,1
3667,30,1
3668,30,1
3669,30,1
3670,30,1
3671,30,1
3672,30,1
3673,30,1
3674,30,1
3675,30,1
3676,30,1
3677,30,1
3678,30,1
3679,30,1
3680,30,1
3681,30,1
3682,30,1
3683,30,1
3684,30,1
3685,30,1
3686,30,1
3687,30,1
3688,30,1
3689,30,1
3690,30,1
3691,30,1
3692,30,1
3693,30,1
3694,30,1
3695,30,1
3696,30,1
3697,30,1
3698,30,1
3699,30,1
3700,30,1
3701,30,1
3702,30,1
3703,30,1
3704,30,1
3705,30,1
3706,30,1
3707,30,1
3708,30,1
3709,30,1
3710,30,1
3711,30,1
3712,30,1
3713,30,1
3714,30,1
3715,30,1
3716,30,1
3717,30,1
3718,30,1
3719,30,1
3720,30,1
3721,30,1
3722,30,1
3723,30,1
3724,30,1
3725,30,1
3726,30,1
3727,30,1
3728,29,1
3729,29,1
3730,29,1
3731,29,1
3732,29,1
3733,29,1
3734,29,1
3735,29,1
3736,29,1
3737,29,1
3738,29,1
3739,30,1
3740,30,1
3741,30,1
3742,30,1
3743,30,1
3744,30,1
3745,30,1
3746,30,1
3747,30,1
3748,30,1
3749,30,1
3750,31,1
3751,31,1
3752,31,1
3753,31,1
3754,31,1
3755,31,1
3756,31,1
3757,31,1
3758,31,1
3759,31,1
3760,31,1
3761,31,1
3762,31,1
3763,31,1
3764,31,1
3765,31,1
3766,31,1
3767,31,1
3768,31,1
3769,31,1
3770,31,1
3771,31,1
3772,31,1
3773,32,1
3774,32,1
3775,32,1
3776,32,1
3777,32,1
3778,32,1
3779,32,1
3780,32,1
3781,32,1
3782,32,1
3783,32,1
3784,32,1
3785,32,1
3786,32,1
3787,32,1
3788,32,1
3789,32,1
3790,32,1
3791,32,1
3792,32,1
3793,32,1
3794,32,1
3795,32,1
3796,32,1
3797,32,1
3798,32,1
3799,32,1
3800,32,1
3801,32,1
3802,32,1
3803,32,1
3804,33,2
3805,33,2
3806,33,2
3807,33,2
3808,33,2
3809,33,2
3810,33,2
3811,33,2
3812,33,2
3813,33,2
3814,33,2
3815,33,2
3816,33,2
3817,33,2
3818,33,2
3819,33,2
3820,33,2
3821,33,2
3822,33,2
3823,33,2
3824,33,2
3825,33,2
3826,33,2
3827,33,2
3828,33,2
3829,33,2
3830,33,2
3831,33,2
3832,33,2
3833,33,2
3834,33,2
3835,33,2
3836,33,2
3837,33,2
3838,33,2
3839,33,2
3840,33,2
3841,33,2
3842,33,2
3843,33,2
3844,33,2
3845,33,2
3846,33,2
3847,33,2
3848,33,2
3849,33,2
3850,33,2
3851,33,2
3852,33,2
3853,33,2
3854,33,2
3855,34,2
3856,34,2
3857,34,2
3858,34,2
3859,34,2
3860,34,2
3861,34,2
3862,34,2
3863,34,2
3864,34,2
3865,34,2
3866,34,2
3867,34,2
3868,34,2
3869,34,2
3870,34,2
3871,34,2
3872,34,2
3873,34,2
3874,34,2
3875,34,2
3876,34,2
3877,34,2
3878,34,2
3879,34,2
3880,34,2
3881,34,2
3882,34,2
3883,34,2
3884,34,2
3885,34,2
3886,34,2
3887,34,2
3888,35,2
3889,35,2
3890,35,2
3891,35,2
3892,35,2
3893,35,2
3894,35,2
3895,35,2
3896,35,2
3897,35,2
3898,34,2
3899,34,2
3900,34,2
3901,34,2
3902,34,2
3903,34,2
3904,34,2
3905,34,2
3906,35,2
3907,35,2
3908,35,2
3909,35,2
3910,35,2
3911,34,2
3912,34,2
3913,34,2
3914,34,2
3915,34,2
3916,34,2
3917,34,2
3918,34,2
3919,34,2
3920,34,2
3921,34,2
3922,34,2
3923,34,2
3924,34,2
3925,34,2
3926,34,2
3927,34,2
3928,34,2
3929,34,2
3930,34,2
3931,34,2
3932,34,2
3933,34,2
3934,34,2
3935,34,2
3936,34,2
3937,34,2
3938,34,2
3939,34,2
3940,34,2
3941,34,2
3942,34,2
3943,34,2
3944,34,2
3945,34,2
3946,34,2
3947,34,2
3948,34,2
3949,34,2
3950,34,2
3951,34,2
3952,34,2
3953,34,2
3954,34,2
3955,34,2
3956,34,2
3957,34,2
3958,34,2
3959,34,2
3960,34,2
3961,34,2
3962,34,2
3963,34,2
3964,34,2
3965,34,2
3966,34,2
3967,34,2
3968,34,2
3969,34,2
3970,34,2
3971,34,2
3972,34,2
3973,35,2
3974,35,2
3975,35,2
3976,35,2
3977,35,2
3978,35,2
3979,35,2
3980,35,2
3981,35,2
3982,35,2
3983,35,2
3984,35,2
3985,35,2
3986,35,2
3987,35,2
3988,35,2
3989,35,2
3990,35,2
3991,35,2
3992,35,2
3993,35,2
3994,35,2
3995,35,2
3996,35,2
3997,35,2
3998,35,2
3999,35,2
4000,35,2
4001,35,2
4002,35,2
4003,35,2
4004,35,2
4005,35,2
4006,35,2
4007,35,2
4008,35,2
4009,35,2
4010,35,2
4011,35,2
4012,34,2
4013,34,2
4014,34,2
4015,34,2
4016,34,2
4017,34,2
4018,34,2
4019,34,2
4020,34,2
4021,34,2
4022,35,2
4023,35,2
4024,35,2
4025,35,2
4026,35,2
4027,35,2
4028,35,2
4029,35,2
4030,35,2
4031,35,2
4032,35,2
4033,35,2
4034,35,2
4035,35,2
4036,35,2
4037,35,2
4038,35,2
4039,35,2
4040,35,2
4041,35,2
4042,35,2
4043,35,2
4044,35,2
4045,35,2
4046,35,2
4047,35,2
4048,35,2
4049,35,2
4050,35,2
4051,35,2
4052,35,2
4053,35,2
4054,35,2
4055,36,2
4056,36,2
4057,36,2
4058,36,2
4059,36,2
4060,36,2
4061,36,2
4062,36,2
4063,36,2
4064,36,2
4065,36,2
4066,36,2
4067,36,2
4068,36,2
4069,36,2
4070,36,2
4071,36,2
4072,36,2
4073,36,2
4074,36,2
4075,36,2
4076,36,2
4077,36,2
4078,36,2
4079,36,2
4080,36,2
4081,36,2
4082,36,2
4083,36,2
4084,36,2
4085,36,2
4086,36,2
4087,36,2
4088,36,2
4089,36,2
4090,36,2
4091,36,2
4092,36,2
4093,36,2
4094,36,2
4095,36,2
4096,36,2
4097,36,2
4098,36,2
4099,36,2
4100,36,2
4101,36,2
4102,36,2
4103,36,2
4104,36,2
4105,36,2
4106,36,2
4107,36,2
4108,36,2
4109,36,2
4110,36,2
4111,36,2
4112,36,2
4113,35,2
4114,35,2
4115,35,2
4116,35,2
4117,35,2
4118,35,2
4119,35,2
4120,35,2
4121,35,2
4122,35,2
4123,35,2
4124,35,2
4125,35,2
4126,35,2
4127,35,2
4128,35,2
4129,35,2
4130,35,2
4131,35,2
4132,35,2
4133,35,2
4134,35,2
4135,35,2
4136,35,2
4137,35,2
4138,35,2
4139,35,2
4140,35,2
4141,35,2
4142,35,2
4143,35,2
4144,35,2
4145,35,2
4146,35,2
4147,35,2
4148,35,2
4149,35,2
4150,35,2
4151,35,2
4152,35,2
4153,35,2
4154,35,2
4155,35,2
4156,35,2
4157,35,2
4158,35,2
4159,35,2
4160,35,2
4161,35,2
4162,35,2
4163,35,2
4164,35,2
4165,35,2
4166,35,2
4167,35,2
4168,35,2
4169,35,2
4170,35,2
4171,35,2
4172,35,2
4173,35,2
4174,35,2
4175,35,2
4176,35,2
4177,35,2
4178,35,2
4179,35,2
4180,35,2
4181,35,2
4182,35,2
4183,35,2
4184,35,2
4185,35,2
4186,35,2
4187,35,2
4188,35,2
4189,35,2
4190,34,2
4191,34,2
4192,34,2
4193,34,2
4194,34,2
4195,34,2
4196,34,2
4197,34,2
4198,34,2
4199,34,2
4200,34,2
4201,34,2
4202,34,2
4203,34,2
4204,34,2
4205,34,2
4206,34,2
4207,34,2
4208,34,2
4209,34,2
4210,34,2
4211,34,2
4212,34,2
4213,34,2
4214,34,2
4215,34,2
4216,34,2
4217,34,2
4218,34,2
4219,34,2
4220,34,2
4221,34,2
4222,34,2
4223,34,2
4224,34,2
4225,34,2
4226,34,2
4227,34,2
4228,34,2
4229,34,2
4230,34,2
4231,34,2
4232,34,2
4233,34,2
4234,34,2
4235,34,2
4236,34,2
4237,34,2
4238,34,2
4239,34,2
4240,34,2
4241,34,2
4242,34,2
4243,34,2
4244,34,2
4245,34,2
4246,34,2
4247,34,2
4248,34,2
4249,34,2
4250,34,2
4251,34,2
4252,34,2
4253,34,2
4254,34,2
4255,35,2
4256,35,2
4257,35,2
4258,35,2
4259,35,2
4260,35,2
4261,35,2
4262,35,2
4263,35,2
4264,35,2
4265,35,2
4266,35,2
4267,35,2
4268,35,2
4269,35,2
4270,35,2
4271,35,2
4272,35,2
4273,35,2
4274,35,2
4275,35,2
4276,35,2
4277,35,2
4278,35,2
4279,35,2
4280,35,2
4281,35,2
4282,35,2
4283,35,2
4284,35,2
4285,35,2
4286,35,2
4287,35,2
4288,35,2
4289,34,2
4290,34,2
4291,34,2
4292,34,2
4293,34,2
4294,34,2
4295,34,2
4296,34,2
4297,34,2
4298,34,2
4299,34,2
4300,34,2
4301,34,2
4302,34,2
4303,34,2
4304,34,2
4305,34,2
4306,34,2
4307,34,2
4308,34,2
4309,34,2
4310,34,2
4311,34,2
4312,34,2
4313,34,2
4314,34,2
4315,34,2
4316,34,2
4317,34,2
4318,34,2
4319,34,2
4320,34,2
4321,34,2
4322,34,2
4323,34,2
4324,34,2
4325,34,2
4326,34,2
4327,34,2
4328,34,2
4329,34,2
4330,34,2
4331,34,2
4332,34,2
4333,34,2
4334,35,3
4335,35,3
4336,35,3
4337,35,3
4338,35,3
4339,35,3
4340,35,3
4341,35,3
4342,35,3
4343,35,3
4344,35,3
4345,35,3
4346,35,3
4347,35,3
4348,35,3
4349,35,3
4350,35,3
4351,35,3
4352,35,3
4353,35,3
4354,35,3
4355,35,3
4356,35,3
4357,35,3
4358,36,3
4359,36,3
4360,36,3
4361,36,3
4362,36,3
4363,36,3
4364,36,3
4365,36,3
4366,36,3
4367,36,3
4368,36,3
4369,36,3
4370,36,3
4371,36,3
4372,36,3
4373,36,3
4374,36,3
4375,36,3
4376,36,3
4377,36,3
4378,36,3
4379,36,3
4380,36,3
4381,36,3
4382,36,3
4383,36,3
4384,36,3
4385,36,3
4386,36,3
4387,36,3
4388,36,3
4389,36,3
4390,36,3
4391,36,3
4392,36,3
4393,36,3
4394,36,3
4395,36,3
4396,36,3
4397,36,3
4398,36,3
4399,36,3
4400,36,3
4401,36,3
4402,36,3
4403,36,3
4404,36,3
4405,36,3
4406,36,3
4407,36,3
4408,36,3
4409,36,3
4410,36,3
4411,35,3
4412,35,3
4413,35,3
4414,35,3
4415,35,3
4416,35,3
4417,35,3
4418,35,3
4419,35,3
4420,35,3
4421,35,3
4422,35,3
4423,35,3
4424,35,3
4425,35,3
4426,35,3
4427,35,3
4428,35,3
4429,35,3
4430,35,3
4431,35,3
4432,35,3
4433,35,3
4434,35,3
4435,35,3
4436,35,3
4437,35,3
4438,35,3
4439,35,3
4440,35,3
4441,35,3
4442,35,3
4443,35,3
4444,35,3
4445,35,3
4446,35,3
4447,35,3
4448,35,3
4449,35,3
4450,35,3
4451,35,3
4452,35,3
4453,35,3
4454,35,3
4455,35,3
4456,35,3
4457,35,3
4458,35,3
4459,35,3
4460,36,3
4461,36,3
4462,36,3
4463,36,3
4464,36,3
4465,36,3
4466,36,3
4467,36,3
4468,36,3
4469,36,3
4470,36,3
4471,36,3
4472,36,3
4473,36,3
4474,36,3
4475,36,3
4476,36,3
4477,36,3
4478,36,3
4479,36,3
4480,36,3
4481,36,3
4482,36,3
4483,36,3
4484,36,3
4485,36,3
4486,36,3
4487,36,3
4488,36,3
4489,36,3
4490,36,3
4491,36,3
4492,36,3
4493,36,3
4494,36,3
4495,36,3
4496,36,3
4497,36,3
4498,36,3
4499,36,3
4500,36,3
4501,36,3
4502,36,3
4503,36,3
4504,36,3
4505,36,3
4506,36,3
4507,36,3
4508,36,3
4509,36,3
4510,36,3
4511,36,3
4512,36,3
4513,36,3
4514,36,3
4515,36,3
4516,36,3
4517,36,3
4518,36,3
4519,36,3
4520,35,3
4521,35,3
4522,35,3
4523,35,3
4524,35,3
4525,35,3
4526,35,3
4527,35,3
4528,35,3
4529,35,3
4530,35,3
4531,35,3
4532,35,3
4533,35,3
4534,35,3
4535,35,3
4536,35,3
4537,35,3
4538,35,3
4539,35,3
4540,35,3
4541,35,3
4542,35,3
4543,36,3
4544,36,3
4545,35,2
4546,35,2
4547,35,2
4548,35,2
4549,36,2
4550,36,2
4551,36,2
4552,36,2
4553,36,2
4554,36,2
4555,36,2
4556,36,2
4557,36,2
4558,36,2
4559,36,2
4560,35,2
4561,35,2
4562,36,2
4563,36,2
4564,36,2
4565,36,2
4566,36,2
4567,36,2
4568,36,2
4569,36,2
4570,36,2
4571,36,2
4572,36,2
4573,36,2
4574,36,2
4575,36,2
4576,36,2
4577,36,2
4578,35,2
4579,35,2
4580,35,2
4581,35,2
4582,35,2
4583,35,2
4584,35,2
4585,35,2
4586,35,2
4587,35,2
4588,35,2
4589,35,2
4590,35,2
4591,35,2
4592,35,2
4593,35,2
4594,35,2
4595,35,2
4596,35,2
4597,35,2
4598,35,2
4599,35,2
4600,35,2
4601,35,2
4602,35,2
4603,35,2
4604,35,2
4605,35,2
4606,35,2
4607,35,2
4608,35,2
4609,35,2
4610,35,2
4611,35,2
4612,35,2
4613,34,2
4614,34,2
4615,34,2
4616,34,2
4617,34,2
4618,34,2
4619,34,2
4620,34,2
4621,34,2
4622,34,2
4623,34,2
4624,34,2
4625,34,2
4626,33,2
4627,33,2
4628,33,2
4629,33,2
4630,33,2
4631,33,2
4632,33,2
4633,33,2
4634,33,2
4635,33,2
4636,33,2
4637,33,2
4638,33,2
4639,33,2
4640,33,2
4641,33,2
4642,33,2
4643,33,2
4644,33,2
4645,33,2
4646,33,2
4647,33,2
4648,33,2
4649,33,2
4650,33,2
4651,33,2
4652,33,2
4653,33,2
4654,33,2
4655,33,2
4656,33,2
4657,33,2
4658,34,2
4659,34,2
4660,34,2
4661,34,2
4662,34,2
4663,34,2
4664,34,2
4665,34,2
4666,34,2
4667,34,2
4668,34,2
4669,34,2
4670,34,2
4671,34,2
4672,34,2
4673,34,2
4674,34,2
4675,34,2
4676,34,2
4677,34,2
4678,35,2
4679,35,2
4680,35,2
4681,35,2
4682,35,2
4683,35,2
4684,35,2
4685,35,2
4686,35,2
4687,35,2
4688,35,2
4689,35,2
4690,35,2
4691,35,2
4692,35,2
4693,35,2
4694,35,2
4695,35,2
4696,35,2
4697,35,2
4698,35,2
4699,35,2
4700,35,2
4701,35,2
4702,35,2
4703,35,2
4704,35,2
4705,35,2
4706,35,2
4707,35,2
4708,35,2
4709,35,2
4710,35,2
4711,35,2
4712,35,2
4713,35,2
4714,35,2
4715,35,2
4716,35,2
4717,35,2
4718,35,2
4719,35,2
4720,35,2
4721,35,2
4722,35,2
4723,35,2
4724,35,2
4725,35,2
4726,35,2
4727,34,2
4728,34,2
4729,34,2
4730,34,2
4731,34,2
4732,34,2
4733,34,2
4734,34,2
4735,34,2
4736,34,2
4737,34,2
4738,34,2
4739,34,2
4740,34,2
4741,34,2
4742,34,2
4743,34,2
4744,34,2
4745,34,2
4746,34,2
4747,34,2
4748,34,2
4749,34,2
4750,34,2
4751,34,2
4752,34,2
4753,34,2
4754,34,2
4755,34,2
4756,34,2
4757,34,2
4758,34,2
4759,34,2
4760,34,2
4761,34,2
4762,34,2
4763,34,2
4764,34,2
4765,34,2
4766,34,2
4767,35,2
4768,35,2
4769,35,2
4770,35,2
4771,35,2
4772,35,2
4773,35,2
4774,35,2
4775,35,2
4776,35,2
4777,35,2
4778,35,2
4779,35,2
4780,35,2
4781,36,2
4782,36,2
4783,36,2
4784,36,2
4785,36,2
4786,36,2
4787,36,2
4788,36,2
4789,36,2
4790,36,2
4791,36,2
4792,36,2
4793,35,2
4794,35,2
4795,35,2
4796,35,2
4797,35,2
4798,35,2
4799,35,2
4800,35,2
4801,35,2
4802,35,2
4803,35,2
4804,35,2
4805,35,2
4806,35,2
4807,35,2
4808,35,2
4809,35,2
4810,35,2
4811,35,2
4812,35,2
4813,35,2
4814,35,2
4815,35,2
4816,35,2
4817,35,2
4818,35,2
4819,35,2
4820,35,2
4821,36,2
4822,36,2
4823,35,2
4824,35,2
4825,35,2
4826,35,2
4827,35,2
4828,35,2
4829,35,2
4830,35,2
4831,35,2
4832,35,2
4833,35,2
4834,35,2
4835,35,2
4836,35,2
4837,35,2
4838,35,2
4839,35,2
4840,35,2
4841,35,2
4842,35,2
4843,35,2
4844,35,2
4845,35,2
4846,35,2
4847,35,2
4848,35,2
4849,35,2
4850,35,2
4851,35,2
4852,35,2
4853,35,2
4854,35,2
4855,35,2
4856,35,2
4857,35,2
4858,35,2
4859,35,2
4860,35,2
4861,35,2
4862,35,2
4863,35,2
4864,35,2
4865,35,2
4866,35,2
4867,35,2
4868,35,2
4869,35,2
4870,35,2
4871,35,2
4872,35,2
4873,35,2
4874,35,2
4875,35,2
4876,35,2
4877,35,2
4878,35,2
4879,35,2
4880,35,2
4881,35,2
4882,35,2
4883,35,2
4884,35,2
4885,35,2
4886,35,2
4887,35,2
4888,35,2
4889,35,2
4890,35,2
4891,35,2
4892,35,2
4893,35,2
4894,35,2
4895,35,2
4896,35,2
4897,35,2
4898,35,2
4899,35,2
4900,35,2
4901,35,2
4902,35,2
4903,35,2
4904,35,2
4905,35,2
4906,35,2
4907,35,2
4908,35,2
4909,35,2
4910,35,2
4911,35,2
4912,35,2
4913,35,2
4914,35,2
4915,35,2
4916,35,2
4917,35,2
4918,35,2
4919,35,2
4920,35,2
4921,35,2
4922,35,2
4923,35,2
4924,35,2
4925,35,2
4926,35,2
4927,35,2
4928,35,2
4929,35,2
4930,35,2
4931,35,2
4932,35,2
4933,35,2
4934,35,2
4935,35,2
4936,35,2
4937,35,2
4938,35,2
4939,35,2
4940,35,2
4941,35,2
4942,35,2
4943,35,2
4944,35,2
4945,35,2
4946,35,2
4947,35,2
4948,35,2
4949,35,2
4950,35,2
4951,35,2
4952,35,2
4953,35,2
4954,35,2
4955,35,2
4956,35,2
4957,35,2
4958,36,2
4959,36,2
4960,36,2
4961,36,2
4962,36,2
4963,36,2
4964,36,2
4965,36,2
4966,36,2
4967,36,2
4968,36,2
4969,36,2
4970,36,2
4971,36,2
4972,36,2
4973,36,2
4974,36,2
4975,36,2
4976,36,2
4977,36,2
4978,36,2
4979,36,2
4980,36,2
4981,36,2
4982,36,2
4983,36,2
4984,36,2
4985,36,2
4986,36,2
4987,36,2
4988,36,2
4989,36,2
4990,36,2
4991,36,2
4992,36,2
4993,36,2
4994,36,2
4995,36,2
4996,36,2
4997,36,2
4998,36,2
4999,36,2
5000,36,2
5001,36,2
5002,36,2
5003,36,2
5004,36,2
5005,36,2
5006,36,2
5007,36,2
5008,36,2
5009,36,2
5010,36,2
5011,36,2
5012,36,2
5013,36,2
5014,36,2
5015,36,2
5016,36,2
5017,36,2
5018,36,2
5019,36,2
5020,36,2
5021,36,2
5022,36,2
5023,36,2
5024,36,2
5025,35,2
5026,35,2
5027,35,2
5028,35,2
5029,35,2
5030,35,2
5031,35,2
5032,35,2
5033,35,2
5034,35,2
5035,35,2
5036,35,2
5037,35,2
5038,35,2
5039,35,2
5040,35,2
5041,35,2
5042,35,2
5043,35,2
5044,35,2
5045,35,2
5046,35,2
5047,35,2
5048,35,2
5049,35,2
5050,35,2
5051,35,2
5052,35,2
5053,35,2
5054,35,2
5055,35,2
5056,35,2
5057,35,2
5058,35,2
5059,35,2
5060,35,2
5061,35,2
5062,35,2
5063,35,2
5064,35,2
5065,35,2
5066,35,2
5067,35,2
5068,35,2
5069,35,2
5070,35,2
5071,35,2
5072,35,2
5073,35,2
5074,35,2
5075,35,2
5076,35,2
5077,35,2
5078,35,2
5079,35,2
5080,35,2
5081,35,2
5082,35,2
5083,35,2
5084,35,2
5085,35,2
5086,35,2
5087,35,2
5088,35,2
5089,35,2
5090,35,2
5091,34,2
5092,34,2
5093,34,2
5094,34,2
5095,34,2
5096,34,2
5097,34,2
5098,34,2
5099,34,2
5100,34,2
5101,34,2
5102,34,2
5103,33,2
5104,33,2
5105,33,2
5106,33,2
5107,33,2
5108,33,2
5109,33,2
5110,33,2
5111,33,2
5112,33,2
5113,34,2
5114,34,2
5115,34,2
5116,34,2
5117,34,2
5118,33,2
5119,33,2
5120,33,2
5121,33,2
5122,33,2
5123,33,2
5124,33,2
5125,33,2
5126,32,2
5127,32,2
5128,32,2
5129,32,2
5130,32,2
5131,32,2
5132,32,2
5133,32,2
5134,32,2
5135,32,2
5136,32,2
5137,32,2
5138,32,2
5139,32,2
5140,32,2
5141,32,2
5142,32,2
5143,32,2
5144,32,2
5145,32,2
5146,33,2
5147,33,2
5148,33,2
5149,33,2
5150,33,2
5151,32,2
5152,32,2
5153,32,2
5154,32,2
5155,32,2
5156,32,2
5157,32,2
5158,32,2
5159,32,2
5160,32,2
5161,32,2
5162,32,2
5163,32,2
5164,32,2
5165,32,2
5166,32,2
5167,32,2
5168,32,2
5169,32,2
5170,32,2
5171,32,2
5172,32,2
5173,32,2
5174,32,2
5175,32,2
5176,32,2
5177,32,2
5178,32,2
5179,32,2
5180,32,2
5181,32,2
5182,32,2
5183,33,2
5184,33,2
5185,33,2
5186,33,2
5187,33,2
5188,33,2
5189,33,2
5190,33,2
5191,33,2
5192,33,2
5193,33,2
5194,33,2
5195,33,2
5196,33,2
5197,33,2
5198,33,2
5199,33,2
5200,33,2
5201,34,2
5202,34,2
5203,34,2
5204,34,2
5205,34,2
5206,34,2
5207,34,2
5208,34,2
5209,34,2
5210,34,2
5211,34,2
5212,34,2
5213,34,2
5214,34,2
5215,34,2
5216,34,2
5217,34,2
5218,34,2
5219,34,2
5220,34,2
5221,34,2
5222,34,2
5223,34,2
5224,34,2
5225,33,2
5226,33,2
5227,33,2
5228,33,2
5229,33,2
5230,33,2
5231,33,2
5232,33,2
5233,33,2
5234,34,2
5235,34,2
5236,34,2
5237,34,2
5238,34,2
5239,34,2
5240,34,2
5241,34,2
5242,34,2
5243,34,2
5244,34,2
5245,34,2
5246,34,2
5247,34,2
5248,34,2
5249,34,2
5250,34,2
5251,34,2
5252,34,2
5253,34,2
5254,34,2
5255,34,2
5256,34,2
5257,35,2
5258,34,1
5259,35,1
5260,35,1
5261,35,1
5262,35,1
5263,35,1
5264,35,1
5265,35,1
5266,35,1
5267,35,1
5268,35,1
5269,35,1
5270,35,1
5271,35,1
5272,35,1
5273,35,1
5274,35,1
5275,35,1
5276,35,1
5277,35,1
5278,35,1
5279,35,1
5280,35,1
5281,35,1
5282,35,1
5283,35,1
5284,35,1
5285,35,1
5286,35,1
5287,35,1
5288,35,1
5289,35,1
5290,35,1
5291,35,1
5292,35,1
5293,35,1
5294,35,1
5295,35,1
5296,35,1
5297,35,1
5298,35,1
5299,35,1
5300,35,1
5301,35,1
5302,35,1
5303,35,1
5304,35,1
5305,35,1
5306,35,1
5307,35,1
5308,35,1
5309,35,1
5310,35,1
5311,35,1
5312,35,1
5313,35,1
5314,34,1
5315,34,1
5316,34,1
5317,34,1
5318,34,1
5319,34,1
5320,34,1
5321,34,1
5322,34,1
5323,34,1
5324,34,1
5325,34,1
5326,34,1
5327,34,1
5328,34,1
5329,34,1
5330,34,1
5331,34,1
5332,34,1
5333,34,1
5334,34,1
5335,34,1
5336,34,1
5337,34,1
5338,34,1
5339,34,1
5340,34,1
5341,34,1
5342,34,1
5343,34,1
5344,34,1
5345,34,1
5346,34,1
5347,33,1
5348,33,1
5349,33,1
5350,33,1
5351,33,1
5352,33,1
5353,33,1
5354,33,1
5355,33,1
5356,33,1
5357,33,1
5358,33,1
5359,33,1
5360,33,1
5361,33,1
5362,33,1
5363,33,1
5364,33,1
5365,33,1
5366,33,1
5367,33,1
5368,33,1
5369,33,1
5370,33,1
5371,33,1
5372,33,1
5373,33,1
5374,33,1
5375,34,1
5376,34,1
5377,34,1
5378,34,1
5379,34,1
5380,33,1
5381,33,1
5382,33,1
5383,33,1
5384,33,1
5385,33,1
5386,33,1
5387,33,1
5388,33,1
5389,33,1
5390,33,1
5391,33,1
5392,33,1
5393,33,1
5394,33,1
5395,33,1
5396,33,1
5397,33,1
5398,33,1
5399,33,1
5400,33,1
5401,33,1
5402,33,1
5403,33,1
5404,33,1
5405,33,1
5406,33,1
5407,33,1
5408,33,1
5409,33,1
5410,33,1
5411,33,1
5412,33,1
5413,33,1
5414,33,1
5415,33,1
5416,33,1
5417,33,1
5418,33,1
5419,33,1
5420,33,1
5421,33,1
5422,33,1
5423,33,1
5424,33,1
5425,33,1
5426,33,1
5427,33,1
5428,33,1
5429,33,1
5430,33,1
5431,33,1
5432,33,1
5433,33,1
5434,33,1
5435,33,1
5436,33,1
5437,33,1
5438,33,1
5439,33,1
5440,33,1
5441,33,1
5442,33,1
5443,33,1
5444,33,1
5445,33,1
5446,33,1
5447,33,1
5448,33,1
5449,33,1
5450,33,1
5451,33,1
5452,33,1
5453,33,1
5454,33,1
5455,33,1
5456,32,1
5457,32,1
5458,32,1
5459,32,1
5460,32,1
5461,32,1
5462,32,1
5463,32,1
5464,32,1
5465,32,1
5466,32,1
5467,32,1
5468,32,1
5469,32,1
5470,32,1
5471,32,1
5472,32,1
5473,32,1
5474,32,1
5475,32,1
5476,32,1
5477,32,1
5478,32,1
5479,32,1
5480,32,1
5481,32,1
5482,32,1
5483,32,1
5484,32,1
5485,32,1
5486,32,1
5487,32,1
5488,32,1
5489,32,1
5490,32,1
5491,32,1
5492,32,1
5493,32,1
5494,32,1
5495,32,1
5496,32,1
5497,32,1
5498,32,1
5499,32,1
5500,32,1
5501,32,1
5502,32,1
5503,32,1
5504,31,1
5505,31,1
5506,31,1
5507,31,1
5508,31,1
5509,31,1
5510,31,1
5511,31,1
5512,31,1
5513,31,1
5514,31,1
5515,31,1
5516,31,1
5517,31,1
5518,31,1
5519,31,1
5520,31,1
5521,31,1
5522,31,1
5523,31,1
5524,31,1
5525,31,1
5526,31,1
5527,31,1
5528,31,1
5529,31,1
5530,31,1
5531,31,1
5532,31,1
5533,31,1
5534,31,1
5535,31,1
5536,31,1
5537,31,1
5538,31,1
5539,31,1
5540,31,1
5541,31,1
5542,31,1
5543,31,1
5544,31,1
5545,31,1
5546,31,1
5547,30,1
5548,30,1
5549,30,1
5550,30,1
5551,30,1
5552,30,1
5553,30,1
5554,30,1
5555,30,1
5556,30,1
5557,29,1
5558,29,1
5559,29,1
5560,29,1
5561,29,1
5562,29,1
5563,29,1
5564,29,1
5565,29,1
5566,29,1
5567,29,1
5568,29,1
5569,29,1
5570,28,1
5571,28,1
5572,28,1
5573,28,1
5574,28,1
5575,28,1
5576,28,1
5577,28,1
5578,28,1
5579,28,1
5580,28,1
5581,28,1
5582,28,1
5583,28,1
5584,28,1
5585,28,1
5586,28,1
5587,28,1
5588,28,1
5589,28,1
5590,28,1
5591,28,1
5592,28,1
5593,28,1
5594,28,1
5595,28,1
5596,28,1
5597,28,1
5598,28,1
5599,28,1
5600,28,1
5601,28,1
5602,28,1
5603,28,1
5604,28,1
5605,28,1
5606,28,1
5607,28,1
5608,28,1
5609,28,1
5610,28,1
5611,28,1
5612,28,1
5613,28,1
5614,28,1
5615,28,1
5616,27,1
5617,27,1
5618,27,1
5619,27,1
5620,27,1
5621,27,1
5622,27,1
5623,27,1
5624,27,1
5625,27,1
5626,27,1
5627,27,1
5628,27,1
5629,27,1
5630,27,1
5631,27,1
5632,27,1
5633,27,1
5634,27,1
5635,27,1
5636,27,1
5637,27,1
5638,27,1
5639,27,1
5640,27,1
5641,27,1
5642,27,1
5643,27,1
5644,27,1
5645,28,2
5646,28,2
5647,28,2
5648,28,2
5649,28,2
5650,28,2
5651,28,2
5652,28,2
5653,28,2
5654,28,2
5655,28,2
5656,27,2
5657,27,2
5658,27,2
5659,27,2
5660,27,2
5661,27,2
5662,27,2
5663,27,2
5664,27,2
5665,27,2
5666,27,2
5667,27,2
5668,27,2
5669,27,2
5670,27,2
5671,27,2
5672,27,2
5673,27,2
5674,27,2
5675,27,2
5676,27,2
5677,27,2
5678,27,2
5679,27,2
5680,27,2
5681,27,2
5682,26,2
5683,26,2
5684,26,2
5685,26,2
5686,26,2
5687,26,2
5688,26,2
5689,26,2
5690,26,2
5691,26,2
5692,25,2
5693,25,2
5694,25,2
5695,25,2
5696,25,2
5697,25,2
5698,25,2
5699,25,2
5700,25,2
5701,25,2
5702,25,2
5703,25,2
5704,25,2
5705,25,2
5706,25,2
5707,25,2
5708,25,2
5709,25,2
5710,25,2
5711,25,2
5712,25,2
5713,25,2
5714,25,2
5715,25,2
5716,25,2
5717,25,2
5718,25,2
5719,25,2
5720,25,2
5721,25,2
5722,25,2
5723,25,2
5724,25,2
5725,25,2
5726,25,2
5727,25,2
5728,25,2
5729,25,2
5730,25,2
5731,25,2
5732,26,2
5733,26,2
5734,26,2
5735,26,2
5736,26,2
5737,26,2
5738,26,2
5739,26,2
5740,26,2
5741,26,2
5742,26,2
5743,26,2
5744,26,2
5745,26,2
5746,26,2
5747,26,2
5748,26,2
5749,26,2
5750,26,2
5751,26,2
5752,26,2
5753,26,2
5754,26,2
5755,26,2
5756,26,2
5757,26,2
5758,26,2
5759,26,2
5760,26,2
5761,26,2
5762,26,2
5763,26,2
5764,27,2
5765,27,2
5766,27,2
5767,27,2
5768,27,2
5769,27,2
5770,27,2
5771,27,2
5772,27,2
5773,27,2
5774,27,2
5775,27,2
5776,27,2
5777,27,2
5778,27,2
5779,27,2
5780,27,2
5781,27,2
5782,27,2
5783,27,2
5784,27,2
5785,27,2
5786,27,2
5787,27,2
5788,27,2
5789,27,2
5790,27,2
5791,26,2
5792,26,2
5793,26,2
5794,26,2
5795,26,2
5796,26,2
5797,26,2
5798,26,2
5799,26,2
5800,26,2
5801,26,2
5802,26,2
5803,26,2
5804,26,2
5805,27,2
5806,27,2
5807,27,2
5808,27,2
5809,27,2
5810,27,2
5811,27,2
5812,27,2
5813,27,2
5814,27,2
5815,27,2
5816,27,2
5817,27,2
5818,27,2
5819,27,2
5820,27,2
5821,27,2
5822,27,2
5823,27,2
5824,26,1
5825,26,1
5826,26,1
5827,26,1
5828,26,1
5829,26,1
5830,26,1
5831,26,1
5832,26,1
5833,26,1
5834,26,1
5835,26,1
5836,26,1
5837,26,1
5838,26,1
5839,26,1
5840,26,1
5841,26,1
5842,26,1
5843,26,1
5844,26,1
5845,26,1
5846,26,1
5847,26,1
5848,26,1
5849,26,1
5850,26,1
5851,26,1
5852,26,1
5853,26,1
5854,26,1
5855,26,1
5856,26,1
5857,26,1
5858,26,1
5859,26,1
5860,26,1
5861,26,1
5862,26,1
5863,26,1
5864,26,1
5865,26,1
5866,26,1
5867,26,1
5868,26,1
5869,26,1
5870,26,1
5871,26,1
5872,26,1
5873,26,1
5874,26,1
5875,26,1
5876,26,1
5877,26,1
5878,26,1
5879,26,1
5880,26,1
5881,26,1
5882,26,1
5883,26,1
5884,27,1
5885,27,1
5886,27,1
5887,27,1
5888,27,1
5889,27,1
5890,27,1
5891,27,1
5892,27,1
5893,27,1
5894,27,1
5895,27,1
5896,27,1
5897,27,1
5898,27,1
5899,27,1
5900,27,1
5901,27,1
5902,27,1
5903,27,1
5904,27,1
5905,27,1
5906,27,1
5907,27,1
5908,27,1
5909,27,1
5910,27,1
5911,27,1
5912,27,1
5913,27,1
5914,27,1
5915,27,1
5916,27,1
5917,27,1
5918,27,1
5919,27,1
5920,27,1
5921,27,1
5922,27,1
5923,27,1
5924,27,1
5925,27,1
5926,27,1
5927,27,1
5928,27,1
5929,27,1
5930,27,1
5931,27,1
5932,27,1
5933,27,1
5934,27,1
5935,27,1
5936,27,1
5937,27,1
5938,27,1
5939,27,1
5940,27,1
5941,27,1
5942,27,1
5943,27,1
5944,27,1
5945,27,1
5946,27,1
5947,27,1
5948,27,1
5949,27,1
5950,27,1
5951,27,1
5952,27,1
5953,27,1
5954,27,1
5955,27,1
5956,27,1
5957,27,1
5958,27,1
5959,26,1
5960,26,1
5961,26,1
5962,26,1
5963,26,1
5964,26,1
5965,26,1
5966,26,1
5967,26,1
5968,26,1
5969,25,1
5970,25,1
5971,25,1
5972,26,1
5973,26,1
5974,26,1
5975,26,1
5976,26,1
5977,26,1
5978,26,1
5979,26,1
5980,26,1
5981,26,1
5982,26,1
5983,26,1
5984,26,1
5985,26,1
5986,26,1
5987,26,1
5988,26,1
5989,26,1
5990,26,1
5991,26,1
5992,26,1
5993,27,1
5994,27,1
5995,27,1
5996,27,1
5997,27,1
5998,27,1
5999,27,1
6000,27,1
6001,27,1
6002,27,1
6003,27,1
6004,27,1
6005,27,1
6006,27,1
6007,27,1
6008,27,1
6009,28,1
6010,28,1
6011,28,1
6012,28,1
6013,28,1
6014,28,1
6015,28,1
6016,28,1
6017,28,1
6018,28,1
6019,28,1
6020,28,1
6021,28,1
6022,28,1
6023,28,1
6024,28,1
6025,28,1
6026,28,1
6027,28,1
6028,28,1
6029,28,1
6030,28,1
6031,28,1
6032,28,1
6033,28,1
6034,28,1
6035,28,1
6036,28,1
6037,28,1
6038,28,1
6039,28,1
6040,27,1
6041,27,1
6042,27,1
6043,27,1
6044,27,1
6045,26,1
6046,26,1
6047,26,1
6048,26,1
6049,26,1
6050,26,1
6051,26,1
6052,26,1
6053,26,1
6054,26,1
6055,26,1
6056,26,1
6057,26,1
6058,26,1
6059,26,1
6060,26,1
6061,26,1
6062,26,1
6063,26,1
6064,26,1
6065,26,1
6066,26,1
6067,26,1
6068,26,1
6069,26,1
6070,26,1
6071,26,1
6072,26,1
6073,26,1
6074,26,1
6075,26,1
6076,26,1
6077,26,1
6078,26,1
6079,26,1
6080,26,1
6081,26,1
6082,27,1
6083,27,1
6084,27,1
6085,27,1
6086,27,1
6087,27,1
6088,27,1
6089,27,1
6090,27,1
6091,27,1
6092,27,1
6093,27,1
6094,27,1
6095,27,1
6096,27,1
6097,27,1
6098,27,1
6099,27,1
6100,27,1
6101,27,1
6102,27,1
6103,27,1
6104,27,1
6105,27,1
6106,27,1
6107,27,1
6108,27,1
6109,27,1
6110,27,1
6111,27,1
6112,27,1
6113,27,1
6114,27,1
6115,27,1
6116,27,1
6117,27,1
6118,27,1
6119,27,1
6120,27,1
6121,27,1
6122,27,1
6123,27,1
6124,27,1
6125,27,1
6126,27,1
6127,27,1
6128,27,1
6129,27,1
6130,27,1
6131,27,1
6132,27,1
6133,27,1
6134,27,1
6135,27,1
6136,26,1
6137,26,1
6138,26,1
6139,26,1
6140,26,1
6141,26,1
6142,26,1
6143,26,1
6144,26,1
6145,26,1
6146,26,1
6147,26,1
6148,26,1
6149,26,1
6150,26,1
6151,26,1
6152,26,1
6153,26,1
6154,26,1
6155,26,1
6156,26,1
6157,26,1
6158,26,1
6159,26,1
6160,26,1
6161,26,1
6162,26,1
6163,26,1
6164,26,1
6165,26,1
6166,26,1
6167,26,1
6168,26,1
6169,26,1
6170,27,1
6171,27,1
6172,27,1
6173,27,1
6174,27,1
6175,27,1
6176,27,1
6177,27,1
6178,27,1
6179,27,1
6180,27,1
6181,27,1
6182,27,1
6183,27,1
6184,27,1
6185,27,1
6186,27,1
6187,27,1
6188,27,1
6189,27,1
6190,27,1
6191,27,1
6192,27,1
6193,27,1
6194,27,1
6195,27,1
6196,27,1
6197,27,1
6198,27,1
6199,27,1
6200,27,1
6201,27,1
6202,27,1
6203,27,1
6204,27,1
6205,27,1
6206,27,1
6207,27,1
6208,27,1
6209,27,1
6210,27,1
6211,27,1
6212,27,1
6213,27,1
6214,27,1
6215,27,1
6216,27,1
6217,27,1
6218,27,1
6219,28,1
6220,28,1
6221,28,1
6222,28,1
6223,28,1
6224,28,1
6225,28,1
6226,28,1
6227,28,1
6228,28,1
6229,28,1
6230,28,1
6231,28,1
6232,28,1
6233,28,1
6234,28,1
6235,28,1
6236,28,1
6237,28,1
6238,28,1
6239,28,1
6240,28,1
6241,28,1
6242,28,1
6243,28,1
6244,28,1
6245,27,1
6246,27,1
6247,27,1
6248,27,1
6249,27,1
6250,27,1
6251,27,1
6252,27,1
6253,27,1
6254,27,1
6255,27,1
6256,27,1
6257,27,1
6258,27,1
6259,27,1
6260,27,1
6261,27,1
6262,27,1
6263,27,1
6264,27,1
6265,27,1
6266,27,1
6267,27,1
6268,27,1
6269,27,1
6270,27,1
6271,27,1
6272,27,1
6273,27,1
6274,27,1
6275,27,1
6276,27,1
6277,27,1
6278,27,1
6279,27,1
6280,27,1
6281,27,1
6282,27,1
6283,27,1
6284,27,1
6285,27,1
6286,27,1
6287,27,1
6288,27,1
6289,27,1
6290,27,1
6291,27,1
6292,27,1
6293,27,1
6294,27,1
6295,27,1
6296,27,1
6297,27,1
6298,27,1
6299,27,1
6300,27,1
6301,27,1
6302,27,1
6303,27,1
6304,26,1
6305,26,1
6306,26,1
6307,26,1
6308,26,1
6309,26,1
6310,26,1
6311,26,1
6312,26,1
6313,26,1
6314,26,1
6315,26,1
6316,26,1
6317,26,1
6318,26,1
6319,26,1
6320,26,1
6321,26,1
6322,26,1
6323,26,1
6324,26,1
6325,26,1
6326,26,1
6327,26,1
6328,26,1
6329,26,1
6330,26,1
6331,26,1
6332,26,1
6333,26,1
6334,26,1
6335,26,1
6336,26,1
6337,26,1
6338,26,1
6339,26,1
6340,26,1
6341,26,1
6342,26,1
6343,26,1
6344,26,1
6345,26,1
6346,26,1
6347,26,1
6348,26,1
6349,26,1
6350,26,1
6351,26,1
6352,26,1
6353,26,1
6354,26,1
6355,26,1
6356,26,1
6357,27,1
6358,27,1
6359,27,1
6360,27,1
6361,27,1
6362,27,1
6363,27,1
6364,27,1
6365,27,1
6366,27,1
6367,27,1
6368,27,1
6369,27,1
6370,27,1
6371,27,1
6372,27,1
6373,27,1
6374,27,1
6375,27,1
6376,27,1
6377,27,1
6378,27,1
6379,27,1
6380,27,1
6381,27,1
6382,27,1
6383,27,1
6384,27,1
6385,27,1
6386,28,1
6387,28,1
6388,28,1
6389,28,1
6390,28,1
6391,28,1
6392,28,1
6393,29,1
6394,29,1
6395,29,1
6396,29,1
6397,29,1
6398,29,1
6399,29,1
6400,29,1
6401,29,1
6402,29,1
6403,29,1
6404,29,1
6405,29,1
6406,28,1
6407,28,1
6408,28,1
6409,28,1
6410,28,1
6411,28,1
6412,28,1
6413,28,1
6414,28,1
6415,28,1
6416,28,1
6417,28,1
6418,28,1
6419,28,1
6420,28,1
6421,28,1
6422,28,1
6423,28,1
6424,28,1
6425,28,1
6426,28,1
6427,28,1
6428,28,1
6429,28,1
6430,28,1
6431,28,1
6432,28,1
6433,28,1
6434,27,1
6435,27,1
6436,27,1
6437,27,1
6438,28,1
6439,28,1
6440,28,1
6441,28,1
6442,28,1
6443,28,1
6444,29,1
6445,29,1
6446,29,1
6447,29,1
6448,29,1
6449,29,1
6450,29,1
6451,29,1
6452,29,1
6453,29,1
6454,29,1
6455,29,1
6456,29,1
6457,29,1
6458,29,1
6459,29,1
6460,29,1
6461,29,1
6462,29,1
6463,29,1
6464,29,1
6465,29,1
6466,29,1
6467,29,1
6468,29,1
6469,29,1
6470,29,1
6471,29,1
6472,29,1
6473,29,1
6474,29,1
6475,29,1
6476,29,1
6477,29,1
6478,29,1
6479,29,1
6480,29,1
6481,29,1
6482,28,1
6483,28,1
6484,28,1
6485,28,1
6486,28,1
6487,28,1
6488,28,1
6489,28,1
6490,28,1
6491,28,1
6492,28,1
6493,28,1
6494,29,1
6495,29,1
6496,29,1
6497,29,1
6498,29,1
6499,29,1
6500,29,1
6501,29,1
6502,28,1
6503,28,1
6504,28,1
6505,28,1
6506,28,1
6507,28,1
6508,28,1
6509,28,1
6510,28,1
6511,28,1
6512,28,1
6513,28,1
6514,28,1
6515,28,1
6516,28,1
6517,28,1
6518,28,1
6519,28,1
6520,28,1
6521,28,1
6522,28,1
6523,28,1
6524,28,1
6525,28,1
6526,28,1
6527,28,1
6528,28,1
6529,28,1
6530,28,1
6531,28,1
6532,28,1
6533,28,1
6534,28,1
6535,27,1
6536,27,1
6537,27,1
6538,27,1
6539,27,1
6540,27,1
6541,27,1
6542,27,1
6543,27,1
6544,27,1
6545,27,1
6546,27,1
6547,27,1
6548,27,1
6549,27,1
6550,27,1
6551,27,1
6552,27,1
6553,27,1
6554,27,1
6555,27,1
6556,27,1
6557,27,1
6558,27,1
6559,27,1
6560,27,1
6561,27,1
6562,27,1
6563,27,1
6564,27,1
6565,27,1
6566,27,1
6567,27,1
6568,27,1
6569,27,1
6570,27,1
6571,27,1
6572,27,1
6573,27,1
6574,27,1
6575,27,1
6576,27,1
6577,27,1
6578,27,1
6579,27,1
6580,27,1
6581,27,1
6582,27,1
6583,27,1
6584,27,1
6585,27,1
6586,27,1
6587,27,1
6588,27,1
6589,27,1
6590,27,1
6591,27,1
6592,27,1
6593,27,1
6594,27,1
6595,27,1
6596,27,1
6597,27,1
6598,27,1
6599,27,1
6600,27,1
6601,27,1
6602,27,1
6603,27,1
6604,27,1
6605,27,1
6606,27,1
6607,27,1
6608,27,1
6609,27,1
6610,27,1
6611,27,1
6612,27,1
6613,27,1
6614,27,1
6615,27,1
6616,27,1
6617,27,1
6618,27,1
6619,27,1
6620,27,1
6621,27,1
6622,27,1
6623,27,1
6624,27,1
6625,27,1
6626,27,1
6627,27,1
6628,27,1
6629,27,1
6630,27,1
6631,27,1
6632,27,1
6633,27,1
6634,27,1
6635,27,1
6636,27,1
6637,27,1
6638,27,1
6639,27,1
6640,27,1
6641,27,1
6642,27,1
6643,27,1
6644,27,1
6645,27,1
6646,27,1
6647,27,1
6648,27,1
6649,27,1
6650,27,1
6651,27,1
6652,27,1
6653,27,1
6654,27,1
6655,27,1
6656,27,1
6657,27,1
6658,27,1
6659,27,1
6660,27,1
6661,27,1
6662,28,1
6663,29,1
6664,29,1
6665,30,1
6666,30,1
6667,30,1
6668,30,1
6669,30,1
6670,30,1
6671,30,1
6672,30,1
6673,30,1
6674,30,1
6675,30,1
6676,30,1
6677,30,1
6678,30,1
6679,30,1
6680,30,1
6681,30,1
6682,30,1
6683,30,1
6684,30,1
6685,30,1
6686,30,1
6687,30,1
6688,30,1
6689,30,1
6690,30,1
6691,30,1
6692,30,1
6693,30,1
6694,30,1
6695,30,1
6696,30,1
6697,30,1
6698,30,1
6699,30,1
6700,30,1
6701,30,1
6702,30,1
6703,30,1
6704,30,1
6705,30,1
6706,30,1
6707,30,1
6708,30,1
6709,30,1
6710,30,1
6711,30,1
6712,31,1
6713,31,1
6714,31,1
6715,32,1
6716,32,1
6717,32,1
6718,32,1
6719,31,1
6720,31,1
6721,31,1
6722,31,1
6723,31,1
6724,31,1
6725,31,1
6726,31,1
6727,31,1
6728,31,1
6729,31,1
6730,31,1
6731,31,1
6732,31,1
6733,31,1
6734,31,1
6735,31,1
6736,31,1
6737,31,1
6738,31,1
6739,31,1
6740,31,1
6741,31,1
6742,31,1
6743,31,1
6744,31,1
6745,31,1
6746,31,1
6747,31,1
6748,31,1
6749,31,1
6750,31,1
6751,31,1
6752,31,1
6753,31,1
6754,31,1
6755,31,1
6756,31,1
6757,31,1
6758,31,1
6759,31,1
6760,31,1
6761,31,1
6762,31,1
6763,31,1
6764,31,1
6765,31,1
6766,31,1
6767,32,1
6768,32,1
6769,32,1
6770,32,1
6771,32,1
6772,32,1
6773,32,1
6774,32,1
6775,32,1
6776,32,1
6777,32,1
6778,32,1
6779,32,1
6780,32,1
6781,32,1
6782,32,1
6783,32,1
6784,32,1
6785,32,1
6786,32,1
6787,32,1
6788,32,1
6789,32,1
6790,32,1
6791,32,1
6792,32,1
6793,32,1
6794,32,1
6795,32,1
6796,32,1
6797,32,1
6798,32,1
6799,32,1
6800,32,1
6801,32,1
6802,32,1
6803,32,1
6804,32,1
6805,32,1
6806,32,1
6807,32,1
6808,32,1
6809,32,1
6810,32,1
6811,32,1
6812,32,1
6813,32,1
6814,32,1
6815,32,1
6816,32,1
6817,32,1
6818,32,1
6819,32,1
6820,32,1
6821,32,1
6822,32,1
6823,32,1
6824,32,1
6825,32,1
6826,32,1
6827,32,1
6828,32,1
6829,32,1
6830,32,1
6831,32,1
6832,32,1
6833,32,1
6834,32,1
6835,32,1
6836,32,1
6837,32,1
6838,32,1
6839,32,1
6840,32,1
6841,31,1
6842,31,1
6843,31,1
6844,31,1
6845,31,1
6846,31,1
6847,31,1
6848,31,1
6849,31,1
6850,31,1
6851,31,1
6852,31,1
6853,30,1
6854,30,1
6855,30,1
6856,30,1
6857,30,1
6858,30,1
6859,30,1
6860,30,1
6861,30,1
6862,30,1
6863,30,1
6864,30,1
6865,30,1
6866,30,1
6867,30,1
6868,30,1
6869,30,1
6870,30,1
6871,30,1
6872,30,1
6873,30,1
6874,30,1
6875,30,1
6876,30,1
6877,30,1
6878,30,1
6879,30,1
6880,30,1
6881,30,1
6882,30,1
6883,30,1
6884,30,1
6885,30,1
6886,29,1
6887,29,1
6888,29,1
6889,29,1
6890,29,1
6891,29,1
6892,29,1
6893,29,1
6894,29,1
6895,29,1
6896,29,1
6897,29,1
6898,29,1
6899,29,1
6900,29,1
6901,29,1
6902,29,1
6903,29,1
6904,29,1
6905,29,1
6906,29,1
6907,29,1
6908,29,1
6909,29,1
6910,29,1
6911,29,1
6912,29,1
6913,29,1
6914,29,1
6915,29,1
6916,29,1
6917,29,1
6918,29,1
6919,29,1
6920,29,1
6921,29,1
6922,29,1
6923,29,1
6924,29,1
6925,29,1
6926,29,1
6927,29,1
6928,29,1
6929,29,1
6930,29,1
6931,29,1
6932,29,1
6933,29,1
6934,29,1
6935,29,1
6936,29,1
6937,29,1
6938,29,1
6939,29,1
6940,29,1
6941,29,1
6942,29,1
6943,29,1
6944,29,1
6945,29,1
6946,29,1
6947,29,1
6948,29,1
6949,29,1
6950,29,1
6951,29,1
6952,29,1
6953,29,1
6954,29,1
6955,29,1
6956,29,1
6957,29,1
6958,29,1
6959,29,1
6960,29,1
6961,29,1
6962,29,1
6963,29,1
6964,29,1
6965,29,1
6966,29,1
6967,29,1
6968,29,1
6969,29,1
6970,29,1
6971,29,1
6972,29,1
6973,29,1
6974,29,1
6975,28,1
6976,28,1
6977,28,1
6978,28,1
6979,28,1
6980,29,1
6981,29,1
6982,29,1
6983,29,1
6984,29,1
6985,29,1
6986,29,1
6987,29,1
6988,29,1
6989,29,1
6990,29,1
6991,29,1
6992,29,1
6993,29,1
6994,29,1
6995,29,1
6996,29,1
6997,29,1
6998,29,1
6999,29,1
7000,29,1
7001,29,1
7002,29,1
7003,29,1
7004,29,1
7005,29,1
7006,29,1
7007,29,1
7008,29,1
7009,29,1
7010,29,1
7011,29,1
7012,29,1
7013,29,1
7014,29,1
7015,29,1
7016,29,1
7017,29,1
7018,29,1
7019,29,1
7020,29,1
7021,29,1
7022,29,1
7023,29,1
7024,29,1
7025,29,1
7026,29,1
7027,29,1
7028,29,1
7029,29,1
7030,29,1
7031,29,1
7032,29,1
7033,28,1
7034,28,1
7035,28,1
7036,28,1
7037,28,1
7038,28,1
7039,28,1
7040,28,1
7041,28,1
7042,28,1
7043,28,1
7044,28,1
7045,28,1
7046,28,1
7047,28,1
7048,28,1
7049,28,1
7050,28,1
7051,28,1
7052,28,1
7053,28,1
7054,28,1
7055,28,1
7056,28,1
7057,28,1
7058,28,1
7059,28,1
7060,28,1
7061,28,1
7062,28,1
7063,28,1
7064,28,1
7065,28,1
7066,28,1
7067,28,1
7068,28,1
7069,28,1
7070,29,1
7071,29,1
7072,29,1
7073,29,1
7074,29,1
7075,29,1
7076,29,1
7077,29,1
7078,29,1
7079,29,1
7080,29,1
7081,29,1
7082,29,1
7083,29,1
7084,29,1
7085,29,1
7086,29,1
7087,29,1
7088,29,1
7089,29,1
7090,29,1
7091,29,1
7092,29,1
7093,29,1
7094,29,1
7095,29,1
7096,29,1
7097,29,1
7098,29,1
7099,29,1
7100,29,1
7101,29,1
7102,29,1
7103,29,1
7104,29,1
7105,29,1
7106,29,1
7107,29,1
7108,29,1
7109,29,1
7110,29,1
7111,29,1
7112,29,1
7113,29,1
7114,29,1
7115,29,1
7116,29,1
7117,29,1
7118,29,1
7119,29,1
7120,29,1
7121,29,1
7122,29,1
7123,29,1
7124,29,1
7125,29,1
7126,29,1
7127,29,1
7128,29,1
7129,29,1
7130,29,1
7131,29,1
7132,29,1
7133,29,1
7134,29,1
7135,29,1
7136,29,1
7137,29,1
7138,29,1
7139,29,1
7140,28,1
7141,28,1
7142,28,1
7143,28,1
7144,28,1
7145,28,1
7146,28,1
7147,28,1
7148,28,1
7149,28,1
7150,28,1
7151,28,1
7152,28,1
7153,28,1
7154,28,1
7155,28,1
7156,28,1
7157,28,1
7158,28,1
7159,28,1
7160,28,1
7161,28,1
7162,28,1
7163,28,1
7164,28,1
7165,28,1
7166,28,1
7167,28,1
7168,28,1
7169,28,1
7170,28,1
7171,28,1
7172,28,1
7173,28,1
7174,28,1
7175,29,1
7176,29,1
7177,29,1
7178,29,1
7179,29,1
7180,29,1
7181,29,1
7182,29,1
7183,30,1
7184,30,1
7185,30,1
7186,30,1
7187,29,0
7188,29,0
7189,29,0
7190,30,0
7191,30,0
7192,30,0
7193,30,0
7194,30,0
7195,30,0
7196,30,0
7197,30,0
7198,30,0
7199,30,0
7200,30,0
7201,31,0
7202,31,0
7203,31,0
7204,31,0
7205,31,0
7206,31,0
7207,31,0
7208,31,0
7209,31,0
7210,31,0
7211,31,0
7212,31,0
7213,31,0
7214,31,0
7215,31,0
7216,31,0
7217,31,0
7218,31,0
7219,31,0
7220,31,0
7221,31,0
7222,31,0
7223,31,0
7224,31,0
7225,31,0
7226,31,0
7227,31,0
7228,31,0
7229,31,0
7230,31,0
7231,31,0
7232,31,0
7233,31,0
7234,31,0
7235,31,0
7236,31,0
7237,31,0
7238,31,0
7239,31,0
7240,31,0
7241,31,0
7242,31,0
7243,31,0
7244,31,0
7245,31,0
7246,31,0
7247,31,0
7248,31,0
7249,31,0
7250,31,0
7251,31,0
7252,31,0
7253,31,0
7254,31,0
7255,30,0
7256,30,0
7257,30,0
7258,30,0
7259,30,0
7260,30,0
7261,30,0
7262,30,0
7263,30,0
7264,30,0
7265,30,0
7266,30,0
7267,30,0
7268,30,0
7269,30,0
7270,30,0
7271,30,0
7272,30,0
7273,30,0
7274,30,0
7275,30,0
7276,31,0
7277,31,0
7278,31,0
7279,32,0
7280,32,0
7281,32,0
7282,32,0
7283,32,0
7284,32,0
7285,32,0
7286,32,0
7287,32,0
7288,32,0
7289,32,0
7290,32,0
7291,32,0
7292,32,0
7293,32,0
7294,32,0
7295,32,0
7296,32,0
7297,32,0
7298,32,0
7299,32,0
7300,32,0
7301,32,0
7302,32,0
7303,32,0
7304,32,0
7305,32,0
7306,32,0
7307,32,0
7308,32,0
7309,32,0
7310,32,0
7311,32,0
7312,32,0
7313,32,0
7314,32,0
7315,32,0
7316,32,0
7317,32,0
7318,32,0
7319,32,0
7320,32,0
7321,32,0
7322,32,0
7323,32,0
7324,32,0
7325,32,0
7326,32,0
7327,32,0
7328,32,0
7329,32,0
7330,32,0
7331,32,0
7332,32,0
7333,32,0
7334,32,0
7335,32,0
7336,32,0
7337,32,0
7338,32,0
7339,32,0
7340,32,0
7341,32,0
7342,32,0
7343,32,0
7344,32,0
7345,32,0
7346,32,0
7347,32,0
7348,32,0
7349,32,0
7350,32,0
7351,32,0
7352,32,0
7353,32,0
7354,32,0
7355,32,0
7356,32,0
7357,32,0
7358,32,0
7359,32,0
7360,33,0
7361,33,0
7362,33,0
7363,33,0
7364,33,0
7365,33,0
7366,33,0
7367,33,0
7368,33,0
7369,33,0
7370,33,0
7371,33,0
7372,33,0
7373,33,0
7374,33,0
7375,33,0
7376,33,0
7377,34,0
7378,34,0
7379,34,0
7380,34,0
7381,34,0
7382,34,0
7383,34,0
7384,34,0
7385,34,0
7386,34,0
7387,34,0
7388,34,0
7389,34,0
7390,34,0
7391,34,0
7392,34,0
7393,34,0
7394,34,0
7395,34,0
7396,34,0
7397,34,0
7398,34,0
7399,34,0
7400,34,0
7401,33,0
7402,33,0
7403,33,0
7404,33,0
7405,33,0
7406,33,0
7407,33,0
7408,33,0
7409,33,0
7410,33,0
7411,33,0
7412,33,0
7413,33,0
7414,33,0
7415,33,0
7416,33,0
7417,33,0
7418,33,0
7419,33,0
7420,33,0
7421,33,0
7422,33,0
7423,33,0
7424,33,0
7425,33,0
7426,33,0
7427,33,0
7428,33,0
7429,33,0
7430,33,0
7431,33,0
7432,33,0
7433,33,0
7434,33,0
7435,33,0
7436,33,0
7437,33,0
7438,33,0
7439,33,0
7440,33,0
7441,33,0
7442,33,0
7443,33,0
7444,33,0
7445,33,0
7446,33,0
7447,33,0
7448,33,0
7449,33,0
7450,33,0
7451,33,0
7452,33,0
7453,33,0
7454,33,0
7455,33,0
7456,33,0
7457,33,0
7458,33,0
7459,33,0
7460,33,0
7461,33,0
7462,33,0
7463,33,0
7464,33,0
7465,33,0
7466,33,0
7467,33,0
7468,33,0
7469,33,0
7470,33,0
7471,33,0
7472,33,0
7473,33,0
7474,33,0
7475,33,0
7476,33,0
7477,33,0
7478,33,0
7479,33,0
7480,33,0
7481,33,0
7482,33,0
7483,33,0
7484,33,0
7485,33,0
7486,33,0
7487,33,0
7488,33,0
7489,33,0
7490,33,0
7491,33,0
7492,33,0
7493,33,0
7494,33,0
7495,33,0
7496,33,0
7497,33,0
7498,33,0
7499,33,0
7500,32,0
7501,32,0
7502,32,0
7503,32,0
7504,32,0
7505,32,0
7506,32,0
7507,32,0
7508,32,0
7509,32,0
7510,32,0
7511,32,0
7512,32,0
7513,32,0
7514,32,0
7515,32,0
7516,32,0
7517,32,0
7518,32,0
7519,32,0
7520,32,0
7521,32,0
7522,32,0
7523,32,0
7524,32,0
7525,32,0
7526,32,0
7527,32,0
7528,32,0
7529,32,0
7530,32,0
7531,32,0
7532,32,0
7533,32,0
7534,32,0
7535,31,0
7536,31,0
7537,31,0
7538,31,0
7539,32,0
7540,32,0
7541,32,0
7542,32,0
7543,32,0
7544,32,0
7545,32,0
7546,32,0
7547,33,0
7548,33,0
7549,33,0
7550,33,0
7551,33,0
7552,33,0
7553,33,0
7554,33,0
7555,33,0
7556,34,0
7557,34,0
7558,34,0
7559,34,0
7560,34,0
7561,34,0
7562,34,0
7563,34,0
7564,34,0
7565,34,0
7566,34,0
7567,34,0
7568,34,0
7569,34,0
7570,34,0
7571,34,0
7572,34,0
7573,34,0
7574,34,0
7575,34,0
7576,34,0
7577,34,0
7578,34,0
7579,34,0
7580,34,0
7581,34,0
7582,34,0
7583,34,0
7584,34,0
7585,34,0
7586,34,0
7587,34,0
7588,34,0
7589,34,0
7590,34,0
7591,34,0
7592,34,0
7593,34,0
7594,34,0
7595,34,0
7596,34,0
7597,34,0
7598,34,0
7599,34,0
7600,34,0
7601,34,0
7602,33,0
7603,33,0
7604,33,0
7605,33,0
7606,33,0
7607,33,0
7608,33,0
7609,33,0
7610,33,0
7611,33,0
7612,33,0
7613,33,0
7614,33,0
7615,33,0
7616,33,0
7617,33,0
7618,33,0
7619,33,0
7620,33,0
7621,33,0
7622,33,0
7623,33,0
7624,33,0
7625,33,0
7626,33,0
7627,33,0
7628,33,0
7629,33,0
7630,33,0
7631,33,0
7632,33,0
7633,33,0
7634,33,0
7635,33,0
7636,33,0
7637,33,0
7638,33,0
7639,33,0
7640,33,0
7641,33,0
7642,33,0
7643,33,0
7644,33,0
7645,33,0
7646,33,0
7647,33,0
7648,33,0
7649,33,0
7650,33,0
7651,33,0
7652,33,0
7653,33,0
7654,33,0
7655,33,0
7656,33,0
7657,33,0
7658,34,0
7659,34,0
7660,34,0
7661,34,0
7662,34,0
7663,34,0
7664,34,0
7665,34,0
7666,34,0
7667,34,0
7668,34,0
7669,34,0
7670,34,0
7671,34,0
7672,34,0
7673,34,0
7674,34,0
7675,34,0
7676,34,0
7677,34,0
7678,34,0
7679,34,0
7680,34,0
7681,34,0
7682,34,0
7683,34,0
7684,34,0
7685,34,0
7686,34,0
7687,34,0
7688,34,0
7689,34,0
7690,34,0
7691,34,0
7692,34,0
7693,34,0
7694,34,0
7695,34,0
7696,34,0
7697,34,0
7698,34,0
7699,34,0
7700,34,0
7701,34,0
7702,34,0
7703,34,0
7704,34,0
7705,34,0
7706,34,0
7707,34,0
7708,34,0
7709,34,0
7710,34,0
7711,34,0
7712,34,0
7713,34,0
7714,34,0
7715,34,0
7716,34,0
7717,34,0
7718,34,0
7719,34,0
7720,34,0
7721,34,0
7722,34,0
7723,33,0
7724,33,0
7725,33,0
7726,33,0
7727,33,0
7728,33,0
7729,33,0
7730,33,0
7731,33,0
7732,33,0
7733,33,0
7734,33,0
7735,32,0
7736,32,0
7737,32,0
7738,32,0
7739,32,0
7740,32,0
7741,32,0
7742,32,0
7743,32,0
7744,32,0
7745,32,0
7746,32,0
7747,32,0
7748,32,0
7749,32,0
7750,32,0
7751,32,0
7752,32,0
7753,32,0
7754,32,0
7755,32,0
7756,32,0
7757,32,0
7758,32,0
7759,32,0
7760,32,0
7761,32,0
7762,32,0
7763,32,0
7764,32,0
7765,32,0
7766,32,0
7767,32,0
7768,32,0
7769,32,0
7770,32,0
7771,32,0
7772,32,0
7773,32,0
7774,32,0
7775,32,0
7776,32,0
7777,32,0
7778,32,0
7779,32,0
7780,32,0
7781,32,0
7782,32,0
7783,32,0
7784,32,0
7785,32,0
7786,32,0
7787,32,0
7788,32,0
7789,32,0
7790,32,0
7791,32,0
7792,32,0
7793,32,0
7794,32,0
7795,32,0
7796,32,0
7797,32,0
7798,32,0
7799,32,0
7800,32,0
7801,32,0
7802,32,0
7803,32,0
7804,32,0
7805,32,0
7806,32,0
7807,32,0
7808,32,0
7809,32,0
7810,32,0
7811,32,0
7812,32,0
7813,32,0
7814,32,0
7815,32,0
7816,32,0
7817,32,0
7818,32,0
7819,32,0
7820,32,0
7821,32,0
7822,32,0
7823,32,0
7824,32,0
7825,32,0
7826,32,0
7827,32,0
7828,32,0
7829,32,0
7830,32,0
7831,32,0
7832,32,0
7833,32,0
7834,32,0
7835,32,0
7836,32,0
7837,32,0
7838,32,0
7839,32,0
7840,32,0
7841,32,0
7842,32,0
7843,32,0
7844,32,0
7845,32,0
7846,32,0
7847,32,0
7848,32,0
7849,32,0
7850,32,0
7851,32,0
7852,32,0
7853,32,0
7854,32,0
7855,32,0
7856,32,0
7857,32,0
7858,33,0
7859,33,0
7860,33,0
7861,33,0
7862,32,0
7863,32,0
7864,32,0
7865,32,0
7866,32,0
7867,32,0
7868,32,0
7869,32,0
7870,32,0
7871,32,0
7872,32,0
7873,32,0
7874,32,0
7875,32,0
7876,32,0
7877,32,0
7878,32,0
7879,32,0
7880,32,0
7881,32,0
7882,32,0
7883,32,0
7884,32,0
7885,32,0
7886,32,0
7887,32,0
7888,32,0
7889,32,0
7890,32,0
7891,32,0
7892,32,0
7893,32,0
7894,32,0
7895,31,0
7896,31,0
7897,31,0
7898,31,0
7899,31,0
7900,31,0
7901,31,0
7902,31,0
7903,31,0
7904,31,0
7905,31,0
7906,31,0
7907,31,0
7908,31,0
7909,31,0
7910,31,0
7911,31,0
7912,31,0
7913,31,0
7914,31,0
7915,31,0
7916,31,0
7917,31,0
7918,31,0
7919,31,0
7920,31,0
7921,31,0
7922,31,0
7923,31,0
7924,31,0
7925,31,0
7926,31,0
7927,31,0
7928,31,0
7929,31,0
7930,31,0
7931,31,0
7932,31,0
7933,31,0
7934,31,0
7935,31,0
7936,31,0
7937,31,0
7938,31,0
7939,31,0
7940,31,0
7941,31,0
7942,32,0
7943,32,0
7944,32,0
7945,32,0
7946,32,0
7947,32,0
7948,32,0
7949,32,0
7950,32,0
7951,32,0
7952,32,0
7953,32,0
7954,32,0
7955,32,0
7956,32,0
7957,32,0
7958,32,0
7959,32,0
7960,32,0
7961,32,0
7962,32,0
7963,32,0
7964,32,0
7965,32,0
7966,32,0
7967,32,0
7968,32,0
7969,32,0
7970,32,0
7971,32,0
7972,32,0
7973,32,0
7974,32,0
7975,32,0
7976,32,0
7977,32,0
7978,32,0
7979,32,0
7980,32,0
7981,32,0
7982,32,0
7983,32,0
7984,32,0
7985,32,0
7986,32,0
7987,32,0
7988,32,0
7989,32,0
7990,32,0
7991,32,0
7992,32,0
7993,33,0
7994,33,0
7995,33,0
7996,33,0
7997,33,0
7998,33,0
7999,33,0
8000,33,0
8001,33,0
8002,33,0
8003,33,0
8004,33,0
8005,33,0
8006,33,0
8007,33,0
8008,33,0
8009,33,0
8010,33,0
8011,33,0
8012,33,0
8013,33,0
8014,33,0
8015,33,0
8016,33,0
8017,33,0
8018,33,0
8019,33,0
8020,33,0
8021,33,0
8022,33,0
8023,33,0
8024,33,0
8025,33,0
8026,33,0
8027,33,0
8028,33,0
8029,33,0
8030,33,0
8031,33,0
8032,33,0
8033,33,0
8034,33,0
8035,33,0
8036,32,0
8037,32,0
8038,32,0
8039,32,0
8040,32,0
8041,32,0
8042,32,0
8043,32,0
8044,32,0
8045,32,0
8046,32,0
8047,32,0
8048,32,0
8049,32,0
8050,32,0
8051,32,0
8052,32,0
8053,32,0
8054,32,0
8055,32,0
8056,32,0
8057,32,0
8058,32,0
8059,32,0
8060,32,0
8061,32,0
8062,32,0
8063,32,0
8064,32,0
8065,32,0
8066,32,0
8067,32,0
8068,32,0
8069,32,0
8070,32,0
8071,32,0
8072,32,0
8073,32,0
8074,32,0
8075,32,0
8076,32,0
8077,32,0
8078,32,0
8079,32,0
8080,32,0
8081,32,0
8082,32,0
8083,32,0
8084,32,0
8085,32,0
8086,32,0
8087,32,0
8088,32,0
8089,32,0
8090,32,0
8091,32,0
8092,32,0
8093,32,0
8094,32,0
8095,31,0
8096,31,0
8097,31,0
8098,31,0
8099,31,0
8100,31,0
8101,31,0
8102,31,0
8103,31,0
8104,31,0
8105,31,0
8106,31,0
8107,31,0
8108,31,0
8109,31,0
8110,31,0
8111,31,0
8112,31,0
8113,31,0
8114,31,0
8115,31,0
8116,31,0
8117,31,0
8118,31,0
8119,31,0
8120,31,0
8121,31,0
8122,31,0
8123,31,0
8124,31,0
8125,31,0
8126,31,0
8127,31,0
8128,31,0
8129,31,0
8130,31,0
8131,31,0
8132,31,0
8133,31,0
8134,31,0
8135,31,0
8136,31,0
8137,31,0
8138,31,0
8139,31,0
8140,31,0
8141,31,0
8142,31,0
8143,31,0
8144,31,0
8145,31,0
8146,31,0
8147,31,0
8148,31,0
8149,31,0
8150,31,0
8151,31,0
8152,31,0
8153,31,0
8154,31,0
8155,31,0
8156,31,0
8157,31,0
8158,31,0
8159,31,0
8160,31,0
8161,31,0
8162,31,0
8163,30,0
8164,30,0
8165,31,0
8166,31,0
8167,31,0
8168,31,0
8169,31,0
8170,30,0
8171,30,0
8172,30,0
8173,30,0
8174,30,0
8175,30,0
8176,30,0
8177,30,0
8178,30,0
8179,30,0
8180,30,0
8181,30,0
8182,30,0
8183,30,0
8184,30,0
8185,30,0
8186,30,0
8187,30,0
8188,30,0
8189,30,0
8190,30,0
8191,30,0
8192,30,0
8193,30,0
8194,30,0
8195,30,0
8196,29,0
8197,29,0
8198,29,0
8199,29,0
8200,29,0
8201,29,0
8202,29,0
8203,29,0
8204,29,0
8205,29,0
8206,29,0
8207,29,0
8208,29,0
8209,29,0
8210,29,0
8211,29,0
8212,29,0
8213,29,0
8214,29,0
8215,29,0
8216,29,0
8217,29,0
8218,29,0
8219,29,0
8220,29,0
8221,29,0
8222,29,0
8223,29,0
8224,29,0
8225,29,0
8226,29,0
8227,29,0
8228,29,0
8229,29,0
8230,29,0
8231,29,0
8232,29,0
8233,29,0
8234,29,0
8235,29,0
8236,29,0
8237,29,0
8238,29,0
8239,29,0
8240,29,0
8241,29,0
8242,29,0
8243,30,0
8244,30,0
8245,30,0
8246,30,0
8247,30,0
8248,30,0
8249,30,0
8250,30,0
8251,30,0
8252,30,0
8253,30,0
8254,30,0
8255,30,0
8256,30,0
8257,30,0
8258,30,0
8259,30,0
8260,30,0
8261,30,0
8262,30,0
8263,30,0
8264,30,0
8265,30,0
8266,30,0
8267,30,0
8268,30,0
8269,30,0
8270,30,0
8271,30,0
8272,30,0
8273,30,0
8274,30,0
8275,30,0
8276,30,0
8277,30,0
8278,30,0
8279,30,0
8280,30,0
8281,30,0
8282,30,0
8283,30,0
8284,30,0
8285,30,0
8286,30,0
8287,30,0
8288,30,0
8289,30,0
8290,30,0
8291,30,0
8292,30,0
8293,30,0
8294,30,0
8295,29,0
8296,29,0
8297,29,0
8298,29,0
8299,29,0
8300,29,0
8301,29,0
8302,29,0
8303,29,0
8304,29,0
8305,29,0
8306,29,0
8307,29,0
8308,29,0
8309,29,0
8310,29,0
8311,30,0
8312,30,0
8313,30,0
8314,30,0
8315,30,0
8316,30,0
8317,30,0
8318,30,0
8319,30,0
8320,30,0
8321,30,0
8322,30,0
8323,30,0
8324,30,0
8325,30,0
8326,30,0
8327,30,0
8328,30,0
8329,30,0
8330,30,0
8331,30,0
8332,29,0
8333,29,0
8334,29,0
8335,29,0
8336,29,0
8337,29,0
8338,29,0
8339,29,0
8340,29,0
8341,29,0
8342,29,0
8343,29,0
8344,29,0
8345,29,0
8346,29,0
8347,29,0
8348,29,0
8349,29,0
8350,29,0
8351,29,0
8352,29,0
8353,29,0
8354,29,0
8355,29,0
8356,29,0
8357,29,0
8358,29,0
8359,29,0
8360,29,0
8361,29,0
8362,29,0
8363,29,0
8364,29,0
8365,29,0
8366,29,0
8367,29,0
8368,29,0
8369,29,0
8370,29,0
8371,29,0
8372,29,0
8373,29,0
8374,29,0
8375,29,0
8376,29,0
8377,29,0
8378,29,0
8379,29,0
8380,29,0
8381,29,0
8382,29,0
8383,29,0
8384,29,0
8385,29,0
8386,29,0
8387,29,0
8388,29,0
8389,29,0
8390,29,0
8391,29,0
8392,29,0
8393,29,0
8394,29,0
8395,29,0
8396,29,0
8397,29,0
8398,29,0
8399,29,0
8400,29,0
8401,29,0
8402,29,0
8403,29,0
8404,29,0
8405,29,0
8406,30,0
8407,30,0
8408,30,0
8409,30,0
8410,30,0
8411,30,0
8412,30,0
8413,30,0
8414,30,0
8415,30,0
8416,30,0
8417,30,0
8418,31,0
8419,31,0
8420,31,0
8421,31,0
8422,31,0
8423,31,0
8424,31,0
8425,31,0
8426,31,0
8427,30,0
8428,30,0
8429,30,0
8430,30,0
8431,29,0
8432,29,0
8433,29,0
8434,29,0
8435,30,1
8436,30,1
8437,30,1
8438,30,1
8439,30,1
8440,30,1
8441,30,1
8442,30,1
8443,30,1
8444,30,1
8445,30,1
8446,30,1
8447,30,1
8448,30,1
8449,30,1
8450,30,1
8451,30,1
8452,30,1
8453,30,1
8454,30,1
8455,30,1
8456,30,1
8457,30,1
8458,30,1
8459,30,1
8460,30,1
8461,30,1
8462,30,1
8463,30,1
8464,30,1
8465,30,1
8466,30,1
8467,30,1
8468,30,1
8469,30,1
8470,30,1
8471,30,1
8472,30,1
8473,30,1
8474,30,1
8475,30,1
8476,30,1
8477,30,1
8478,31,1
8479,31,1
8480,31,1
8481,31,1
8482,31,1
8483,31,1
8484,31,1
8485,31,1
8486,31,1
8487,31,1
8488,31,1
8489,31,1
8490,31,1
8491,31,1
8492,31,1
8493,31,1
8494,32,1
8495,32,1
8496,32,1
8497,32,1
8498,32,1
8499,32,1
8500,32,1
8501,32,1
8502,32,1
8503,32,1
8504,32,1
8505,32,1
8506,32,1
8507,32,1
8508,32,1
8509,32,1
8510,32,1
8511,32,1
8512,31,1
8513,31,1
8514,31,1
8515,31,1
8516,31,1
8517,31,1
8518,31,1
8519,31,1
8520,31,1
8521,31,1
8522,31,1
8523,31,1
8524,31,1
8525,31,1
8526,31,1
8527,31,1
8528,31,1
8529,31,1
8530,31,1
8531,31,1
8532,31,1
8533,31,1
8534,31,1
8535,31,1
8536,31,1
8537,31,1
8538,31,1
8539,31,1
8540,31,1
8541,31,1
8542,31,1
8543,31,1
8544,31,1
8545,31,1
8546,31,1
8547,31,1
8548,31,1
8549,32,1
8550,32,1
8551,32,1
8552,32,1
8553,32,1
8554,32,1
8555,32,1
8556,32,1
8557,32,1
8558,32,1
8559,32,1
8560,32,1
8561,32,1
8562,32,1
8563,32,1
8564,32,1
8565,32,1
8566,32,1
8567,32,1
8568,32,1
8569,32,1
8570,32,1
8571,32,1
8572,32,1
8573,32,1
8574,32,1
8575,32,1
8576,32,1
8577,32,1
8578,32,1
8579,32,1
8580,32,1
8581,32,1
8582,32,1
8583,32,1
8584,32,1
8585,32,1
8586,32,1
8587,32,1
8588,32,1
8589,32,1
8590,32,1
8591,32,1
8592,32,1
8593,32,1
8594,32,1
8595,32,1
8596,32,1
8597,32,1
8598,32,1
8599,32,1
8600,32,1
8601,32,1
8602,32,1
8603,32,1
8604,32,1
8605,32,1
8606,32,1
8607,32,1
8608,32,1
8609,32,1
8610,32,1
8611,32,1
8612,32,1
8613,32,1
8614,32,1
8615,32,1
8616,32,1
8617,32,1
8618,32,1
8619,32,1
8620,32,1
8621,32,1
8622,32,1
8623,32,1
8624,32,1
8625,31,1
8626,31,1
8627,31,1
8628,31,1
8629,31,1
8630,31,1
8631,31,1
8632,31,1
8633,31,1
8634,31,1
8635,31,1
8636,31,1
8637,31,1
8638,31,1
8639,31,1
8640,31,1
8641,31,1
8642,31,1
8643,31,1
8644,31,1
8645,31,1
8646,31,1
8647,31,1
8648,31,1
8649,31,1
8650,31,1
8651,31,1
8652,31,1
8653,31,1
8654,31,1
8655,32,1
8656,32,1
8657,32,1
8658,32,1
8659,32,1
8660,32,1
8661,32,1
8662,32,1
8663,32,1
8664,32,1
8665,32,1
8666,32,1
8667,32,1
8668,32,1
8669,32,1
8670,32,1
8671,32,1
8672,32,1
8673,32,1
8674,32,1
8675,32,1
8676,32,1
8677,32,1
8678,32,1
8679,32,1
8680,32,1
8681,32,1
8682,32,1
8683,32,1
8684,32,1
8685,32,1
8686,32,1
8687,32,1
8688,32,1
8689,32,1
8690,32,1
8691,31,1
8692,31,1
8693,31,1
8694,31,1
8695,32,1
8696,32,1
8697,32,1
8698,32,1
8699,32,1
8700,31,1
8701,31,1
8702,31,1
8703,31,1
8704,31,1
8705,31,1
8706,31,1
8707,31,1
8708,31,1
8709,31,1
8710,31,1
8711,31,1
8712,31,1
8713,31,1
8714,31,1
8715,31,1
8716,31,1
8717,31,1
8718,31,1
8719,31,1
8720,31,1
8721,31,1
8722,31,1
8723,31,1
8724,31,1
8725,31,1
8726,31,1
8727,31,1
8728,31,1
8729,31,1
8730,31,1
8731,31,1
8732,31,1
8733,32,1
8734,32,1
8735,32,1
8736,32,1
8737,32,1
8738,32,1
8739,32,1
8740,32,1
8741,32,1
8742,32,1
8743,32,1
8744,32,1
8745,32,1
8746,32,1
8747,32,1
8748,32,1
8749,32,1
8750,32,1
8751,32,1
8752,32,1
8753,32,1
8754,32,1
8755,32,1
8756,32,1
8757,32,1
8758,32,1
8759,32,1
8760,32,1
8761,32,1
8762,32,1
8763,32,1
8764,32,1
8765,32,1
8766,32,1
8767,32,1
8768,32,1
8769,32,1
8770,32,1
8771,32,1
8772,32,1
8773,32,1
8774,32,1
8775,32,1
8776,32,1
8777,32,1
8778,32,1
8779,32,1
8780,32,1
8781,32,1
8782,32,1
8783,32,1
8784,32,1
8785,32,1
8786,32,1
8787,32,1
8788,32,1
8789,32,1
8790,32,1
8791,32,1
8792,32,1
8793,32,1
8794,32,1
8795,32,1
8796,32,1
8797,32,1
8798,32,1
8799,32,1
8800,32,1
8801,32,1
8802,32,1
8803,32,1
8804,32,1
8805,32,1
8806,32,1
8807,32,1
8808,32,1
8809,32,1
8810,33,1
8811,33,1
8812,33,1
8813,33,1
8814,32,1
8815,32,1
8816,33,1
8817,34,1
8818,34,1
8819,34,1
8820,34,1
8821,34,1
8822,34,1
8823,34,1
8824,34,1
8825,34,1
8826,34,1
8827,34,1
8828,34,1
8829,34,1
8830,34,1
8831,34,1
8832,34,1
8833,34,1
8834,34,1
8835,34,1
8836,34,1
8837,34,1
8838,34,1
8839,34,1
8840,34,1
8841,34,1
8842,34,1
8843,34,1
8844,34,1
8845,34,1
8846,34,1
8847,34,1
8848,34,1
8849,34,1
8850,34,1
8851,34,1
8852,34,1
8853,34,1
8854,34,1
8855,34,1
8856,34,1
8857,34,1
8858,34,1
8859,34,1
8860,34,1
8861,34,1
8862,34,1
8863,34,1
8864,34,1
8865,34,1
8866,34,1
8867,34,1
8868,34,1
8869,34,1
8870,34,1
8871,34,1
8872,34,1
8873,34,1
8874,34,1
8875,34,1
8876,34,1
8877,34,1
8878,34,1
8879,34,1
8880,34,1
8881,34,1
8882,34,1
8883,34,1
8884,34,1
8885,34,1
8886,34,1
8887,34,1
8888,34,1
8889,34,1
8890,34,1
8891,34,1
8892,34,1
8893,34,1
8894,34,1
8895,34,1
8896,34,1
8897,34,1
8898,34,1
8899,34,1
8900,34,1
8901,34,1
8902,34,1
8903,34,1
8904,34,1
8905,34,1
8906,34,1
8907,34,1
8908,34,1
8909,34,1
8910,34,1
8911,34,1
8912,34,1
8913,34,1
8914,34,1
8915,34,1
8916,34,1
8917,35,1
8918,35,1
8919,35,1
8920,35,1
8921,35,1
8922,34,1
8923,34,1
8924,34,1
8925,34,1
8926,34,1
8927,34,1
8928,34,1
8929,34,1
8930,34,1
8931,34,1
8932,34,1
8933,35,1
8934,35,1
8935,35,1
8936,35,1
8937,35,1
8938,35,1
8939,35,1
8940,35,1
8941,35,1
8942,35,1
8943,35,1
8944,35,1
8945,35,1
8946,35,1
8947,35,1
8948,35,1
8949,35,1
8950,35,1
8951,35,1
8952,35,1
8953,35,1
8954,35,1
8955,35,1
8956,35,1
8957,35,1
8958,35,1
8959,35,1
8960,35,1
8961,36,1
8962,36,1
8963,36,1
8964,36,1
8965,36,1
8966,36,1
8967,35,1
8968,35,1
8969,35,1
8970,35,1
8971,35,1
8972,35,1
8973,35,1
8974,35,1
8975,35,1
8976,35,1
8977,35,1
8978,35,1
8979,35,1
8980,35,1
8981,35,1
8982,35,1
8983,35,1
8984,35,1
8985,35,1
8986,35,1
8987,35,1
8988,34,1
8989,34,1
8990,34,1
8991,34,1
8992,34,1
8993,34,1
8994,34,1
8995,34,1
8996,34,1
8997,34,1
8998,34,1
8999,34,1
9000,34,1
9001,34,1
9002,34,1
9003,34,1
9004,34,1
9005,34,1
9006,34,1
9007,34,1
9008,34,1
9009,34,1
9010,34,1
9011,34,1
9012,34,1
9013,34,1
9014,34,1
9015,33,1
9016,33,1
9017,33,1
9018,33,1
9019,33,1
9020,33,1
9021,33,1
9022,33,1
9023,33,1
9024,33,1
9025,33,1
9026,33,1
9027,33,1
9028,33,1
9029,33,1
9030,33,1
9031,33,1
9032,33,1
9033,33,1
9034,33,1
9035,33,1
9036,33,1
9037,33,1
9038,33,1
9039,33,1
9040,33,1
9041,33,1
9042,33,1
9043,33,1
9044,33,1
9045,33,1
9046,33,1
9047,33,1
9048,32,1
9049,32,1
9050,32,1
9051,32,1
9052,32,1
9053,32,1
9054,32,1
9055,32,1
9056,32,1
9057,32,1
9058,32,1
9059,32,1
9060,32,1
9061,32,1
9062,32,1
9063,32,1
9064,32,1
9065,32,1
9066,32,1
9067,32,1
9068,32,1
9069,32,1
9070,32,1
9071,32,1
9072,32,1
9073,32,1
9074,32,1
9075,32,1
9076,32,1
9077,32,1
9078,32,1
9079,33,1
9080,33,1
9081,33,1
9082,33,1
9083,33,1
9084,33,1
9085,33,1
9086,33,1
9087,34,1
9088,34,1
9089,34,1
9090,34,1
9091,34,1
9092,34,1
9093,34,1
9094,34,1
9095,34,1
9096,34,1
9097,34,1
9098,34,1
9099,34,1
9100,34,1
9101,34,1
9102,34,1
9103,34,1
9104,34,1
9105,34,1
9106,34,1
9107,34,1
9108,34,1
9109,34,1
9110,34,1
9111,34,1
9112,35,1
9113,35,1
9114,34,1
9115,34,1
9116,34,1
9117,34,1
9118,34,1
9119,34,1
9120,33,1
9121,33,1
9122,33,1
9123,33,1
9124,33,1
9125,33,1
9126,33,1
9127,33,1
9128,33,1
9129,32,1
9130,32,1
9131,32,1
9132,32,1
9133,32,1
9134,32,1
9135,32,1
9136,32,1
9137,32,1
9138,32,1
9139,32,1
9140,32,1
9141,32,1
9142,32,1
9143,33,1
9144,33,1
9145,33,1
9146,33,1
9147,33,1
9148,33,1
9149,33,1
9150,33,1
9151,33,1
9152,33,1
9153,32,1
9154,32,1
9155,32,1
9156,32,1
9157,32,1
9158,32,1
9159,32,1
9160,32,1
9161,32,1
9162,32,1
9163,32,1
9164,32,1
9165,32,1
9166,32,1
9167,33,1
9168,33,1
9169,33,1
9170,33,1
9171,33,1
9172,33,1
9173,33,1
9174,33,1
9175,33,1
9176,33,1
9177,33,1
9178,33,1
9179,33,1
9180,33,1
9181,33,1
9182,33,1
9183,33,1
9184,33,1
9185,33,1
9186,32,1
9187,32,1
9188,32,1
9189,32,1
9190,32,1
9191,32,1
9192,32,1
9193,32,1
9194,32,1
9195,32,1
9196,32,1
9197,32,1
9198,32,1
9199,32,1
9200,32,1
9201,32,1
9202,32,1
9203,32,1
9204,32,1
9205,32,1
9206,32,1
9207,32,1
9208,32,1
9209,32,1
9210,32,1
9211,32,1
9212,32,1
9213,32,1
9214,32,1
9215,32,1
9216,32,1
9217,32,1
9218,32,1
9219,32,1
9220,32,1
9221,32,1
9222,32,1
9223,32,1
9224,32,1
9225,32,1
9226,32,1
9227,32,1
9228,32,1
9229,32,1
9230,32,1
9231,32,1
9232,32,1
9233,32,1
9234,32,1
9235,32,1
9236,32,1
9237,32,1
9238,32,1
9239,32,1
9240,32,1
9241,32,1
9242,32,1
9243,32,1
9244,32,1
9245,32,1
9246,32,1
9247,32,1
9248,32,1
9249,32,1
9250,33,1
9251,33,1
9252,32,1
9253,32,1
9254,32,1
9255,32,1
9256,32,1
9257,32,1
9258,32,1
9259,32,1
9260,32,1
9261,32,1
9262,32,1
9263,32,1
9264,32,1
9265,32,1
9266,32,1
9267,32,1
9268,32,1
9269,32,1
9270,32,1
9271,32,1
9272,32,1
9273,32,1
9274,32,1
9275,32,1
9276,32,1
9277,32,1
9278,32,1
9279,32,1
9280,32,1
9281,31,1
9282,31,1
9283,31,1
9284,31,1
9285,30,1
9286,30,1
9287,30,1
9288,30,1
9289,30,1
9290,30,1
9291,31,1
9292,31,1
9293,31,1
9294,31,1
9295,31,1
9296,31,1
9297,31,1
9298,31,1
9299,31,1
9300,31,1
9301,31,1
9302,31,1
9303,31,1
9304,31,1
9305,31,1
9306,31,1
9307,31,1
9308,31,1
9309,31,1
9310,31,1
9311,31,1
9312,31,1
9313,31,1
9314,31,1
9315,31,1
9316,31,1
9317,31,1
9318,31,1
9319,31,1
9320,31,1
9321,31,1
9322,31,1
9323,31,1
9324,31,1
9325,31,1
9326,31,1
9327,31,1
9328,31,1
9329,31,1
9330,31,1
9331,31,1
9332,31,1
9333,31,1
9334,31,1
9335,31,1
9336,31,1
9337,31,1
9338,31,1
9339,31,1
9340,31,1
9341,31,1
9342,31,1
9343,31,1
9344,31,1
9345,31,1
9346,31,1
9347,31,1
9348,31,1
9349,31,1
9350,31,1
9351,31,1
9352,31,1
9353,31,1
9354,31,1
9355,31,1
9356,31,1
9357,31,1
9358,31,1
9359,31,1
9360,31,1
9361,31,1
9362,31,1
9363,31,1
9364,31,1
9365,31,1
9366,31,1
9367,31,1
9368,31,1
9369,31,1
9370,31,1
9371,31,1
9372,31,1
9373,31,1
9374,31,1
9375,31,1
9376,31,1
9377,31,1
9378,31,1
9379,31,1
9380,31,1
9381,31,1
9382,31,1
9383,31,1
9384,31,1
9385,31,1
9386,31,1
9387,31,1
9388,32,1
9389,32,1
9390,32,1
9391,32,1
9392,31,1
9393,31,1
9394,31,1
9395,31,1
9396,31,1
9397,31,1
9398,31,1
9399,31,1
9400,31,1
9401,31,1
9402,31,1
9403,31,1
9404,31,1
9405,31,1
9406,31,1
9407,31,1
9408,31,1
9409,31,1
9410,31,1
9411,31,1
9412,31,1
9413,32,1
9414,32,1
9415,32,1
9416,32,1
9417,32,1
9418,32,1
9419,32,1
9420,32,1
9421,32,1
9422,32,1
9423,32,1
9424,32,1
9425,32,1
9426,32,1
9427,32,1
9428,32,1
9429,32,1
9430,32,1
9431,32,1
9432,32,1
9433,32,1
9434,32,1
9435,32,1
9436,32,1
9437,32,1
9438,32,1
9439,32,1
9440,32,1
9441,32,1
9442,32,1
9443,32,1
9444,32,1
9445,32,1
9446,32,1
9447,32,1
9448,32,1
9449,32,1
9450,32,1
9451,32,1
9452,32,1
9453,32,1
9454,32,1
9455,32,1
9456,32,1
9457,32,1
9458,32,1
9459,32,1
9460,32,1
9461,32,1
9462,32,1
9463,32,1
9464,32,1
9465,32,1
9466,32,1
9467,32,1
9468,32,1
9469,32,1
9470,32,1
9471,32,1
9472,32,1
9473,32,1
9474,32,1
9475,32,1
9476,32,1
9477,32,1
9478,32,1
9479,32,1
9480,32,1
9481,32,1
9482,32,1
9483,32,1
9484,32,1
9485,31,1
9486,31,1
9487,31,1
9488,31,1
9489,31,1
9490,31,1
9491,31,1
9492,31,1
9493,31,1
9494,31,1
9495,31,1
9496,31,1
9497,30,1
9498,30,1
9499,30,1
9500,30,1
9501,31,1
9502,31,1
9503,31,1
9504,31,1
9505,31,1
9506,31,1
9507,31,1
9508,31,1
9509,31,1
9510,31,1
9511,32,1
9512,32,1
9513,32,1
9514,32,1
9515,32,1
9516,32,1
9517,32,1
9518,31,1
9519,31,1
9520,31,1
9521,31,1
9522,31,1
9523,31,1
9524,31,1
9525,31,1
9526,31,1
9527,31,1
9528,31,1
9529,31,1
9530,31,1
9531,31,1
9532,31,1
9533,31,1
9534,31,1
9535,31,1
9536,31,1
9537,31,1
9538,31,1
9539,31,1
9540,31,1
9541,31,1
9542,31,1
9543,31,1
9544,31,1
9545,31,1
9546,31,1
9547,31,1
9548,31,1
9549,31,1
9550,31,1
9551,30,1
9552,30,1
9553,30,1
9554,30,1
9555,30,1
9556,30,1
9557,30,1
9558,30,1
9559,30,1
9560,30,1
9561,30,1
9562,30,1
9563,30,1
9564,30,1
9565,30,1
9566,30,1
9567,30,1
9568,30,1
9569,30,1
9570,30,1
9571,30,1
9572,30,1
9573,30,1
9574,30,1
9575,30,1
9576,30,1
9577,30,1
9578,30,1
9579,30,1
9580,30,1
9581,30,1
9582,30,1
9583,30,1
9584,29,1
9585,29,1
9586,29,1
9587,29,1
9588,29,1
9589,29,1
9590,29,1
9591,29,1
9592,28,1
9593,28,1
9594,28,1
9595,28,1
9596,28,1
9597,28,1
9598,28,1
9599,28,1
9600,28,1
9601,28,1
9602,28,1
9603,28,1
9604,28,1
9605,28,1
9606,28,1
9607,28,1
9608,28,1
9609,28,1
9610,28,1
9611,28,1
9612,28,1
9613,28,1
9614,28,1
9615,28,1
9616,28,1
9617,28,1
9618,28,1
9619,28,1
9620,28,1
9621,28,1
9622,28,1
9623,28,1
9624,28,1
9625,28,1
9626,28,1
9627,28,1
9628,28,1
9629,28,1
9630,28,1
9631,28,1
9632,27,1
9633,27,1
9634,27,1
9635,27,1
9636,27,1
9637,27,1
9638,27,1
9639,27,1
9640,27,1
9641,27,1
9642,27,1
9643,27,1
9644,27,1
9645,27,1
9646,27,1
9647,27,1
9648,27,1
9649,27,1
9650,27,1
9651,27,1
9652,27,1
9653,27,1
9654,27,1
9655,27,1
9656,27,1
9657,27,1
9658,27,1
9659,27,1
9660,27,1
9661,27,1
9662,27,1
9663,27,1
9664,27,1
9665,27,1
9666,27,1
9667,27,1
9668,27,1
9669,27,1
9670,27,1
9671,27,1
9672,27,1
9673,27,1
9674,27,1
9675,27,1
9676,27,1
9677,27,1
9678,27,1
9679,27,1
9680,27,1
9681,27,1
9682,27,1
9683,27,1
9684,27,1
9685,27,1
9686,27,1
9687,27,1
9688,27,1
9689,27,1
9690,27,1
9691,27,1
9692,28,1
9693,28,1
9694,28,1
9695,28,1
9696,28,1
9697,28,1
9698,28,1
9699,28,1
9700,28,1
9701,28,1
9702,28,1
9703,27,1
9704,27,1
9705,27,1
9706,27,1
9707,27,1
9708,27,1
9709,27,1
9710,27,1
9711,27,1
9712,27,1
9713,27,1
9714,27,1
9715,27,1
9716,27,1
9717,27,1
9718,27,1
9719,27,1
9720,27,1
9721,27,1
9722,27,1
9723,27,1
9724,27,1
9725,27,1
9726,27,1
9727,27,1
9728,27,1
9729,27,1
9730,27,1
9731,27,1
9732,27,1
9733,27,1
9734,27,1
9735,27,1
9736,27,1
9737,27,1
9738,27,1
9739,27,1
9740,27,1
9741,27,1
9742,27,1
9743,27,1
9744,27,1
9745,27,1
9746,27,1
9747,27,1
9748,27,1
9749,27,1
9750,27,1
9751,27,1
9752,27,1
9753,27,1
9754,27,1
9755,27,1
9756,27,1
9757,27,1
9758,26,1
9759,26,1
9760,26,1
9761,26,1
9762,26,1
9763,26,1
9764,26,1
9765,26,1
9766,26,1
9767,26,1
9768,26,1
9769,26,1
9770,26,1
9771,26,1
9772,26,1
9773,26,1
9774,26,1
9775,26,1
9776,26,1
9777,26,1
9778,26,1
9779,26,1
9780,26,1
9781,26,1
9782,26,1
9783,26,1
9784,26,1
9785,26,1
9786,26,1
9787,26,1
9788,26,1
9789,26,1
9790,26,1
9791,26,1
9792,26,1
9793,26,1
9794,26,1
9795,26,1
9796,26,1
9797,26,1
9798,26,1
9799,26,1
9800,26,1
9801,26,1
9802,26,1
9803,26,1
9804,25,1
9805,25,1
9806,25,1
9807,25,1
9808,25,1
9809,25,1
9810,25,1
9811,25,1
9812,25,1
9813,25,1
9814,25,1
9815,25,1
9816,25,1
9817,25,1
9818,25,1
9819,25,1
9820,25,1
9821,25,1
9822,25,1
9823,25,1
9824,25,1
9825,25,1
9826,25,1
9827,25,1
9828,25,1
9829,24,1
9830,24,1
9831,24,1
9832,24,1
9833,24,1
9834,24,1
9835,24,1
9836,24,1
9837,24,1
9838,24,1
9839,24,1
9840,24,1
9841,24,1
9842,24,1
9843,24,1
9844,25,1
9845,25,1
9846,25,1
9847,25,1
9848,25,1
9849,25,1
9850,25,1
9851,25,1
9852,25,1
9853,25,1
9854,25,1
9855,25,1
9856,25,1
9857,25,1
9858,25,1
9859,25,1
9860,25,1
9861,25,1
9862,25,1
9863,25,1
9864,25,1
9865,25,1
9866,25,1
9867,25,1
9868,25,1
9869,25,1
9870,25,1
9871,25,1
9872,25,1
9873,25,1
9874,25,1
9875,25,1
9876,25,1
9877,25,1
9878,25,1
9879,25,1
9880,25,1
9881,25,1
9882,25,1
9883,25,1
9884,25,1
9885,25,1
9886,26,1
9887,26,1
9888,26,1
9889,26,1
9890,26,1
9891,26,1
9892,26,1
9893,26,1
9894,26,1
9895,26,1
9896,26,1
9897,26,1
9898,26,1
9899,26,1
9900,26,1
9901,26,1
9902,26,1
9903,26,1
9904,26,1
9905,26,1
9906,26,1
9907,26,1
9908,26,1
9909,26,1
9910,26,1
9911,26,1
9912,26,1
9913,26,1
9914,26,1
9915,26,1
9916,26,1
9917,26,1
9918,26,1
9919,26,1
9920,26,1
9921,26,1
9922,26,1
9923,26,1
9924,26,1
9925,26,1
9926,26,1
9927,26,1
9928,26,1
9929,26,1
9930,26,1
9931,26,1
9932,26,1
9933,26,1
9934,26,1
9935,26,1
9936,26,1
9937,26,1
9938,26,1
9939,26,1
9940,26,1
9941,26,1
9942,26,1
9943,26,1
9944,26,1
9945,26,1
9946,26,1
9947,26,1
9948,26,1
9949,26,1
9950,26,1
9951,26,1
9952,26,1
9953,26,1
9954,26,1
9955,26,1
9956,26,1
9957,26,1
9958,26,1
9959,26,1
9960,26,1
9961,26,1
9962,26,1
9963,26,1
9964,26,1
9965,26,1
9966,26,1
9967,26,1
9968,26,1
9969,26,1
9970,26,1
9971,26,1
9972,27,1
9973,27,1
9974,27,1
9975,27,1
9976,27,1
9977,27,1
9978,27,1
9979,27,1
9980,27,1
9981,27,1
9982,27,1
9983,27,1
9984,27,1
9985,27,1
9986,27,1
9987,27,1
9988,27,1
9989,27,1
9990,27,1
9991,27,1
9992,28,1
9993,28,1
9994,28,1
9995,28,1
9996,28,1
9997,28,1
9998,28,1
9999,28,1
10000,28,1
10001,28,1
10002,28,1
10003,28,1
10004,28,1
10005,28,1
10006,28,1
10007,28,1
10008,28,1
10009,28,1
10010,28,1
10011,28,1
10012,28,1
10013,28,1
10014,28,1
10015,28,1
10016,28,1
10017,28,1
10018,28,1
10019,28,1
10020,28,1
10021,28,1
10022,28,1
10023,28,1
10024,28,1
10025,28,1
10026,28,1
10027,28,1
10028,28,1
10029,28,1
10030,28,1
10031,28,1
10032,28,1
10033,28,1
10034,28,1
10035,28,1
10036,28,1
10037,28,1
10038,28,1
10039,28,1
10040,28,1
10041,28,1
10042,28,1
10043,28,1
10044,28,1
10045,28,1
10046,28,1
10047,28,1
10048,28,1
10049,28,1
10050,28,1
10051,28,1
10052,28,1
10053,28,1
10054,28,1
10055,28,1
10056,28,1
10057,28,1
10058,28,1
10059,28,1
10060,28,1
10061,28,1
10062,28,1
10063,28,1
10064,28,1
10065,28,1
10066,28,1
10067,28,1
10068,28,1
10069,28,1
10070,28,1
10071,28,1
10072,28,1
10073,28,1
10074,28,1
10075,28,1
10076,28,1
10077,28,1
10078,28,1
10079,28,1
10080,28,1
10081,28,1
10082,28,1
10083,28,1
10084,28,1
10085,28,1
10086,28,1
10087,28,1
10088,28,1
10089,28,1
10090,28,1
10091,28,1
10092,27,1
10093,27,1
10094,27,1
10095,27,1
10096,27,1
10097,27,1
10098,27,1
10099,27,1
10100,27,1
10101,27,1
10102,28,1
10103,28,1
10104,28,1
10105,28,1
10106,28,1
10107,28,1
10108,28,1
10109,28,1
10110,28,1
10111,28,1
10112,28,1
10113,28,1
10114,28,1
10115,28,1
10116,28,1
10117,28,1
10118,28,1
10119,28,1
10120,27,1
10121,27,1
10122,27,1
10123,27,1
10124,27,1
10125,27,1
10126,27,1
10127,27,1
10128,27,1
10129,27,1
10130,27,1
10131,27,1
10132,27,1
10133,27,1
10134,27,1
10135,27,1
10136,27,1
10137,27,1
10138,27,1
10139,28,1
10140,28,1
10141,28,1
10142,28,1
10143,28,1
10144,28,1
10145,28,1
10146,28,1
10147,28,1
10148,28,1
10149,28,1
10150,28,1
10151,28,1
10152,28,1
10153,28,1
10154,28,1
10155,27,1
10156,27,1
10157,27,1
10158,27,1
10159,27,1
10160,27,1
10161,27,1
10162,27,1
10163,27,1
10164,27,1
10165,27,1
10166,28,1
10167,28,1
10168,28,1
10169,28,1
10170,28,1
10171,28,1
10172,28,1
10173,28,1
10174,28,1
10175,28,1
10176,28,1
10177,28,1
10178,28,1
10179,28,1
10180,28,1
10181,28,1
10182,28,1
10183,28,1
10184,28,1
10185,28,1
10186,28,1
10187,28,1
10188,28,1
10189,28,1
10190,28,1
10191,28,1
10192,28,1
10193,28,1
10194,28,1
10195,28,1
10196,28,1
10197,28,1
10198,28,1
10199,28,1
10200,28,1
10201,28,1
10202,28,1
10203,28,1
10204,28,1
10205,28,1
10206,27,1
10207,27,1
10208,27,1
10209,27,1
10210,27,1
10211,27,1
10212,27,1
10213,27,1
10214,27,1
10215,27,1
10216,27,1
10217,27,1
10218,27,1
10219,27,1
10220,27,1
10221,27,1
10222,27,1
10223,27,1
10224,27,1
10225,27,1
10226,27,1
10227,27,1
10228,27,1
10229,27,1
10230,27,1
10231,27,1
10232,27,1
10233,27,1
10234,27,1
10235,27,1
10236,27,1
10237,27,1
10238,27,1
10239,27,1
10240,27,1
10241,27,1
10242,27,1
10243,27,1
10244,27,1
10245,27,1
10246,27,1
10247,27,1
10248,27,1
10249,27,1
10250,27,1
10251,27,1
10252,27,1
10253,27,1
10254,27,1
10255,27,1
10256,27,1
10257,27,1
10258,27,1
10259,27,1
10260,27,1
10261,27,1
10262,27,1
10263,27,1
10264,28,1
10265,28,1
10266,28,1
10267,28,1
10268,28,1
10269,28,1
10270,28,1
10271,28,1
10272,28,1
10273,28,1
10274,28,1
10275,28,1
10276,28,1
10277,28,1
10278,28,1
10279,28,1
10280,29,1
10281,29,1
10282,29,1
10283,29,1
10284,29,1
10285,29,1
10286,29,1
10287,29,1
10288,29,1
10289,29,1
10290,29,1
10291,29,1
10292,29,1
10293,29,1
10294,29,1
10295,29,1
10296,29,1
10297,29,1
10298,29,1
10299,29,1
10300,29,1
10301,29,1
10302,29,1
10303,29,1
10304,29,1
10305,29,1
10306,29,1
10307,29,1
10308,29,1
10309,29,1
10310,29,1
10311,29,1
10312,30,1
10313,30,1
10314,30,1
10315,30,1
10316,30,1
10317,30,1
10318,30,1
10319,30,1
10320,30,1
10321,30,1
10322,30,1
10323,30,1
10324,30,1
10325,30,1
10326,30,1
10327,30,1
10328,30,1
10329,30,1
10330,30,1
10331,30,1
10332,30,1
10333,30,1
10334,30,1
10335,30,1
10336,30,1
10337,30,1
10338,30,1
10339,30,1
10340,30,1
10341,30,1
10342,30,1
10343,30,1
10344,30,1
10345,30,1
10346,30,1
10347,30,1
10348,30,1
10349,30,1
10350,30,1
10351,30,1
10352,30,1
10353,30,1
10354,30,1
10355,29,1
10356,29,1
10357,29,1
10358,29,1
10359,29,1
10360,29,1
10361,29,1
10362,29,1
10363,29,1
10364,30,1
10365,29,1
10366,30,1
10367,30,1
10368,31,1
10369,31,1
10370,31,1
10371,31,1
10372,31,1
10373,31,1
10374,31,1
10375,31,1
10376,31,1
10377,30,1
10378,30,1
10379,30,1
10380,30,1
10381,30,1
10382,30,1
10383,30,1
10384,30,1
10385,30,1
10386,30,1
10387,30,1
10388,30,1
10389,30,1
10390,30,1
10391,30,1
10392,30,1
10393,30,1
10394,30,1
10395,30,1
10396,30,1
10397,30,1
10398,30,1
10399,30,1
10400,30,1
10401,30,1
10402,30,1
10403,30,1
10404,30,1
10405,30,1
10406,30,1
10407,30,1
10408,30,1
10409,30,1
10410,30,1
10411,30,1
10412,30,1
10413,30,1
10414,30,1
10415,30,1
10416,30,1
10417,30,1
10418,30,1
10419,30,1
10420,30,1
10421,30,1
10422,30,1
10423,30,1
10424,30,1
10425,30,1
10426,30,1
10427,30,1
10428,30,1
10429,30,1
10430,30,1
10431,30,1
10432,30,1
10433,29,1
10434,29,1
10435,29,1
10436,29,1
10437,29,1
10438,29,1
10439,29,1
10440,29,1
10441,29,1
10442,30,1
10443,30,1
10444,30,1
10445,30,1
10446,30,1
10447,30,1
10448,30,1
10449,30,1
10450,30,1
10451,30,1
10452,30,1
10453,30,1
10454,30,1
10455,30,1
10456,29,1
10457,29,1
10458,29,1
10459,29,1
10460,29,1
10461,29,1
10462,29,1
10463,29,1
10464,29,1
10465,29,1
10466,29,1
10467,29,1
10468,29,1
10469,29,1
10470,29,1
10471,29,1
10472,29,1
10473,29,1
10474,29,1
10475,29,1
10476,29,1
10477,29,1
10478,29,1
10479,30,1
10480,30,1
10481,30,1
10482,30,1
10483,30,1
10484,30,1
10485,30,1
10486,30,1
10487,30,1
10488,30,1
10489,29,1
10490,29,1
10491,29,1
10492,29,1
10493,29,1
10494,29,1
10495,29,1
10496,29,1
10497,29,1
10498,29,1
10499,29,1
10500,29,1
10501,29,1
10502,29,1
10503,29,1
10504,29,1
10505,29,1
10506,29,1
10507,29,1
10508,29,1
10509,29,1
10510,29,1
10511,29,1
10512,29,1
10513,29,1
10514,29,1
10515,29,1
10516,29,1
10517,29,1
10518,29,1
10519,29,1
10520,29,1
10521,29,1
10522,29,1
10523,29,1
10524,29,1
10525,29,1
10526,29,1
10527,29,1
10528,29,1
10529,29,1
10530,29,1
10531,29,1
10532,29,1
10533,29,1
10534,29,1
10535,29,1
10536,29,1
10537,29,1
10538,29,1
10539,29,1
10540,29,1
10541,29,1
10542,29,1
10543,29,1
10544,28,1
10545,28,1
10546,28,1
10547,28,1
10548,28,1
10549,28,1
10550,28,1
10551,28,1
10552,28,1
10553,28,1
10554,28,1
10555,27,1
10556,27,1
10557,27,1
10558,27,1
10559,27,1
10560,27,1
10561,27,1
10562,27,1
10563,27,1
10564,27,1
10565,27,1
10566,27,1
10567,27,1
10568,27,1
10569,27,1
10570,27,1
10571,27,1
10572,27,1
10573,27,1
10574,27,1
10575,27,1
10576,28,1
10577,28,1
10578,28,1
10579,28,1
10580,28,1
10581,28,1
10582,28,1
10583,28,1
10584,28,1
10585,28,1
10586,28,1
10587,28,1
10588,28,1
10589,28,1
10590,28,1
10591,28,1
10592,28,1
10593,28,1
10594,28,1
10595,28,1
10596,28,1
10597,28,1
10598,28,1
10599,28,1
10600,28,1
10601,28,1
10602,28,1
10603,28,1
10604,28,1
10605,28,1
10606,28,1
10607,28,1
10608,28,1
10609,28,1
10610,29,1
10611,29,1
10612,29,1
10613,29,1
10614,29,1
10615,29,1
10616,29,1
10617,29,1
10618,29,1
10619,29,1
10620,29,1
10621,29,1
10622,29,1
10623,29,1
10624,29,1
10625,29,1
10626,29,1
10627,29,1
10628,29,1
10629,29,1
10630,29,1
10631,29,1
10632,29,1
10633,29,1
10634,29,1
10635,29,1
10636,29,1
10637,29,1
10638,29,1
10639,29,1
10640,29,1
10641,29,1
10642,29,1
10643,30,1
10644,30,1
10645,30,1
10646,30,1
10647,30,1
10648,30,1
10649,30,1
10650,30,1
10651,30,1
10652,30,1
10653,30,1
10654,30,1
10655,30,1
10656,30,1
10657,30,1
10658,30,1
10659,30,1
10660,30,1
10661,30,1
10662,30,1
10663,30,1
10664,30,1
10665,30,1
10666,29,1
10667,29,1
10668,29,1
10669,29,1
10670,29,1
10671,29,1
10672,29,1
10673,29,1
10674,29,1
10675,29,1
10676,29,1
10677,29,1
10678,28,1
10679,28,1
10680,28,1
10681,28,1
10682,28,1
10683,28,1
10684,28,1
10685,28,1
10686,28,1
10687,28,1
10688,28,1
10689,28,1
10690,28,1
10691,28,1
10692,28,1
10693,28,1
10694,28,1
10695,28,1
10696,28,1
10697,28,1
10698,28,1
10699,29,1
10700,29,1
10701,29,1
10702,29,1
10703,29,1
10704,29,1
10705,29,1
10706,29,1
10707,29,1
10708,29,1
10709,29,1
10710,29,1
10711,29,1
10712,29,1
10713,29,1
10714,29,1
10715,29,1
10716,29,1
10717,29,1
10718,29,1
10719,29,1
10720,29,1
10721,29,1
10722,29,1
10723,29,1
10724,29,1
10725,29,1
10726,29,1
10727,29,1
10728,29,1
10729,29,1
10730,29,1
10731,29,1
10732,29,1
10733,29,1
10734,30,1
10735,30,1
10736,30,1
10737,30,1
10738,30,1
10739,30,1
10740,30,1
10741,30,1
10742,30,1
10743,30,1
10744,30,1
10745,31,1
10746,31,1
10747,31,1
10748,31,1
10749,31,1
10750,31,1
10751,31,1
10752,31,1
10753,31,1
10754,31,1
10755,31,1
10756,31,1
10757,31,1
10758,31,1
10759,31,1
10760,31,1
10761,31,1
10762,31,1
10763,31,1
10764,31,1
10765,31,1
10766,31,1
10767,31,1
10768,31,1
10769,31,1
10770,31,1
10771,31,1
10772,31,1
10773,31,1
10774,32,1
10775,32,1
10776,32,1
10777,32,1
10778,32,1
10779,32,1
10780,32,1
10781,32,1
10782,33,1
10783,33,1
10784,33,1
10785,33,1
10786,33,1
10787,33,1
10788,33,1
10789,33,1
10790,33,1
10791,33,1
10792,33,1
10793,33,1
10794,33,1
10795,33,1
10796,33,1
10797,33,1
10798,33,1
10799,33,1
10800,33,1
10801,33,1
10802,33,1
10803,33,1
10804,33,1
10805,33,1
10806,33,1
10807,33,1
10808,33,1
10809,33,1
10810,33,1
10811,33,1
10812,32,1
10813,32,1
10814,32,1
10815,32,1
10816,32,1
10817,32,1
10818,32,1
10819,32,1
10820,32,1
10821,32,1
10822,32,1
10823,32,1
10824,32,1
10825,32,1
10826,32,1
10827,32,1
10828,32,1
10829,32,1
10830,32,1
10831,32,1
10832,32,1
10833,32,1
10834,32,1
10835,32,1
10836,32,1
10837,32,1
10838,32,1
10839,32,1
10840,32,1
10841,32,1
10842,32,1
10843,32,1
10844,32,1
10845,32,1
10846,32,1
10847,32,1
10848,32,1
10849,32,1
10850,32,1
10851,32,1
10852,32,1
10853,32,1
10854,32,1
10855,32,1
10856,32,1
10857,32,1
10858,32,1
10859,32,1
10860,32,1
10861,33,1
10862,33,1
10863,33,1
10864,33,1
10865,33,1
10866,33,1
10867,33,1
10868,33,1
10869,33,1
10870,33,1
10871,33,1
10872,33,1
10873,33,1
10874,33,1
10875,33,1
10876,33,1
10877,33,1
10878,33,1
10879,33,1
10880,33,1
10881,33,1
10882,33,1
10883,33,1
10884,33,1
10885,33,1
10886,33,1
10887,33,1
10888,33,1
10889,33,1
10890,33,1
10891,33,1
10892,33,1
10893,33,1
10894,33,1
10895,33,1
10896,33,1
10897,33,1
10898,33,1
10899,33,1
10900,33,1
10901,33,1
10902,33,1
10903,33,1
10904,33,1
10905,33,1
10906,33,1
10907,33,1
10908,33,1
10909,33,1
10910,34,1
10911,34,1
10912,34,1
10913,34,1
10914,34,1
10915,34,1
10916,34,1
10917,34,1
10918,34,1
10919,34,1
10920,34,1
10921,34,1
10922,34,1
10923,34,1
10924,34,1
10925,34,1
10926,34,1
10927,34,1
10928,34,1
10929,34,1
10930,34,1
10931,34,1
10932,34,1
10933,34,1
10934,34,1
10935,34,1
10936,34,1
10937,34,1
10938,34,1
10939,34,1
10940,34,1
10941,34,1
10942,34,1
10943,34,1
10944,34,1
10945,34,1
10946,34,1
10947,34,1
10948,34,1
10949,34,1
10950,34,1
10951,34,1
10952,34,1
10953,34,1
10954,34,1
10955,34,1
10956,34,1
10957,34,1
10958,34,1
10959,34,1
10960,34,1
10961,34,1
10962,34,1
10963,34,1
10964,34,1
10965,34,1
10966,34,1
10967,34,1
10968,35,1
10969,35,1
10970,35,1
10971,35,1
10972,35,1
10973,35,1
10974,34,1
10975,34,1
10976,34,1
10977,34,1
10978,34,1
10979,34,1
10980,34,1
10981,34,1
10982,34,1
10983,34,1
10984,34,1
10985,34,1
10986,34,1
10987,34,1
10988,34,1
10989,34,1
10990,34,1
10991,34,1
10992,34,1
10993,34,1
10994,34,1
10995,34,1
10996,34,1
10997,34,1
10998,34,1
10999,34,1
11000,34,1
11001,34,1
11002,34,1
11003,34,1
11004,34,1
11005,34,1
11006,34,1
11007,34,1
11008,34,1
11009,34,1
11010,34,1
11011,34,1
11012,34,1
11013,34,1
11014,34,1
11015,34,1
11016,34,1
11017,34,1
11018,34,1
11019,34,1
11020,34,1
11021,34,1
11022,34,1
11023,34,1
11024,34,1
11025,34,1
11026,34,1
11027,34,1
11028,34,1
11029,34,1
11030,34,1
11031,34,1
11032,34,1
11033,34,1
11034,34,1
11035,34,1
11036,34,1
11037,34,1
11038,34,1
11039,34,1
11040,34,1
11041,34,1
11042,34,1
11043,34,1
11044,34,1
11045,34,1
11046,34,1
11047,34,1
11048,34,1
11049,34,1
11050,34,1
11051,34,1
11052,34,1
11053,34,1
11054,34,1
11055,34,1
11056,34,1
11057,34,1
11058,34,1
11059,34,1
11060,34,1
11061,34,1
11062,34,1
11063,34,1
11064,33,1
11065,33,1
11066,33,1
11067,33,1
11068,33,1
11069,33,1
11070,33,1
11071,33,1
11072,33,1
11073,33,1
11074,33,1
11075,33,1
11076,33,1
11077,33,1
11078,33,1
11079,33,1
11080,33,1
11081,33,1
11082,33,1
11083,33,1
11084,33,1
11085,32,0
11086,32,0
11087,32,0
11088,32,0
11089,32,0
11090,32,0
11091,32,0
11092,32,0
11093,32,0
11094,32,0
11095,33,0
11096,33,0
11097,33,0
11098,33,0
11099,33,0
11100,33,0
11101,33,0
11102,33,0
11103,33,0
11104,33,0
11105,33,0
11106,33,0
11107,33,0
11108,33,0
11109,33,0
11110,33,0
11111,33,0
11112,33,0
11113,33,0
11114,33,0
11115,33,0
11116,33,0
11117,33,0
11118,32,0
11119,32,0
11120,32,0
11121,32,0
11122,32,0
11123,33,0
11124,33,0
11125,33,0
11126,33,0
11127,33,0
11128,33,0
11129,33,0
11130,33,0
11131,33,0
11132,33,0
11133,33,0
11134,33,0
11135,33,0
11136,33,0
11137,33,0
11138,33,0
11139,33,0
11140,33,0
11141,32,0
11142,32,0
11143,32,0
11144,32,0
11145,32,0
11146,32,0
11147,32,0
11148,32,0
11149,32,0
11150,32,0
11151,32,0
11152,32,0
11153,32,0
11154,32,0
11155,32,0
11156,32,0
11157,32,0
11158,32,0
11159,32,0
11160,32,0
11161,32,0
11162,32,0
11163,32,0
11164,32,0
11165,32,0
11166,32,0
11167,32,0
11168,32,0
11169,32,0
11170,32,0
11171,32,0
11172,32,0
11173,32,0
11174,32,0
11175,32,0
11176,32,0
11177,33,0
11178,33,0
11179,33,0
11180,33,0
11181,33,0
11182,33,0
11183,33,0
11184,33,0
11185,33,0
11186,33,0
11187,33,0
11188,33,0
11189,33,0
11190,33,0
11191,33,0
11192,33,0
11193,33,0
11194,33,0
11195,33,0
11196,33,0
11197,32,0
11198,31,0
11199,31,0
11200,31,0
11201,31,0
11202,31,0
11203,31,0
11204,31,0
11205,31,0
11206,31,0
11207,31,0
11208,31,0
11209,31,0
11210,31,0
11211,31,0
11212,31,0
11213,31,0
11214,31,0
11215,31,0
11216,31,0
11217,31,0
11218,31,0
11219,31,0
11220,31,0
11221,31,0
11222,31,0
11223,31,0
11224,31,0
11225,31,0
11226,31,0
11227,31,0
11228,31,0
11229,31,0
11230,31,0
11231,31,0
11232,31,0
11233,31,0
11234,31,0
11235,31,0
11236,31,0
11237,31,0
11238,31,0
11239,31,0
11240,31,0
11241,31,0
11242,31,0
11243,31,0
11244,31,0
11245,31,0
11246,31,0
11247,31,0
11248,31,0
11249,31,0
11250,31,0
11251,31,0
11252,31,0
11253,31,0
11254,31,0
11255,31,0
11256,31,0
11257,31,0
11258,31,0
11259,31,0
11260,31,0
11261,31,0
11262,31,0
11263,31,0
11264,30,0
11265,30,0
11266,30,0
11267,30,0
11268,30,0
11269,30,0
11270,30,0
11271,30,0
11272,30,0
11273,30,0
11274,30,0
11275,30,0
11276,30,0
11277,30,0
11278,30,0
11279,30,0
11280,30,0
11281,30,0
11282,30,0
11283,30,0
11284,30,0
11285,30,0
11286,30,0
11287,30,0
11288,30,0
11289,30,0
11290,30,0
11291,30,0
11292,30,0
11293,30,0
11294,30,0
11295,30,0
11296,30,0
11297,30,0
11298,30,0
11299,30,0
11300,30,0
11301,30,0
11302,30,0
11303,30,0
11304,30,0
11305,30,0
11306,30,0
11307,30,0
11308,30,0
11309,30,0
11310,30,0
11311,30,0
11312,30,0
11313,30,0
11314,30,0
11315,30,0
11316,30,0
11317,30,0
11318,30,0
11319,30,0
11320,30,0
11321,30,0
11322,30,0
11323,30,0
11324,31,0
11325,31,0
11326,31,0
11327,31,0
11328,31,0
11329,31,0
11330,31,0
11331,31,0
11332,30,0
11333,30,0
11334,30,0
11335,30,0
11336,30,0
11337,30,0
11338,30,0
11339,30,0
11340,30,0
11341,30,0
11342,30,0
11343,30,0
11344,30,0
11345,30,0
11346,30,0
11347,30,0
11348,31,0
11349,31,0
11350,31,0
11351,31,0
11352,31,0
11353,31,0
11354,31,0
11355,31,0
11356,31,0
11357,31,0
11358,31,0
11359,31,0
11360,31,0
11361,31,0
11362,32,1
11363,32,1
11364,31,1
11365,31,1
11366,31,1
11367,31,1
11368,31,1
11369,31,1
11370,31,1
11371,31,1
11372,31,1
11373,31,1
11374,31,1
11375,31,1
11376,31,1
11377,31,1
11378,31,1
11379,31,1
11380,31,1
11381,31,1
11382,31,1
11383,31,1
11384,31,1
11385,31,1
11386,31,1
11387,31,1
11388,31,1
11389,31,1
11390,31,1
11391,31,1
11392,31,1
11393,31,1
11394,31,1
11395,31,1
11396,31,1
11397,31,1
11398,31,1
11399,31,1
11400,31,1
11401,31,1
11402,31,1
11403,31,1
11404,31,1
11405,31,1
11406,31,1
11407,31,1
11408,31,1
11409,32,1
11410,32,1
11411,32,1
11412,32,1
11413,32,1
11414,32,1
11415,32,1
11416,32,1
11417,32,1
11418,32,1
11419,32,1
11420,32,1
11421,32,1
11422,32,1
11423,32,1
11424,32,1
11425,32,1
11426,32,1
11427,32,1
11428,32,1
11429,32,1
11430,32,1
11431,32,1
11432,32,1
11433,32,1
11434,32,1
11435,32,1
11436,32,1
11437,32,1
11438,32,1
11439,32,1
11440,32,1
11441,32,1
11442,32,1
11443,32,1
11444,32,1
11445,32,1
11446,32,1
11447,32,1
11448,32,1
11449,32,1
11450,32,1
11451,32,1
11452,32,1
11453,32,1
11454,32,1
11455,32,1
11456,32,1
11457,32,1
11458,32,1
11459,32,1
11460,32,1
11461,32,1
11462,32,1
11463,32,1
11464,32,1
11465,32,1
11466,32,1
11467,32,1
11468,32,1
11469,32,1
11470,32,1
11471,32,1
11472,32,1
11473,32,1
11474,32,1
11475,31,1
11476,31,1
11477,31,1
11478,31,1
11479,31,1
11480,31,1
11481,31,1
11482,31,1
11483,31,1
11484,31,1
11485,31,1
11486,31,1
11487,31,1
11488,31,1
11489,31,1
11490,31,1
11491,31,1
11492,31,1
11493,31,1
11494,31,1
11495,31,1
11496,31,1
11497,31,1
11498,31,1
11499,31,1
11500,31,1
11501,31,1
11502,31,1
11503,31,1
11504,31,1
11505,31,1
11506,31,1
11507,31,1
11508,31,1
11509,31,1
11510,31,1
11511,31,1
11512,31,1
11513,31,1
11514,31,1
11515,31,1
11516,31,1
11517,31,1
11518,31,1
11519,31,1
11520,31,1
11521,31,1
11522,31,1
11523,31,1
11524,31,1
11525,31,1
11526,31,1
11527,31,1
11528,31,1
11529,31,1
11530,31,1
11531,31,1
11532,31,1
11533,31,1
11534,31,1
11535,31,1
11536,31,1
11537,31,1
11538,31,1
11539,31,1
11540,31,1
11541,31,1
11542,31,1
11543,31,1
11544,31,1
11545,31,1
11546,31,1
11547,31,1
11548,32,1
11549,32,1
11550,32,1
11551,32,1
11552,32,1
11553,32,1
11554,32,1
11555,32,1
11556,32,1
11557,32,1
11558,32,1
11559,32,1
11560,32,1
11561,32,1
11562,32,1
11563,32,1
11564,32,1
11565,32,1
11566,32,1
11567,32,1
11568,32,1
11569,32,1
11570,32,1
11571,32,1
11572,32,1
11573,32,1
11574,32,1
11575,33,1
11576,33,1
11577,33,1
11578,34,1
11579,34,1
11580,34,1
11581,34,1
11582,34,1
11583,34,1
11584,34,1
11585,34,1
11586,34,1
11587,34,1
11588,34,1
11589,34,1
11590,34,1
11591,34,1
11592,34,1
11593,34,1
11594,34,1
11595,34,1
11596,34,1
11597,34,1
11598,34,1
11599,34,1
11600,34,1
11601,34,1
11602,35,1
11603,35,1
11604,35,1
11605,35,1
11606,35,1
11607,35,1
11608,35,1
11609,35,1
11610,35,1
11611,35,1
11612,36,1
11613,36,1
11614,36,1
11615,36,1
11616,36,1
11617,36,1
11618,36,1
11619,36,1
11620,37,1
11621,37,1
11622,37,1
11623,37,1
11624,37,1
11625,37,1
11626,37,1
11627,37,1
11628,37,1
11629,37,1
11630,37,1
11631,37,1
11632,37,1
11633,37,1
11634,36,1
11635,36,1
11636,36,1
11637,36,1
11638,36,1
11639,36,1
11640,36,1
11641,36,1
11642,36,1
11643,36,1
11644,36,1
11645,36,1
11646,36,1
11647,36,1
11648,36,1
11649,36,1
11650,36,1
11651,36,1
11652,36,1
11653,36,1
11654,36,1
11655,36,1
11656,36,1
11657,36,1
11658,36,1
11659,36,1
11660,36,1
11661,36,1
11662,36,1
11663,36,1
11664,36,1
11665,36,1
11666,36,1
11667,36,1
11668,36,1
11669,36,1
11670,36,1
11671,36,1
11672,36,1
11673,36,1
11674,36,1
11675,36,1
11676,36,1
11677,36,1
11678,36,1
11679,36,1
11680,36,1
11681,36,1
11682,36,1
11683,36,1
11684,36,1
11685,36,1
11686,36,1
11687,36,1
11688,36,1
11689,36,1
11690,36,1
11691,36,1
11692,36,1
11693,36,1
11694,36,1
11695,36,1
11696,36,1
11697,36,1
11698,36,1
11699,36,1
11700,36,1
11701,36,1
11702,36,1
11703,36,1
11704,36,1
11705,36,1
11706,36,1
11707,36,1
11708,36,1
11709,36,1
11710,36,1
11711,36,1
11712,36,1
11713,36,1
11714,37,1
11715,37,1
11716,37,1
11717,37,1
11718,37,1
11719,37,1
11720,37,1
11721,37,1
11722,37,1
11723,37,1
11724,37,1
11725,37,1
11726,37,1
11727,37,1
11728,37,1
11729,37,1
11730,37,1
11731,37,1
11732,37,1
11733,37,1
11734,37,1
11735,37,1
11736,38,1
11737,38,1
11738,38,1
11739,38,1
11740,38,1
11741,38,1
11742,38,1
11743,38,1
11744,38,1
11745,38,1
11746,38,1
11747,38,1
11748,38,1
11749,38,1
11750,38,1
11751,38,1
11752,38,1
11753,38,1
11754,38,1
11755,38,1
11756,38,1
11757,38,1
11758,38,1
11759,38,1
11760,38,1
11761,38,1
11762,38,1
11763,38,1
11764,38,1
11765,38,1
11766,38,1
11767,38,1
11768,38,1
11769,38,1
11770,38,1
11771,38,1
11772,38,1
11773,38,1
11774,38,1
11775,38,1
11776,38,1
11777,37,1
11778,37,1
11779,37,1
11780,37,1
11781,37,1
11782,37,1
11783,37,1
11784,37,1
11785,37,1
11786,37,1
11787,37,1
11788,37,1
11789,37,1
11790,37,1
11791,37,1
11792,37,1
11793,37,1
11794,37,1
11795,37,1
11796,37,1
11797,37,1
11798,37,1
11799,37,1
11800,37,1
11801,37,1
11802,37,1
11803,37,1
11804,37,1
11805,37,1
11806,37,1
11807,37,1
11808,37,1
11809,37,1
11810,36,1
11811,36,1
11812,36,1
11813,36,1
11814,36,1
11815,36,1
11816,36,1
11817,36,1
11818,36,1
11819,36,1
11820,36,1
11821,36,1
11822,36,1
11823,36,1
11824,36,1
11825,36,1
11826,36,1
11827,36,1
11828,36,1
11829,36,1
11830,36,1
11831,36,1
11832,36,1
11833,36,1
11834,36,1
11835,36,1
11836,36,1
11837,37,1
11838,37,1
11839,37,1
11840,37,1
11841,37,1
11842,37,1
11843,37,1
11844,37,1
11845,37,1
11846,37,1
11847,37,1
11848,37,1
11849,37,1
11850,37,1
11851,37,1
11852,37,1
11853,37,1
11854,37,1
11855,37,1
11856,37,1
11857,37,1
11858,37,1
11859,37,1
11860,37,1
11861,37,1
11862,37,1
11863,37,1
11864,37,1
11865,37,1
11866,37,1
11867,37,1
11868,37,1
11869,37,1
11870,37,1
11871,37,1
11872,37,1
11873,37,1
11874,37,1
11875,37,1
11876,37,1
11877,37,1
11878,37,1
11879,37,1
11880,37,1
11881,37,1
11882,38,1
11883,38,1
11884,38,1
11885,38,1
11886,38,1
11887,38,1
11888,38,1
11889,38,1
11890,38,1
11891,38,1
11892,38,1
11893,38,1
11894,38,1
11895,38,1
11896,38,1
11897,38,1
11898,38,1
11899,38,1
11900,38,1
11901,38,1
11902,38,1
11903,38,1
11904,37,1
11905,37,1
11906,37,1
11907,37,1
11908,37,1
11909,38,1
11910,38,1
11911,38,1
11912,38,1
11913,39,1
11914,39,1
11915,39,1
11916,39,1
11917,39,1
11918,39,1
11919,39,1
11920,39,1
11921,39,1
11922,39,1
11923,39,1
11924,38,1
11925,38,1
11926,38,1
11927,38,1
11928,38,1
11929,38,1
11930,38,1
11931,38,1
11932,38,1
11933,38,1
11934,38,1
11935,38,1
11936,38,1
11937,38,1
11938,38,1
11939,38,1
11940,38,1
11941,38,1
11942,38,1
11943,38,1
11944,38,1
11945,38,1
11946,38,1
11947,38,1
11948,38,1
11949,38,1
11950,38,1
11951,38,1
11952,38,1
11953,38,1
11954,38,1
11955,38,1
11956,38,1
11957,38,1
11958,38,1
11959,38,1
11960,38,1
11961,38,1
11962,38,1
11963,38,1
11964,38,1
11965,38,1
11966,38,1
11967,38,1
11968,39,1
11969,39,1
11970,40,1
11971,40,1
11972,40,1
11973,41,1
11974,41,1
11975,41,1
11976,41,1
11977,41,1
11978,41,1
11979,41,1
11980,41,1
11981,41,1
11982,41,1
11983,41,1
11984,41,1
11985,41,1
11986,41,1
11987,41,1
11988,41,1
11989,41,1
11990,41,1
11991,41,1
11992,41,1
11993,41,1
11994,41,1
11995,41,1
11996,41,1
11997,41,1
11998,41,1
11999,41,1
12000,41,1
12001,41,1
12002,41,1
12003,41,1
12004,41,1
12005,41,1
12006,41,1
12007,41,1
12008,41,1
12009,41,1
12010,41,1
12011,41,1
12012,41,1
12013,41,1
12014,41,1
12015,41,1
12016,41,1
12017,41,1
12018,41,1
12019,41,1
12020,41,1
12021,41,1
12022,41,1
12023,40,1
12024,40,1
12025,40,1
12026,40,1
12027,40,1
12028,40,1
12029,40,1
12030,40,1
12031,40,1
12032,40,1
12033,40,1
12034,40,1
12035,40,1
12036,40,1
12037,40,1
12038,40,1
12039,40,1
12040,40,1
12041,40,1
12042,40,1
12043,40,1
12044,40,1
12045,40,1
12046,40,1
12047,40,1
12048,40,1
12049,40,1
12050,40,1
12051,40,1
12052,40,1
12053,40,1
12054,40,1
12055,40,1
12056,40,1
12057,40,1
12058,40,1
12059,40,1
12060,40,1
12061,40,1
12062,40,1
12063,40,1
12064,40,1
12065,40,1
12066,40,1
12067,40,1
12068,40,1
12069,40,1
12070,40,1
12071,40,1
12072,40,1
12073,40,1
12074,40,1
12075,40,1
12076,40,1
12077,40,1
12078,40,1
12079,40,1
12080,40,1
12081,40,1
12082,40,1
12083,40,1
12084,40,1
12085,40,1
12086,40,1
12087,40,1
12088,40,1
12089,40,1
12090,40,1
12091,40,1
12092,40,1
12093,40,1
12094,40,1
12095,40,1
12096,40,1
12097,40,1
12098,40,1
12099,40,1
12100,40,1
12101,41,1
12102,41,1
12103,41,1
12104,41,1
12105,41,1
12106,41,1
12107,41,1
12108,41,1
12109,41,1
12110,41,1
12111,41,1
12112,41,1
12113,41,1
12114,41,1
12115,41,1
12116,41,1
12117,41,1
12118,41,1
12119,41,1
12120,41,1
12121,41,1
12122,41,1
12123,41,1
12124,41,1
12125,40,1
12126,40,1
12127,40,1
12128,40,1
12129,40,1
12130,40,1
12131,40,1
12132,40,1
12133,40,1
12134,40,1
12135,40,1
12136,40,1
12137,40,1
12138,40,1
12139,40,1
12140,40,1
12141,40,1
12142,40,1
12143,40,1
12144,40,1
12145,40,1
12146,40,1
12147,40,1
12148,40,1
12149,40,1
12150,40,1
12151,40,1
12152,40,1
12153,40,1
12154,40,1
12155,40,1
12156,40,1
12157,40,1
12158,39,1
12159,39,1
12160,39,1
12161,39,1
12162,39,1
12163,39,1
12164,39,1
12165,39,1
12166,39,1
12167,39,1
12168,39,1
12169,39,1
12170,39,1
12171,39,1
12172,40,1
12173,40,1
12174,40,1
12175,40,1
12176,40,1
12177,40,1
12178,40,1
12179,41,1
12180,41,1
12181,41,1
12182,41,1
12183,41,1
12184,41,1
12185,41,1
12186,41,1
12187,41,1
12188,41,1
12189,41,1
12190,41,1
12191,41,1
12192,41,1
12193,41,1
12194,41,1
12195,41,1
12196,41,1
12197,41,1
12198,41,1
12199,41,1
12200,41,1
12201,41,1
12202,41,1
12203,41,1
12204,41,1
12205,41,1
12206,41,1
12207,41,1
12208,41,1
12209,42,1
12210,42,1
12211,42,1
12212,42,1
12213,42,1
12214,42,1
12215,42,1
12216,42,1
12217,42,1
12218,42,1
12219,42,1
12220,42,1
12221,42,1
12222,42,1
12223,42,1
12224,42,1
12225,42,1
12226,42,1
12227,42,1
12228,43,1
12229,43,1
12230,43,1
12231,43,1
12232,43,1
12233,43,1
12234,42,1
12235,42,1
12236,42,1
12237,42,1
12238,41,1
12239,41,1
12240,41,1
12241,41,1
12242,41,1
12243,41,1
12244,41,1
12245,41,1
12246,41,1
12247,41,1
12248,41,1
12249,41,1
12250,41,1
12251,41,1
12252,42,1
12253,42,1
12254,42,1
12255,42,1
12256,42,1
12257,42,1
12258,42,1
12259,42,1
12260,42,1
12261,42,1
12262,42,1
12263,42,1
12264,42,1
12265,42,1
12266,42,1
12267,42,1
12268,42,1
12269,42,1
12270,42,1
12271,42,1
12272,42,1
12273,42,1
12274,42,1
12275,42,1
12276,42,1
12277,42,1
12278,42,1
12279,42,1
12280,42,1
12281,42,1
12282,42,1
12283,42,1
12284,42,1
12285,42,1
12286,42,1
12287,42,1
12288,42,1
12289,42,1
12290,42,1
12291,42,1
12292,42,1
12293,42,1
12294,42,1
12295,42,1
12296,42,1
12297,43,1
12298,43,1
12299,43,1
12300,43,1
12301,43,1
12302,43,1
12303,43,1
12304,43,1
12305,43,1
12306,43,1
12307,43,1
12308,43,1
12309,43,1
12310,43,1
12311,43,1
12312,43,1
12313,43,1
12314,43,1
12315,43,1
12316,43,1
12317,43,1
12318,43,1
12319,43,1
12320,43,1
12321,43,1
12322,43,1
12323,43,1
12324,43,1
12325,43,1
12326,43,1
12327,43,1
12328,43,1
12329,43,1
12330,43,1
12331,43,1
12332,43,1
12333,43,1
12334,43,1
12335,43,1
12336,43,1
12337,43,1
12338,43,1
12339,43,1
12340,43,1
12341,43,1
12342,43,1
12343,43,1
12344,43,1
12345,43,1
12346,43,1
12347,43,1
12348,43,1
12349,43,1
12350,43,1
12351,43,1
12352,43,1
12353,43,1
12354,43,1
12355,43,1
12356,43,1
12357,43,1
12358,43,1
12359,43,1
12360,43,1
12361,43,1
12362,43,1
12363,43,1
12364,43,1
12365,43,1
12366,42,1
12367,42,1
12368,42,1
12369,42,1
12370,42,1
12371,42,1
12372,42,1
12373,42,1
12374,42,1
12375,42,1
12376,42,1
12377,42,1
12378,42,1
12379,42,1
12380,42,1
12381,42,1
12382,42,1
12383,42,1
12384,42,1
12385,42,1
12386,42,1
12387,42,1
12388,42,1
12389,42,1
12390,42,1
12391,42,1
12392,42,1
12393,42,1
12394,42,1
12395,42,1
12396,42,1
12397,42,1
12398,42,1
12399,42,1
12400,42,1
12401,42,1
12402,42,1
12403,42,1
12404,42,1
12405,42,1
12406,41,1
12407,41,1
12408,41,1
12409,41,1
12410,41,1
12411,41,1
12412,41,1
12413,41,1
12414,41,1
12415,41,1
12416,41,1
12417,41,1
12418,41,1
12419,41,1
12420,41,1
12421,41,1
12422,41,1
12423,41,1
12424,41,1
12425,41,1
12426,41,1
12427,41,1
12428,41,1
12429,41,1
12430,41,1
12431,41,1
12432,41,1
12433,41,1
12434,41,1
12435,41,1
12436,41,1
12437,41,1
12438,41,1
12439,40,1
12440,40,1
12441,40,1
12442,40,1
12443,40,1
12444,40,1
12445,40,1
12446,40,1
12447,40,1
12448,40,1
12449,40,1
12450,40,1
12451,40,1
12452,40,1
12453,40,1
12454,40,1
12455,40,1
12456,40,1
12457,40,1
12458,41,1
12459,41,1
12460,41,1
12461,41,1
12462,41,1
12463,41,1
12464,41,1
12465,41,1
12466,41,1
12467,41,1
12468,41,1
12469,41,1
12470,41,1
12471,41,1
12472,41,1
12473,41,1
12474,41,1
12475,41,1
12476,41,1
12477,41,1
12478,41,1
12479,41,1
12480,41,1
12481,41,1
12482,41,1
12483,41,1
12484,41,1
12485,41,1
12486,41,1
12487,41,1
12488,41,1
12489,41,1
12490,41,1
12491,41,1
12492,41,1
12493,40,1
12494,40,1
12495,40,1
12496,40,1
12497,40,1
12498,39,1
12499,39,1
12500,39,1
12501,39,1
12502,39,1
12503,39,1
12504,39,1
12505,39,1
12506,39,1
12507,39,1
12508,39,1
12509,39,1
12510,39,1
12511,39,1
12512,39,1
12513,39,1
12514,39,1
12515,39,1
12516,39,1
12517,39,1
12518,39,1
12519,39,1
12520,39,1
12521,39,1
12522,39,1
12523,39,1
12524,39,1
12525,39,1
12526,39,1
12527,39,1
12528,39,1
12529,39,1
12530,39,1
12531,39,1
12532,39,1
12533,39,1
12534,39,1
12535,39,1
12536,39,1
12537,39,1
12538,39,1
12539,39,1
12540,39,1
12541,38,1
12542,38,1
12543,38,1
12544,38,1
12545,38,1
12546,38,1
12547,38,1
12548,38,1
12549,38,1
12550,38,1
12551,38,1
12552,38,1
12553,38,1
12554,38,1
12555,38,1
12556,38,1
12557,38,1
12558,38,1
12559,38,1
12560,38,1
12561,38,1
12562,38,1
12563,38,1
12564,38,1
12565,38,1
12566,38,1
12567,38,1
12568,38,1
12569,38,1
12570,38,1
12571,38,1
12572,38,1
12573,38,1
12574,38,1
12575,38,1
12576,38,1
12577,38,1
12578,38,1
12579,38,1
12580,38,1
12581,38,1
12582,38,1
12583,38,1
12584,38,1
12585,38,1
12586,38,1
12587,38,1
12588,38,1
12589,38,1
12590,38,1
12591,38,1
12592,38,1
12593,38,1
12594,38,1
12595,38,1
12596,38,1
12597,38,1
12598,38,1
12599,38,1
12600,38,1
12601,38,1
12602,38,1
12603,38,1
12604,38,1
12605,38,1
12606,38,1
12607,38,1
12608,38,1
12609,38,1
12610,39,1
12611,39,1
12612,39,1
12613,39,1
12614,39,1
12615,39,1
12616,39,1
12617,39,1
12618,39,1
12619,39,1
12620,39,1
12621,39,1
12622,39,1
12623,39,1
12624,39,1
12625,39,1
12626,39,1
12627,39,1
12628,39,1
12629,39,1
12630,39,1
12631,39,1
12632,39,1
12633,39,1
12634,39,1
12635,39,1
12636,39,1
12637,39,1
12638,39,1
12639,39,1
12640,39,1
12641,39,1
12642,39,1
12643,39,1
12644,39,1
12645,39,1
12646,39,1
12647,39,1
12648,39,1
12649,39,1
12650,39,1
12651,39,1
12652,39,1
12653,39,1
12654,40,1
12655,40,1
12656,40,1
12657,40,1
12658,40,1
12659,40,1
12660,40,1
12661,40,1
12662,40,1
12663,39,1
12664,39,1
12665,39,1
12666,39,1
12667,39,1
12668,39,1
12669,39,1
12670,39,1
12671,39,1
12672,39,1
12673,39,1
12674,39,1
12675,39,1
12676,39,1
12677,39,1
12678,39,1
12679,39,1
12680,39,1
12681,39,1
12682,39,1
12683,39,1
12684,39,1
12685,39,1
12686,39,1
12687,39,1
12688,39,1
12689,39,1
12690,39,1
12691,39,1
12692,39,1
12693,39,1
12694,39,1
12695,39,1
12696,39,1
12697,39,1
12698,39,1
12699,39,1
12700,39,1
12701,39,1
12702,39,1
12703,39,1
12704,39,1
12705,39,1
12706,39,1
12707,39,1
12708,40,1
12709,40,1
12710,40,1
12711,40,1
12712,40,1
12713,40,1
12714,40,1
12715,40,1
12716,40,1
12717,40,1
12718,40,1
12719,40,1
12720,40,1
12721,39,1
12722,39,1
12723,39,1
12724,39,1
12725,39,1
12726,39,1
12727,39,1
12728,39,1
12729,38,1
12730,38,1
12731,38,1
12732,38,1
12733,38,1
12734,38,1
12735,38,1
12736,38,1
12737,38,1
12738,38,1
12739,38,1
12740,38,1
12741,38,1
12742,38,1
12743,38,1
12744,38,1
12745,38,1
12746,38,1
12747,38,1
12748,38,1
12749,38,1
12750,38,1
12751,39,1
12752,39,1
12753,39,1
12754,38,1
12755,38,1
12756,38,1
12757,38,1
12758,38,1
12759,38,1
12760,38,1
12761,38,1
12762,37,1
12763,37,1
12764,37,1
12765,37,1
12766,37,1
12767,37,1
12768,37,1
12769,37,1
12770,37,1
12771,37,1
12772,37,1
12773,37,1
12774,38,1
12775,38,1
12776,38,1
12777,38,1
12778,38,1
12779,38,1
12780,38,1
12781,38,1
12782,38,1
12783,38,1
12784,38,1
12785,38,1
12786,38,1
12787,38,1
12788,38,1
12789,38,1
12790,38,1
12791,38,1
12792,38,1
12793,38,1
12794,38,1
12795,37,1
12796,37,1
12797,37,1
12798,37,1
12799,37,1
12800,37,1
12801,37,1
12802,37,1
12803,37,1
12804,37,1
12805,37,1
12806,37,1
12807,37,1
12808,37,1
12809,37,1
12810,37,1
12811,37,1
12812,37,1
12813,37,1
12814,37,1
12815,37,1
12816,37,1
12817,37,1
12818,37,1
12819,37,1
12820,37,1
12821,37,1
12822,37,1
12823,37,1
12824,37,1
12825,37,1
12826,37,1
12827,37,1
12828,37,1
12829,37,1
12830,37,1
12831,37,1
12832,37,1
12833,37,1
12834,37,1
12835,37,1
12836,37,1
12837,37,1
12838,37,1
12839,37,1
12840,37,1
12841,37,1
12842,37,1
12843,37,1
12844,37,1
12845,37,1
12846,37,1
12847,37,1
12848,37,1
12849,37,1
12850,37,1
12851,37,1
12852,37,1
12853,37,1
12854,37,1
12855,37,1
12856,37,1
12857,37,1
12858,37,1
12859,37,1
12860,37,1
12861,37,1
12862,37,1
12863,37,1
12864,37,1
12865,37,1
12866,37,1
12867,37,1
12868,37,1
12869,37,1
12870,37,1
12871,37,1
12872,37,1
12873,37,1
12874,37,1
12875,37,1
12876,37,1
12877,37,1
12878,37,1
12879,37,1
12880,37,1
12881,37,1
12882,37,1
12883,37,1
12884,37,1
12885,37,1
12886,37,1
12887,37,1
12888,37,1
12889,37,1
12890,37,1
12891,37,1
12892,37,1
12893,37,1
12894,37,1
12895,37,1
12896,37,1
12897,37,1
12898,37,1
12899,37,1
12900,37,1
12901,37,1
12902,37,1
12903,37,1
12904,37,1
12905,37,1
12906,37,1
12907,37,1
12908,37,1
12909,37,1
12910,37,1
12911,37,1
12912,37,1
12913,37,1
12914,37,1
12915,37,1
12916,37,1
12917,37,1
12918,37,1
12919,37,1
12920,37,1
12921,37,1
12922,37,1
12923,37,1
12924,37,1
12925,37,1
12926,37,1
12927,37,1
12928,37,1
12929,37,1
12930,37,1
12931,37,1
12932,38,1
12933,38,1
12934,38,1
12935,38,1
12936,38,1
12937,38,1
12938,38,1
12939,38,1
12940,38,1
12941,38,1
12942,38,1
12943,38,1
12944,38,1
12945,38,1
12946,38,1
12947,38,1
12948,38,1
12949,38,1
12950,38,1
12951,38,1
12952,38,1
12953,38,1
12954,38,1
12955,38,1
12956,38,1
12957,38,1
12958,38,1
12959,38,1
12960,37,1
12961,37,1
12962,37,1
12963,37,1
12964,37,1
12965,37,1
12966,37,1
12967,37,1
12968,37,1
12969,37,1
12970,37,1
12971,37,1
12972,37,1
12973,37,1
12974,37,1
12975,37,1
12976,37,1
12977,37,1
12978,37,1
12979,37,1
12980,37,1
12981,37,1
12982,37,1
12983,37,1
12984,37,1
12985,37,1
12986,38,1
12987,38,1
12988,38,1
12989,38,1
12990,38,1
12991,38,1
12992,38,1
12993,37,1
12994,37,1
12995,37,1
12996,37,1
12997,37,1
12998,37,1
12999,37,1
13000,37,1
13001,37,1
13002,37,1
13003,37,1
13004,37,1
13005,37,1
13006,37,1
13007,37,1
13008,37,1
13009,37,1
13010,37,1
13011,37,1
13012,37,1
13013,37,1
13014,37,1
13015,37,1
13016,37,1
13017,37,1
13018,37,1
13019,37,1
13020,37,1
13021,37,1
13022,37,1
13023,37,1
13024,37,1
13025,37,1
13026,37,1
13027,37,1
13028,37,1
13029,37,1
13030,37,1
13031,37,1
13032,37,1
13033,37,1
13034,37,1
13035,37,1
13036,37,1
13037,37,1
13038,37,1
13039,37,1
13040,37,1
13041,37,1
13042,37,1
13043,37,1
13044,37,1
13045,37,1
13046,37,1
13047,37,1
13048,37,1
13049,37,1
13050,37,1
13051,37,1
13052,37,1
13053,37,1
13054,37,1
13055,37,1
13056,38,1
13057,38,1
13058,38,1
13059,38,1
13060,38,1
13061,38,1
13062,38,1
13063,38,1
13064,38,1
13065,38,1
13066,38,1
13067,38,1
13068,38,1
13069,38,1
13070,38,1
13071,38,1
13072,38,1
13073,38,1
13074,38,1
13075,38,1
13076,38,1
13077,37,1
13078,37,1
13079,37,1
13080,37,1
13081,37,1
13082,37,1
13083,37,1
13084,37,1
13085,37,1
13086,37,1
13087,37,1
13088,37,1
13089,36,1
13090,36,1
13091,36,1
13092,36,1
13093,36,1
13094,36,1
13095,37,1
13096,37,1
13097,37,1
13098,37,1
13099,37,1
13100,37,1
13101,37,1
13102,37,1
13103,37,1
13104,37,1
13105,37,1
13106,37,1
13107,37,1
13108,37,1
13109,37,1
13110,37,1
13111,37,1
13112,37,1
13113,37,1
13114,37,1
13115,37,1
13116,37,1
13117,37,1
13118,37,1
13119,37,1
13120,37,1
13121,37,1
13122,37,1
13123,37,1
13124,37,1
13125,37,1
13126,37,1
13127,37,1
13128,37,1
13129,37,1
13130,37,1
13131,37,1
13132,37,1
13133,37,1
13134,37,1
13135,37,1
13136,37,1
13137,37,1
13138,37,1
13139,37,1
13140,37,1
13141,37,1
13142,37,1
13143,37,1
13144,37,1
13145,37,1
13146,37,1
13147,37,1
13148,37,1
13149,37,1
13150,37,1
13151,37,1
13152,37,1
13153,37,1
13154,37,1
13155,37,1
13156,37,1
13157,37,1
13158,37,1
13159,37,1
13160,37,1
13161,37,1
13162,37,1
13163,37,1
13164,37,1
13165,37,1
13166,37,1
13167,37,1
13168,37,1
13169,37,1
13170,37,1
13171,37,1
13172,37,1
13173,37,1
13174,37,1
13175,37,1
13176,37,1
13177,37,1
13178,37,1
13179,37,1
13180,37,1
13181,37,1
13182,37,1
13183,37,1
13184,37,1
13185,37,1
13186,37,1
13187,37,1
13188,37,1
13189,37,1
13190,37,1
13191,36,1
13192,36,1
13193,36,1
13194,36,1
13195,36,1
13196,36,1
13197,36,1
13198,36,1
13199,36,1
13200,36,1
13201,36,1
13202,36,1
13203,36,1
13204,36,1
13205,36,1
13206,36,1
13207,36,1
13208,36,1
13209,36,1
13210,36,1
13211,36,1
13212,36,1
13213,36,1
13214,36,1
13215,36,1
13216,36,1
13217,36,1
13218,36,1
13219,36,1
13220,36,1
13221,36,1
13222,36,1
13223,36,1
13224,36,1
13225,36,1
13226,36,1
13227,36,1
13228,36,1
13229,36,1
13230,36,1
13231,36,1
13232,36,1
13233,36,1
13234,36,1
13235,36,1
13236,36,1
13237,36,1
13238,36,1
13239,36,1
13240,36,1
13241,36,1
13242,36,1
13243,36,1
13244,36,1
13245,36,1
13246,36,1
13247,36,1
13248,36,1
13249,36,1
13250,36,1
13251,36,1
13252,36,1
13253,36,1
13254,36,1
13255,36,1
13256,36,1
13257,35,1
13258,35,1
13259,35,1
13260,35,1
13261,35,1
13262,35,1
13263,35,1
13264,36,1
13265,36,1
13266,36,1
13267,36,1
13268,36,1
13269,36,1
13270,36,1
13271,36,1
13272,36,1
13273,36,1
13274,36,1
13275,36,1
13276,36,1
13277,36,1
13278,36,1
13279,36,1
13280,36,1
13281,36,1
13282,36,1
13283,36,1
13284,36,1
13285,36,1
13286,36,1
13287,36,1
13288,36,1
13289,36,1
13290,36,1
13291,36,1
13292,36,1
13293,36,1
13294,36,1
13295,36,1
13296,36,1
13297,36,1
13298,36,1
13299,36,1
13300,36,1
13301,36,1
13302,36,1
13303,36,1
13304,36,1
13305,36,1
13306,36,1
13307,36,1
13308,36,1
13309,36,1
13310,36,1
13311,36,1
13312,36,1
13313,36,1
13314,36,1
13315,36,1
13316,36,1
13317,36,1
13318,36,1
13319,36,1
13320,36,1
13321,36,1
13322,36,1
13323,36,1
13324,36,1
13325,36,1
13326,36,1
13327,36,1
13328,36,1
13329,36,1
13330,36,1
13331,36,1
13332,36,1
13333,36,1
13334,36,1
13335,36,1
13336,36,1
13337,36,1
13338,36,1
13339,36,1
13340,36,1
13341,36,1
13342,36,1
13343,35,1
13344,35,1
13345,35,1
13346,35,1
13347,35,1
13348,35,1
13349,35,1
13350,35,1
13351,35,1
13352,35,1
13353,35,1
13354,35,1
13355,35,1
13356,34,1
13357,34,1
13358,34,1
13359,34,1
13360,35,1
13361,35,1
13362,35,1
13363,35,1
13364,35,1
13365,35,1
13366,35,1
13367,35,1
13368,35,1
13369,35,1
13370,35,1
13371,35,1
13372,35,1
13373,35,1
13374,35,1
13375,35,1
13376,35,1
13377,35,1
13378,35,1
13379,35,1
13380,35,1
13381,35,1
13382,35,1
13383,35,1
13384,35,1
13385,35,1
13386,35,1
13387,35,1
13388,35,1
13389,35,1
13390,35,1
13391,35,1
13392,35,1
13393,35,1
13394,35,1
13395,35,1
13396,35,1
13397,35,1
13398,35,1
13399,35,1
13400,35,1
13401,35,1
13402,35,1
13403,35,1
13404,35,1
13405,35,1
13406,35,1
13407,35,1
13408,35,1
13409,35,1
13410,35,1
13411,35,1
13412,35,1
13413,35,1
13414,35,1
13415,35,1
13416,35,1
13417,35,1
13418,35,1
13419,35,1
13420,35,1
13421,35,1
13422,35,1
13423,35,1
13424,35,1
13425,35,1
13426,35,1
13427,35,1
13428,35,1
13429,35,1
13430,35,1
13431,35,1
13432,35,1
13433,35,1
13434,35,1
13435,35,1
13436,35,1
13437,35,1
13438,35,1
13439,35,1
13440,35,1
13441,35,1
13442,35,1
13443,35,1
13444,35,1
13445,35,1
13446,35,1
13447,35,1
13448,35,1
13449,35,1
13450,35,1
13451,35,1
13452,35,1
13453,35,1
13454,34,1
13455,34,1
13456,34,1
13457,34,1
13458,34,1
13459,34,1
13460,34,1
13461,34,1
13462,34,1
13463,34,1
13464,34,1
13465,34,1
13466,34,1
13467,34,1
13468,34,1
13469,34,1
13470,34,1
13471,34,1
13472,34,1
13473,34,1
13474,34,1
13475,34,1
13476,34,1
13477,34,1
13478,34,1
13479,34,1
13480,34,1
13481,34,1
13482,34,1
13483,34,1
13484,34,1
13485,34,1
13486,34,1
13487,34,1
13488,34,1
13489,34,1
13490,34,1
13491,34,1
13492,34,1
13493,34,1
13494,34,1
13495,34,1
13496,34,1
13497,34,1
13498,34,1
13499,34,1
13500,34,1
13501,34,1
13502,34,1
13503,34,1
13504,34,1
13505,34,1
13506,34,1
13507,34,1
13508,34,1
13509,34,1
13510,34,1
13511,34,1
13512,34,1
13513,34,1
13514,34,1
13515,34,1
13516,34,1
13517,34,1
13518,34,1
13519,34,1
13520,34,1
13521,33,1
13522,32,1
13523,32,1
13524,32,1
13525,32,1
13526,32,1
13527,32,1
13528,32,1
13529,32,1
13530,32,1
13531,32,1
13532,32,1
13533,32,1
13534,32,1
13535,32,1
13536,32,1
13537,32,1
13538,32,1
13539,32,1
13540,32,1
13541,33,2
13542,33,2
13543,33,2
13544,33,2
13545,33,2
13546,33,2
13547,33,2
13548,33,2
13549,33,2
13550,33,2
13551,33,2
13552,33,2
13553,33,2
13554,33,2
13555,33,2
13556,33,2
13557,33,2
13558,33,2
13559,33,2
13560,33,2
13561,33,2
13562,33,2
13563,33,2
13564,33,2
13565,33,2
13566,33,2
13567,33,2
13568,33,2
13569,33,2
13570,33,2
13571,33,2
13572,33,2
13573,33,2
13574,33,2
13575,33,2
13576,33,2
13577,33,2
13578,33,2
13579,33,2
13580,33,2
13581,33,2
13582,33,2
13583,33,2
13584,33,2
13585,33,2
13586,33,2
13587,33,2
13588,33,2
13589,33,2
13590,33,2
13591,34,2
13592,34,2
13593,34,2
13594,34,2
13595,34,2
13596,34,2
13597,34,2
13598,34,2
13599,34,2
13600,34,2
13601,34,2
13602,34,2
13603,34,2
13604,34,2
13605,34,2
13606,34,2
13607,34,2
13608,34,2
13609,34,2
13610,34,2
13611,34,2
13612,34,2
13613,34,2
13614,34,2
13615,34,2
13616,34,2
13617,34,2
13618,34,2
13619,34,2
13620,34,2
13621,34,2
13622,34,2
13623,34,2
13624,34,2
13625,34,2
13626,34,2
13627,34,2
13628,34,2
13629,34,2
13630,34,2
13631,34,2
13632,34,2
13633,34,2
13634,34,2
13635,34,2
13636,34,2
13637,34,2
13638,34,2
13639,34,2
13640,34,2
13641,34,2
13642,34,2
13643,34,2
13644,34,2
13645,34,2
13646,34,2
13647,34,2
13648,34,2
13649,34,2
13650,34,2
13651,34,2
13652,34,2
13653,34,2
13654,34,2
13655,34,2
13656,33,2
13657,33,2
13658,33,2
13659,33,2
13660,33,2
13661,33,2
13662,33,2
13663,33,2
13664,33,2
13665,33,2
13666,33,2
13667,33,2
13668,33,2
13669,33,2
13670,33,2
13671,33,2
13672,33,2
13673,33,2
13674,33,2
13675,33,2
13676,33,2
13677,33,2
13678,33,2
13679,33,2
13680,33,2
13681,33,2
13682,33,2
13683,33,2
13684,33,2
13685,33,2
13686,33,2
13687,33,2
13688,33,2
13689,32,2
13690,32,2
13691,32,2
13692,32,2
13693,32,2
13694,32,2
13695,32,2
13696,32,2
13697,32,2
13698,32,2
13699,32,2
13700,32,2
13701,32,2
13702,32,2
13703,32,2
13704,32,2
13705,32,2
13706,32,2
13707,32,2
13708,32,2
13709,32,2
13710,32,2
13711,32,2
13712,32,2
13713,32,2
13714,32,2
13715,32,2
13716,32,2
13717,32,2
13718,32,2
13719,32,2
13720,32,2
13721,32,2
13722,32,2
13723,32,2
13724,32,2
13725,32,2
13726,32,2
13727,32,2
13728,32,2
13729,32,2
13730,32,2
13731,32,2
13732,32,2
13733,32,2
13734,32,2
13735,32,2
13736,32,2
13737,32,2
13738,32,2
13739,32,2
13740,32,2
13741,32,2
13742,32,2
13743,32,2
13744,32,2
13745,31,2
13746,31,2
13747,31,2
13748,31,2
13749,31,2
13750,31,2
13751,31,2
13752,31,2
13753,31,2
13754,31,2
13755,31,2
13756,31,2
13757,30,2
13758,30,2
13759,30,2
13760,30,2
13761,30,2
13762,30,2
13763,30,2
13764,30,2
13765,30,2
13766,30,2
13767,30,2
13768,30,2
13769,30,2
13770,30,2
13771,30,2
13772,30,2
13773,30,2
13774,30,2
13775,30,2
13776,30,2
13777,30,2
13778,30,2
13779,30,2
13780,30,2
13781,30,2
13782,30,2
13783,30,2
13784,30,2
13785,30,2
13786,30,2
13787,30,2
13788,30,2
13789,30,2
13790,30,2
13791,30,2
13792,30,2
13793,30,2
13794,30,2
13795,30,2
13796,30,2
13797,30,2
13798,30,2
13799,30,2
13800,30,2
13801,30,2
13802,30,2
13803,30,2
13804,30,2
13805,30,2
13806,30,2
13807,30,2
13808,30,2
13809,30,2
13810,31,2
13811,31,2
13812,31,2
13813,31,2
13814,31,2
13815,31,2
13816,31,2
13817,31,2
13818,31,2
13819,31,2
13820,31,2
13821,31,2
13822,31,2
13823,31,2
13824,31,2
13825,31,2
13826,31,2
13827,31,2
13828,31,2
13829,31,2
13830,31,2
13831,31,2
13832,31,2
13833,31,2
13834,31,2
13835,31,2
13836,31,2
13837,31,2
13838,31,2
13839,31,2
13840,31,2
13841,31,2
13842,31,2
13843,31,2
13844,30,1
13845,30,1
13846,30,1
13847,30,1
13848,30,1
13849,30,1
13850,30,1
13851,29,1
13852,29,1
13853,29,1
13854,29,1
13855,29,1
13856,29,1
13857,29,1
13858,29,1
13859,29,1
13860,29,1
13861,29,1
13862,29,1
13863,29,1
13864,29,1
13865,29,1
13866,29,1
13867,29,1
13868,29,1
13869,29,1
13870,29,1
13871,29,1
13872,29,1
13873,29,1
13874,29,1
13875,29,1
13876,29,1
13877,28,1
13878,28,1
13879,28,1
13880,28,1
13881,29,1
13882,29,1
13883,29,1
13884,29,1
13885,29,1
13886,29,1
13887,29,1
13888,29,1
13889,29,1
13890,29,1
13891,29,1
13892,29,1
13893,29,1
13894,29,1
13895,29,1
13896,29,1
13897,29,1
13898,29,1
13899,29,1
13900,29,1
13901,29,1
13902,29,1
13903,29,1
13904,30,1
13905,30,1
13906,30,1
13907,30,1
13908,30,1
13909,30,1
13910,30,1
13911,30,1
13912,30,1
13913,30,1
13914,30,1
13915,30,1
13916,30,1
13917,30,1
13918,30,1
13919,30,1
13920,30,1
13921,30,1
13922,30,1
13923,30,1
13924,30,1
13925,30,1
13926,30,1
13927,30,1
13928,30,1
13929,30,1
13930,30,1
13931,30,1
13932,30,1
13933,30,1
13934,30,1
13935,30,1
13936,30,1
13937,30,1
13938,30,1
13939,30,1
13940,30,1
13941,30,1
13942,30,1
13943,30,1
13944,30,1
13945,30,1
13946,30,1
13947,30,1
13948,30,1
13949,30,1
13950,30,1
13951,30,1
13952,30,1
13953,30,1
13954,30,1
13955,30,1
13956,30,1
13957,30,1
13958,30,1
13959,30,1
13960,30,1
13961,30,1
13962,30,1
13963,30,1
13964,30,1
13965,30,1
13966,30,1
13967,30,1
13968,30,1
13969,30,1
13970,30,1
13971,31,1
13972,31,1
13973,31,1
13974,31,1
13975,32,1
13976,32,1
13977,32,1
13978,32,1
13979,32,1
13980,32,1
13981,32,1
13982,32,1
13983,32,1
13984,32,1
13985,32,1
13986,32,1
13987,32,1
13988,32,1
13989,32,1
13990,32,1
13991,33,2
13992,34,2
13993,34,2
13994,34,2
13995,34,2
13996,34,2
13997,34,2
13998,34,2
13999,34,2
14000,34,2
14001,34,2
14002,34,2
14003,34,2
14004,34,2
14005,34,2
14006,34,2
14007,34,2
14008,34,2
14009,34,2
14010,34,2
14011,34,2
14012,34,2
14013,34,2
14014,34,2
14015,34,2
14016,34,2
14017,34,2
14018,34,2
14019,34,2
14020,34,2
14021,34,2
14022,34,2
14023,34,2
14024,34,2
14025,34,2
14026,34,2
14027,34,2
14028,34,2
14029,34,2
14030,34,2
14031,34,2
14032,34,2
14033,34,2
14034,34,2
14035,34,2
14036,34,2
14037,34,2
14038,34,2
14039,34,2
14040,34,2
14041,34,2
14042,34,2
14043,34,2
14044,34,2
14045,34,2
14046,34,2
14047,34,2
14048,34,2
14049,34,2
14050,34,2
14051,34,2
14052,34,2
14053,34,2
14054,34,2
14055,34,2
14056,34,2
14057,34,2
14058,33,2
14059,33,2
14060,33,2
14061,33,2
14062,33,2
14063,32,2
14064,32,2
14065,32,2
14066,32,2
14067,32,2
14068,32,2
14069,32,2
14070,32,2
14071,32,2
14072,32,2
14073,32,2
14074,32,2
14075,32,2
14076,32,2
14077,32,2
14078,32,2
14079,32,2
14080,32,2
14081,32,2
14082,32,2
14083,32,2
14084,32,2
14085,32,2
14086,32,2
14087,32,2
14088,32,2
14089,32,2
14090,32,2
14091,32,2
14092,32,2
14093,32,2
14094,32,2
14095,32,2
14096,32,2
14097,32,2
14098,32,2
14099,32,2
14100,32,2
14101,32,2
14102,32,2
14103,32,2
14104,32,2
14105,32,2
14106,32,2
14107,32,2
14108,32,2
14109,32,2
14110,32,2
14111,32,2
14112,32,2
14113,32,2
14114,32,2
14115,32,2
14116,32,2
14117,32,2
14118,32,2
14119,32,2
14120,32,2
14121,33,2
14122,33,2
14123,33,2
14124,32,2
14125,32,2
14126,32,2
14127,32,2
14128,32,2
14129,32,2
14130,32,2
14131,32,2
14132,32,2
14133,32,2
14134,32,2
14135,32,2
14136,32,2
14137,32,2
14138,32,2
14139,32,2
14140,32,2
14141,32,2
14142,32,2
14143,32,2
14144,32,2
14145,32,2
14146,32,2
14147,32,2
14148,32,2
14149,32,2
14150,32,2
14151,32,2
14152,32,2
14153,32,2
14154,32,2
14155,32,2
14156,32,2
14157,33,2
14158,33,2
14159,33,2
14160,33,2
14161,34,2
14162,34,2
14163,34,2
14164,34,2
14165,34,2
14166,34,2
14167,34,2
14168,34,2
14169,33,2
14170,33,2
14171,33,2
14172,33,2
14173,33,2
14174,33,2
14175,33,2
14176,33,2
14177,33,2
14178,33,2
14179,33,2
14180,33,2
14181,33,2
14182,33,2
14183,33,2
14184,33,2
14185,33,2
14186,33,2
14187,33,2
14188,33,2
14189,33,2
14190,33,2
14191,33,2
14192,33,2
14193,33,2
14194,33,2
14195,33,2
14196,34,2
14197,33,2
14198,33,2
14199,33,2
14200,33,2
14201,33,2
14202,33,2
14203,33,2
14204,33,2
14205,33,2
14206,33,2
14207,33,2
14208,33,2
14209,33,2
14210,33,2
14211,33,2
14212,33,2
14213,33,2
14214,34,2
14215,34,2
14216,34,2
14217,34,2
14218,34,2
14219,34,2
14220,34,2
14221,34,2
14222,34,2
14223,34,2
14224,34,2
14225,33,2
14226,33,2
14227,33,2
14228,33,2
14229,33,2
14230,33,2
14231,33,2
14232,33,2
14233,33,2
14234,33,2
14235,33,2
14236,33,2
14237,33,2
14238,33,2
14239,33,2
14240,33,2
14241,33,2
14242,33,2
14243,33,2
14244,33,2
14245,33,2
14246,33,2
14247,33,2
14248,33,2
14249,33,2
14250,33,2
14251,33,2
14252,33,2
14253,33,2
14254,33,2
14255,33,2
14256,33,2
14257,33,2
14258,33,2
14259,33,2
14260,33,2
14261,33,2
14262,33,2
14263,33,2
14264,33,2
14265,33,2
14266,33,2
14267,33,2
14268,34,2
14269,34,2
14270,34,2
14271,34,2
14272,34,2
14273,34,2
14274,34,2
14275,34,2
14276,34,2
14277,34,2
14278,34,2
14279,34,2
14280,34,2
14281,34,2
14282,34,2
14283,34,2
14284,34,2
14285,34,2
14286,34,2
14287,34,2
14288,34,2
14289,34,2
14290,34,2
14291,34,2
14292,34,2
14293,34,2
14294,34,2
14295,34,2
14296,34,2
14297,34,2
14298,34,2
14299,34,2
14300,34,2
14301,34,2
14302,34,2
14303,34,2
14304,34,2
14305,34,2
14306,34,2
14307,34,2
14308,34,2
14309,34,2
14310,34,2
14311,34,2
14312,34,2
14313,34,2
14314,34,2
14315,34,2
14316,34,2
14317,34,2
14318,34,2
14319,34,2
14320,34,2
14321,34,2
14322,34,2
14323,34,2
14324,34,2
14325,34,2
14326,34,2
14327,34,2
14328,34,2
14329,34,2
14330,34,2
14331,34,2
14332,34,2
14333,34,2
14334,34,2
14335,34,2
14336,34,2
14337,34,2
14338,34,2
14339,34,2
14340,34,2
14341,34,2
14342,34,2
14343,34,2
14344,34,2
14345,34,2
14346,34,2
14347,34,2
14348,34,2
14349,34,2
14350,34,2
14351,34,2
14352,34,2
14353,34,2
14354,34,2
14355,34,2
14356,34,2
14357,34,2
14358,34,2
14359,34,2
14360,34,2
14361,34,2
14362,34,2
14363,34,2
14364,33,2
14365,33,2
14366,33,2
14367,33,2
14368,33,2
14369,33,2
14370,33,2
14371,33,2
14372,33,2
14373,34,2
14374,34,2
14375,34,2
14376,34,2
14377,34,2
14378,34,2
14379,34,2
14380,34,2
14381,34,2
14382,35,2
14383,35,2
14384,35,2
14385,35,2
14386,35,2
14387,35,2
14388,35,2
14389,35,2
14390,35,2
14391,35,2
14392,34,2
14393,34,2
14394,34,2
14395,34,2
14396,34,2
14397,34,2
14398,34,2
14399,34,2
14400,34,2
14401,34,2
14402,34,2
14403,34,2
14404,34,2
14405,34,2
14406,34,2
14407,34,2
14408,34,2
14409,34,2
14410,34,2
14411,34,2
14412,34,2
14413,34,2
14414,34,2
14415,34,2
14416,34,2
14417,34,2
14418,34,2
14419,34,2
14420,34,2
14421,34,2
14422,34,2
14423,34,2
14424,34,2
14425,34,2
14426,34,2
14427,34,2
14428,34,2
14429,34,2
14430,34,2
14431,34,2
14432,34,2
14433,34,2
14434,34,2
14435,35,2
14436,35,2
14437,35,2
14438,35,2
14439,35,2
14440,35,2
14441,35,2
14442,35,2
14443,35,2
14444,35,2
14445,35,2
14446,35,2
14447,35,2
14448,35,2
14449,35,2
14450,35,2
14451,35,2
14452,35,2
14453,35,2
14454,35,2
14455,35,2
14456,35,2
14457,35,2
14458,35,2
14459,35,2
14460,35,2
14461,35,2
14462,35,2
14463,35,2
14464,35,2
14465,35,2
14466,35,2
14467,35,2
14468,35,2
14469,35,2
14470,35,2
14471,35,2
14472,35,2
14473,35,2
14474,35,2
14475,35,2
14476,35,2
14477,35,2
14478,35,2
14479,35,2
14480,35,2
14481,35,2
14482,35,2
14483,35,2
14484,35,2
14485,35,2
14486,35,2
14487,35,2
14488,35,2
14489,36,3
14490,36,3
14491,36,3
14492,36,3
14493,36,3
14494,36,3
14495,36,3
14496,36,3
14497,36,3
14498,36,3
14499,36,3
14500,36,3
14501,36,3
14502,36,3
14503,36,3
14504,36,3
14505,36,3
14506,36,3
14507,36,3
14508,36,3
14509,36,3
14510,36,3
14511,36,3
14512,36,3
14513,36,3
14514,36,3
14515,36,3
14516,36,3
14517,36,3
14518,36,3
14519,36,3
14520,36,3
14521,36,3
14522,36,3
14523,36,3
14524,36,3
14525,36,3
14526,36,3
14527,36,3
14528,36,3
14529,36,3
14530,36,3
14531,36,3
14532,36,3
14533,36,3
14534,36,3
14535,36,3
14536,36,3
14537,36,3
14538,36,3
14539,36,3
14540,36,3
14541,36,3
14542,36,3
14543,35,3
14544,35,3
14545,35,3
14546,35,3
14547,35,3
14548,35,3
14549,35,3
14550,35,3
14551,35,3
14552,35,3
14553,35,3
14554,35,3
14555,35,3
14556,35,3
14557,35,3
14558,35,3
14559,35,3
14560,35,3
14561,35,3
14562,35,3
14563,35,3
14564,35,3
14565,35,3
14566,35,3
14567,35,3
14568,35,3
14569,35,3
14570,35,3
14571,35,3
14572,35,3
14573,35,3
14574,35,3
14575,35,3
14576,34,3
14577,34,3
14578,34,3
14579,34,3
14580,34,3
14581,34,3
14582,34,3
14583,34,3
14584,34,3
14585,34,3
14586,34,3
14587,34,3
14588,34,3
14589,34,3
14590,34,3
14591,34,3
14592,34,3
14593,34,3
14594,34,3
14595,34,3
14596,34,3
14597,34,3
14598,34,3
14599,34,3
14600,34,3
14601,34,3
14602,34,3
14603,34,3
14604,34,3
14605,34,3
14606,34,3
14607,34,3
14608,34,3
14609,34,3
14610,34,3
14611,34,3
14612,34,3
14613,34,3
14614,34,3
14615,34,3
14616,34,3
14617,34,3
14618,34,3
14619,34,3
14620,34,3
14621,34,3
14622,34,3
14623,34,3
14624,34,3
14625,34,3
14626,34,3
14627,34,3
14628,34,3
14629,34,3
14630,34,3
14631,34,3
14632,34,3
14633,34,3
14634,34,3
14635,34,3
14636,34,3
14637,34,3
14638,34,3
14639,34,3
14640,34,3
14641,34,3
14642,34,3
14643,34,3
14644,34,3
14645,34,3
14646,34,3
14647,34,3
14648,34,3
14649,34,3
14650,34,3
14651,34,3
14652,34,3
14653,33,3
14654,33,3
14655,33,3
14656,32,3
14657,32,3
14658,32,3
14659,32,3
14660,32,3
14661,32,3
14662,32,3
14663,32,3
14664,32,3
14665,32,3
14666,32,3
14667,32,3
14668,32,3
14669,32,3
14670,32,3
14671,32,3
14672,32,3
14673,32,3
14674,32,3
14675,32,3
14676,32,3
14677,32,3
14678,32,3
14679,32,3
14680,32,3
14681,32,3
14682,32,3
14683,32,3
14684,32,3
14685,32,3
14686,32,3
14687,32,3
14688,32,3
14689,32,3
14690,32,3
14691,32,3
14692,32,3
14693,32,3
14694,32,3
14695,32,3
14696,32,3
14697,32,3
14698,32,3
14699,32,3
14700,32,3
14701,32,3
14702,32,3
14703,32,3
14704,32,3
14705,32,3
14706,32,3
14707,32,3
14708,32,3
14709,32,3
14710,32,3
14711,32,3
14712,32,3
14713,32,3
14714,32,3
14715,32,3
14716,32,3
14717,32,3
14718,32,3
14719,32,3
14720,32,3
14721,32,3
14722,32,3
14723,32,3
14724,32,3
14725,32,3
14726,32,3
14727,32,3
14728,32,3
14729,32,3
14730,32,3
14731,32,3
14732,32,3
14733,32,3
14734,32,3
14735,32,3
14736,32,3
14737,32,3
14738,32,3
14739,32,3
14740,32,3
14741,32,3
14742,32,3
14743,32,3
14744,32,3
14745,32,3
14746,32,3
14747,32,3
14748,32,3
14749,32,3
14750,32,3
14751,32,3
14752,32,3
14753,32,3
14754,32,3
14755,32,3
14756,32,3
14757,32,3
14758,32,3
14759,32,3
14760,32,3
14761,32,3
14762,32,3
14763,32,3
14764,32,3
14765,32,3
14766,32,3
14767,32,3
14768,32,3
14769,32,3
14770,32,3
14771,32,3
14772,32,3
14773,32,3
14774,32,3
14775,32,3
14776,32,3
14777,33,3
14778,32,3
14779,32,3
14780,32,3
14781,32,3
14782,32,3
14783,32,3
14784,32,3
14785,32,3
14786,32,3
14787,32,3
14788,32,3
14789,32,3
14790,31,3
14791,31,3
14792,31,3
14793,31,3
14794,31,3
14795,31,3
14796,31,3
14797,31,3
14798,31,3
14799,31,3
14800,31,3
14801,31,3
14802,31,3
14803,31,3
14804,31,3
14805,31,3
14806,31,3
14807,31,3
14808,31,3
14809,31,3
14810,31,3
14811,31,3
14812,31,3
14813,31,3
14814,31,3
14815,31,3
14816,31,3
14817,31,3
14818,31,3
14819,31,3
14820,30,3
14821,30,3
14822,30,3
14823,30,3
14824,30,3
14825,30,3
14826,30,3
14827,30,3
14828,30,3
14829,30,3
14830,30,3
14831,30,3
14832,30,3
14833,30,3
14834,30,3
14835,30,3
14836,30,3
14837,30,3
14838,30,3
14839,30,3
14840,30,3
14841,30,3
14842,30,3
14843,30,3
14844,30,3
14845,30,3
14846,30,3
14847,30,3
14848,30,3
14849,30,3
14850,30,3
14851,30,3
14852,30,3
14853,29,3
14854,29,3
14855,29,3
14856,29,3
14857,29,3
14858,29,3
14859,29,3
14860,29,3
14861,29,3
14862,29,3
14863,29,3
14864,29,3
14865,29,3
14866,29,3
14867,29,3
14868,29,3
14869,29,3
14870,29,3
14871,29,3
14872,29,3
14873,29,3
14874,29,3
14875,29,3
14876,29,3
14877,28,3
14878,28,3
14879,28,3
14880,28,3
14881,28,3
14882,28,3
14883,28,3
14884,28,3
14885,28,3
14886,28,3
14887,28,3
14888,28,3
14889,28,3
14890,28,3
14891,28,3
14892,28,3
14893,28,3
14894,28,3
14895,28,3
14896,28,3
14897,28,3
14898,28,3
14899,28,3
14900,28,3
14901,28,3
14902,28,3
14903,28,3
14904,28,3
14905,28,3
14906,28,3
14907,28,3
14908,28,3
14909,28,3
14910,28,3
14911,28,3
14912,28,3
14913,28,3
14914,28,3
14915,28,3
14916,28,3
14917,28,3
14918,28,3
14919,28,3
14920,28,3
14921,28,3
14922,28,3
14923,28,3
14924,28,3
14925,28,3
14926,28,3
14927,28,3
14928,28,3
14929,29,4
14930,29,4
14931,29,4
14932,29,4
14933,29,4
14934,29,4
14935,29,4
14936,29,4
14937,29,4
14938,29,4
14939,29,4
14940,29,4
14941,29,4
14942,29,4
14943,29,4
14944,29,4
14945,29,4
14946,29,4
14947,30,4
14948,30,4
14949,30,4
14950,30,4
14951,30,4
14952,30,4
14953,30,4
14954,30,4
14955,29,4
14956,29,4
14957,28,4
14958,28,4
14959,28,4
14960,28,4
14961,28,4
14962,28,4
14963,28,4
14964,28,4
14965,28,4
14966,28,4
14967,28,4
14968,28,4
14969,28,4
14970,28,4
14971,28,4
14972,28,4
14973,28,4
14974,29,4
14975,29,4
14976,29,4
14977,29,4
14978,29,4
14979,29,4
14980,29,4
14981,29,4
14982,29,4
14983,29,4
14984,29,4
14985,29,4
14986,29,4
14987,29,4
14988,29,4
14989,29,4
14990,28,4
14991,28,4
14992,28,4
14993,28,4
14994,28,4
14995,28,4
14996,28,4
14997,28,4
14998,28,4
14999,28,4
15000,28,4
15001,28,4
15002,28,4
15003,28,4
15004,28,4
15005,28,4
15006,28,4
15007,28,4
15008,28,4
15009,28,4
15010,28,4
15011,27,4
15012,27,4
15013,27,4
15014,27,4
15015,27,4
15016,27,4
15017,27,4
15018,27,4
15019,27,4
15020,27,4
15021,27,4
15022,27,4
15023,27,4
15024,27,4
15025,28,4
15026,28,4
15027,28,4
15028,28,4
15029,28,4
15030,28,4
15031,28,4
15032,28,4
15033,28,4
15034,28,4
15035,28,4
15036,28,4
15037,28,4
15038,28,4
15039,28,4
15040,28,4
15041,28,4
15042,28,4
15043,28,4
15044,28,4
15045,28,4
15046,28,4
15047,28,4
15048,28,4
15049,28,4
15050,28,4
15051,28,4
15052,28,4
15053,28,4
15054,28,4
15055,28,4
15056,28,4
15057,28,4
15058,28,4
15059,28,4
15060,28,4
15061,28,4
15062,28,4
15063,28,4
15064,28,4
15065,28,4
15066,28,4
15067,28,4
15068,28,4
15069,28,4
15070,28,4
15071,28,4
15072,28,4
15073,28,4
15074,28,4
15075,28,4
15076,28,4
15077,28,4
15078,28,4
15079,28,4
15080,28,4
15081,28,4
15082,28,4
15083,28,4
15084,28,4
15085,28,4
15086,28,4
15087,28,4
15088,28,4
15089,28,4
15090,27,4
15091,27,4
15092,27,4
15093,27,4
15094,27,4
15095,27,4
15096,27,4
15097,27,4
15098,27,4
15099,27,4
15100,27,4
15101,27,4
15102,27,4
15103,27,4
15104,27,4
15105,27,4
15106,27,4
15107,27,4
15108,27,4
15109,27,4
15110,27,4
15111,27,4
15112,27,4
15113,27,4
15114,27,4
15115,27,4
15116,27,4
15117,27,4
15118,27,4
15119,27,4
15120,27,4
15121,27,4
15122,27,4
15123,27,4
15124,27,4
15125,27,4
15126,27,4
15127,27,4
15128,28,4
15129,28,4
15130,28,4
15131,28,4
15132,28,4
15133,28,4
15134,28,4
15135,28,4
15136,28,4
15137,28,4
15138,28,4
15139,28,4
15140,28,4
15141,28,4
15142,28,4
15143,28,4
15144,28,4
15145,27,4
15146,27,4
15147,27,4
15148,27,4
15149,27,4
15150,27,4
15151,28,4
15152,28,4
15153,28,4
15154,28,4
15155,28,4
15156,28,4
15157,28,4
15158,28,4
15159,28,4
15160,28,4
15161,28,4
15162,28,4
15163,28,4
15164,28,4
15165,28,4
15166,27,4
15167,27,4
15168,27,4
15169,27,4
15170,27,4
15171,27,4
15172,27,4
15173,27,4
15174,27,4
15175,27,4
15176,27,4
15177,27,4
15178,27,4
15179,27,4
15180,27,4
15181,27,4
15182,27,4
15183,27,4
15184,27,4
15185,27,4
15186,27,4
15187,27,4
15188,27,4
15189,27,4
15190,27,4
15191,27,4
15192,27,4
15193,27,4
15194,27,4
15195,27,4
15196,27,4
15197,27,4
15198,27,4
15199,26,4
15200,26,4
15201,26,4
15202,26,4
15203,26,4
15204,26,4
15205,26,4
15206,26,4
15207,26,4
15208,26,4
15209,26,4
15210,26,4
15211,26,4
15212,26,4
15213,26,4
15214,26,4
15215,26,4
15216,26,4
15217,26,4
15218,26,4
15219,26,4
15220,26,4
15221,26,4
15222,26,4
15223,26,4
15224,26,4
15225,26,4
15226,26,4
15227,26,4
15228,26,4
15229,26,4
15230,26,4
15231,26,4
15232,26,4
15233,26,4
15234,26,4
15235,26,4
15236,26,4
15237,26,4
15238,26,4
15239,26,4
15240,26,4
15241,26,4
15242,26,4
15243,26,4
15244,26,4
15245,27,4
15246,27,4
15247,27,4
15248,27,4
15249,27,4
15250,27,4
15251,27,4
15252,27,4
15253,27,4
15254,27,4
15255,27,4
15256,27,4
15257,27,4
15258,27,4
15259,27,4
15260,27,4
15261,27,4
15262,27,4
15263,27,4
15264,27,4
15265,27,4
15266,27,4
15267,28,4
15268,28,4
15269,28,4
15270,28,4
15271,28,4
15272,28,4
15273,28,4
15274,28,4
15275,28,4
15276,28,4
15277,28,4
15278,28,4
15279,28,4
15280,28,4
15281,28,4
15282,28,4
15283,28,4
15284,28,4
15285,28,4
15286,28,4
15287,28,4
15288,28,4
15289,28,4
15290,28,4
15291,28,4
15292,28,4
15293,28,4
15294,28,4
15295,28,4
15296,28,4
15297,28,4
15298,28,4
15299,28,4
15300,28,4
15301,28,4
15302,28,4
15303,28,4
15304,28,4
15305,28,4
15306,28,4
15307,28,4
15308,28,4
15309,28,4
15310,28,4
15311,28,4
15312,28,4
15313,28,4
15314,28,4
15315,28,4
15316,28,4
15317,28,4
15318,28,4
15319,28,4
15320,28,4
15321,28,4
15322,28,4
15323,28,4
15324,28,4
15325,28,4
15326,28,4
15327,28,4
15328,28,4
15329,28,4
15330,28,4
15331,28,4
15332,28,4
15333,28,4
15334,28,4
15335,28,4
15336,28,4
15337,28,4
15338,28,4
15339,28,4
15340,28,4
15341,28,4
15342,28,4
15343,28,4
15344,28,4
15345,28,4
15346,28,4
15347,28,4
15348,28,4
15349,28,4
15350,28,4
15351,28,4
15352,28,4
15353,28,4
15354,28,4
15355,28,4
15356,28,4
15357,28,4
15358,28,4
15359,28,4
15360,28,4
15361,28,4
15362,28,4
15363,28,4
15364,28,4
15365,28,4
15366,28,4
15367,28,4
15368,28,4
15369,28,4
15370,28,4
15371,28,4
15372,28,4
15373,28,4
15374,28,4
15375,28,4
15376,28,4
15377,28,4
15378,28,4
15379,28,4
15380,28,4
15381,28,4
15382,28,4
15383,28,4
15384,28,4
15385,28,4
15386,28,4
15387,28,4
15388,28,4
15389,28,4
15390,28,4
15391,28,4
15392,28,4
15393,28,4
15394,28,4
15395,28,4
15396,28,4
15397,28,4
15398,28,4
15399,28,4
15400,28,4
15401,28,4
15402,27,4
15403,27,4
15404,27,4
15405,27,4
15406,27,4
15407,27,4
15408,27,4
15409,27,4
15410,27,4
15411,27,4
15412,27,4
15413,27,4
15414,26,4
15415,26,4
15416,26,4
15417,26,4
15418,26,4
15419,26,4
15420,26,4
15421,26,4
15422,26,4
15423,26,4
15424,26,4
15425,26,4
15426,26,4
15427,26,4
15428,26,4
15429,26,4
15430,26,4
15431,26,4
15432,26,4
15433,26,4
15434,26,4
15435,26,4
15436,26,4
15437,26,4
15438,26,4
15439,26,4
15440,26,4
15441,26,4
15442,26,4
15443,26,4
15444,26,4
15445,26,4
15446,26,4
15447,26,4
15448,26,4
15449,26,4
15450,26,4
15451,26,4
15452,26,4
15453,26,4
15454,26,4
15455,26,4
15456,26,4
15457,26,4
15458,26,4
15459,26,4
15460,26,4
15461,26,4
15462,26,4
15463,26,4
15464,26,4
15465,26,4
15466,26,4
15467,26,4
15468,26,4
15469,26,4
15470,26,4
15471,26,4
15472,26,4
15473,26,4
15474,26,4
15475,26,4
15476,26,4
15477,26,4
15478,26,4
15479,26,4
15480,26,4
15481,26,4
15482,26,4
15483,26,4
15484,26,4
15485,26,4
15486,26,4
15487,26,4
15488,26,4
15489,26,4
15490,26,4
15491,26,4
15492,26,4
15493,26,4
15494,26,4
15495,26,4
15496,26,4
15497,26,4
15498,26,4
15499,26,4
15500,26,4
15501,26,4
15502,26,4
15503,26,4
15504,26,4
15505,26,4
15506,26,4
15507,26,4
15508,26,4
15509,26,4
15510,26,4
15511,26,4
15512,26,4
15513,26,4
15514,26,4
15515,26,4
15516,26,4
15517,26,4
15518,26,4
15519,26,4
15520,26,4
15521,26,4
15522,26,4
15523,26,4
15524,26,4
15525,26,4
15526,26,4
15527,26,4
15528,26,4
15529,26,4
15530,26,4
15531,26,4
15532,26,4
15533,26,4
15534,26,4
15535,26,4
15536,26,4
15537,26,4
15538,26,4
15539,26,4
15540,26,4
15541,26,4
15542,26,4
15543,26,4
15544,26,4
15545,26,4
15546,26,4
15547,26,4
15548,26,4
15549,26,4
15550,26,4
15551,26,4
15552,26,4
15553,26,4
15554,26,4
15555,26,4
15556,26,4
15557,26,4
15558,26,4
15559,27,4
15560,27,4
15561,27,4
15562,27,4
15563,27,4
15564,27,4
15565,27,4
15566,27,4
15567,27,4
15568,27,4
15569,27,4
15570,27,4
15571,27,4
15572,27,4
15573,27,4
15574,27,4
15575,27,4
15576,27,4
15577,27,4
15578,27,4
15579,27,4
15580,27,4
15581,27,4
15582,27,4
15583,27,4
15584,27,4
15585,27,4
15586,27,4
15587,27,4
15588,27,4
15589,27,4
15590,27,4
15591,27,4
15592,27,4
15593,27,4
15594,27,4
15595,27,4
15596,27,4
15597,27,4
15598,27,4
15599,27,4
15600,27,4
15601,27,4
15602,27,4
15603,27,4
15604,27,4
15605,27,4
15606,27,4
15607,27,4
15608,27,4
15609,27,4
15610,27,4
15611,27,4
15612,27,4
15613,27,4
15614,28,4
15615,29,4
15616,29,4
15617,29,4
15618,29,4
15619,29,4
15620,29,4
15621,29,4
15622,29,4
15623,29,4
15624,29,4
15625,29,4
15626,29,4
15627,29,4
15628,29,4
15629,29,4
15630,29,4
15631,29,4
15632,29,4
15633,29,4
15634,29,4
15635,29,4
15636,28,4
15637,28,4
15638,28,4
15639,28,4
15640,28,4
15641,28,4
15642,28,4
15643,28,4
15644,28,4
15645,28,4
15646,28,4
15647,28,4
15648,28,4
15649,28,4
15650,28,4
15651,28,4
15652,28,4
15653,28,4
15654,28,4
15655,28,4
15656,28,4
15657,28,4
15658,28,4
15659,28,4
15660,28,4
15661,28,4
15662,28,4
15663,28,4
15664,28,4
15665,28,4
15666,28,4
15667,28,4
15668,28,4
15669,27,4
15670,27,4
15671,28,4
15672,28,4
15673,28,4
15674,28,4
15675,28,4
15676,28,4
15677,28,4
15678,28,4
15679,28,4
15680,28,4
15681,28,4
15682,28,4
15683,28,4
15684,28,4
15685,28,4
15686,28,4
15687,28,4
15688,28,4
15689,28,4
15690,28,4
15691,28,4
15692,28,4
15693,28,4
15694,28,4
15695,28,4
15696,28,4
15697,28,4
15698,28,4
15699,28,4
15700,28,4
15701,28,4
15702,28,4
15703,28,4
15704,28,4
15705,28,4
15706,28,4
15707,28,4
15708,28,4
15709,28,4
15710,28,4
15711,28,4
15712,28,4
15713,28,4
15714,28,4
15715,28,4
15716,28,4
15717,28,4
15718,28,4
15719,28,4
15720,28,4
15721,28,4
15722,28,4
15723,28,4
15724,28,4
15725,28,4
15726,28,4
15727,28,4
15728,28,4
15729,28,4
15730,28,4
15731,28,4
15732,28,4
15733,28,4
15734,28,4
15735,28,4
15736,28,4
15737,28,4
15738,28,4
15739,28,4
15740,28,4
15741,28,4
15742,28,4
15743,28,4
15744,28,4
15745,27,4
15746,27,4
15747,27,4
15748,27,4
15749,27,4
15750,27,4
15751,27,4
15752,27,4
15753,27,4
15754,27,4
15755,27,4
15756,27,4
15757,27,4
15758,27,4
15759,27,4
15760,27,4
15761,27,4
15762,27,4
15763,27,4
15764,27,4
15765,27,4
15766,27,4
15767,27,4
15768,27,4
15769,27,4
15770,27,4
15771,27,4
15772,27,4
15773,27,4
15774,27,4
15775,27,4
15776,27,4
15777,27,4
15778,26,4
15779,26,4
15780,26,4
15781,26,4
15782,26,4
15783,26,4
15784,26,4
15785,26,4
15786,26,4
15787,26,4
15788,26,4
15789,26,4
15790,26,4
15791,26,4
15792,26,4
15793,26,4
15794,26,4
15795,26,4
15796,26,4
15797,26,4
15798,26,4
15799,26,4
15800,26,4
15801,26,4
15802,26,4
15803,26,4
15804,26,4
15805,26,4
15806,26,4
15807,26,4
15808,26,4
15809,26,4
15810,26,4
15811,26,4
15812,26,4
15813,26,4
15814,26,4
15815,26,4
15816,26,4
15817,26,4
15818,26,4
15819,26,4
15820,26,4
15821,26,4
15822,26,4
15823,26,4
15824,26,4
15825,26,4
15826,26,4
15827,26,4
15828,26,4
15829,26,4
15830,26,4
15831,26,4
15832,26,4
15833,26,4
15834,26,4
15835,26,4
15836,26,4
15837,26,4
15838,26,4
15839,26,4
15840,26,4
15841,26,4
15842,26,4
15843,26,4
15844,26,4
15845,26,4
15846,26,4
15847,26,4
15848,26,4
15849,26,4
15850,26,4
15851,26,4
15852,26,4
15853,26,4
15854,26,4
15855,26,4
15856,26,4
15857,26,4
15858,26,4
15859,26,4
15860,26,4
15861,26,4
15862,26,4
15863,27,4
15864,27,4
15865,27,4
15866,27,4
15867,27,4
15868,27,4
15869,27,4
15870,27,4
15871,27,4
15872,27,4
15873,27,4
15874,27,4
15875,27,4
15876,27,4
15877,27,4
15878,27,4
15879,27,4
15880,27,4
15881,27,4
15882,27,4
15883,27,4
15884,27,4
15885,27,4
15886,27,4
15887,27,4
15888,27,4
15889,27,4
15890,27,4
15891,27,4
15892,27,4
15893,27,4
15894,27,4
15895,27,4
15896,27,4
15897,27,4
15898,27,4
15899,27,4
15900,27,4
15901,27,4
15902,27,4
15903,27,4
15904,27,4
15905,27,4
15906,27,4
15907,27,4
15908,27,4
15909,27,4
15910,27,4
15911,27,4
15912,27,4
15913,27,4
15914,27,4
15915,27,4
15916,27,4
15917,27,4
15918,27,4
15919,27,4
15920,27,4
15921,27,4
15922,26,4
15923,26,4
15924,26,4
15925,26,4
15926,26,4
15927,26,4
15928,26,4
15929,26,4
15930,26,4
15931,26,4
15932,26,4
15933,26,4
15934,26,4
15935,26,4
15936,26,4
15937,26,4
15938,26,4
15939,26,4
15940,26,4
15941,26,4
15942,26,4
15943,26,4
15944,26,4
15945,27,4
15946,27,4
15947,27,4
15948,27,4
15949,27,4
15950,27,4
15951,27,4
15952,27,4
15953,27,4
15954,27,4
15955,27,4
15956,27,4
15957,27,4
15958,27,4
15959,27,4
15960,27,4
15961,27,4
15962,27,4
15963,27,4
15964,27,4
15965,27,4
15966,27,4
15967,27,4
15968,27,4
15969,27,4
15970,27,4
15971,27,4
15972,27,4
15973,27,4
15974,27,4
15975,27,4
15976,27,4
15977,27,4
15978,27,4
15979,27,4
15980,27,4
15981,27,4
15982,27,4
15983,27,4
15984,27,4
15985,27,4
15986,27,4
15987,27,4
15988,27,4
15989,27,4
15990,27,4
15991,27,4
15992,27,4
15993,27,4
15994,27,4
15995,27,4
15996,27,4
15997,27,4
15998,27,4
15999,27,4
16000,27,4
16001,27,4
16002,27,4
16003,27,4
16004,27,4
16005,27,4
16006,27,4
16007,27,4
16008,27,4
16009,27,4
16010,27,4
16011,27,4
16012,27,4
16013,27,4
16014,27,4
16015,27,4
16016,27,4
16017,27,4
16018,27,4
16019,27,4
16020,27,4
16021,27,4
16022,27,4
16023,27,4
16024,27,4
16025,27,4
16026,27,4
16027,27,4
16028,27,4
16029,27,4
16030,27,4
16031,26,4
16032,26,4
16033,26,4
16034,26,4
16035,26,4
16036,26,4
16037,26,4
16038,26,4
16039,26,4
16040,26,4
16041,26,4
16042,26,4
16043,26,4
16044,26,4
16045,26,4
16046,26,4
16047,26,4
16048,26,4
16049,26,4
16050,26,4
16051,26,4
16052,26,4
16053,26,4
16054,26,4
16055,26,4
16056,26,4
16057,26,4
16058,26,4
16059,26,4
16060,26,4
16061,26,4
16062,26,4
16063,26,4
16064,26,4
16065,26,4
16066,26,4
16067,26,4
16068,26,4
16069,26,4
16070,26,4
16071,26,4
16072,26,4
16073,26,4
16074,26,4
16075,26,4
16076,26,4
16077,26,4
16078,26,4
16079,26,4
16080,26,4
16081,26,4
16082,26,4
16083,26,4
16084,26,4
16085,27,4
16086,27,4
16087,27,4
16088,27,4
16089,27,4
16090,26,4
16091,26,4
16092,26,4
16093,26,4
16094,26,4
16095,26,4
16096,26,4
16097,26,4
16098,26,4
16099,26,4
16100,26,4
16101,26,4
16102,26,4
16103,26,4
16104,26,4
16105,26,4
16106,26,4
16107,26,4
16108,26,4
16109,26,4
16110,26,4
16111,26,4
16112,26,4
16113,26,4
16114,26,4
16115,26,4
16116,26,4
16117,26,4
16118,26,4
16119,26,4
16120,26,4
16121,26,4
16122,26,4
16123,26,4
16124,26,4
16125,26,4
16126,26,4
16127,26,4
16128,26,4
16129,26,4
16130,26,4
16131,26,4
16132,26,4
16133,26,4
16134,26,4
16135,25,4
16136,25,4
16137,25,4
16138,25,4
16139,25,4
16140,25,4
16141,25,4
16142,25,4
16143,25,4
16144,25,4
16145,25,4
16146,25,4
16147,25,4
16148,25,4
16149,25,4
16150,25,4
16151,25,4
16152,25,4
16153,25,4
16154,25,4
16155,25,4
16156,25,4
16157,25,4
16158,25,4
16159,25,4
16160,25,4
16161,25,4
16162,25,4
16163,25,4
16164,26,4
16165,26,4
16166,26,4
16167,26,4
16168,26,4
16169,26,4
16170,26,4
16171,26,4
16172,26,4
16173,26,4
16174,26,4
16175,26,4
16176,26,4
16177,26,4
16178,26,4
16179,26,4
16180,26,4
16181,26,4
16182,26,4
16183,26,4
16184,26,4
16185,26,4
16186,26,4
16187,26,4
16188,26,4
16189,26,4
16190,26,4
16191,26,4
16192,25,4
16193,25,4
16194,25,4
16195,25,4
16196,25,4
16197,25,4
16198,25,4
16199,25,4
16200,25,4
16201,25,4
16202,25,4
16203,25,4
16204,24,4
16205,24,4
16206,24,4
16207,24,4
16208,24,4
16209,24,4
16210,24,4
16211,24,4
16212,24,4
16213,24,4
16214,25,4
16215,25,4
16216,25,4
16217,25,4
16218,25,4
16219,25,4
16220,25,4
16221,25,4
16222,25,4
16223,25,4
16224,25,4
16225,24,3
16226,24,3
16227,24,3
16228,24,3
16229,24,3
16230,24,3
16231,24,3
16232,23,2
16233,23,2
16234,23,2
16235,24,2
16236,24,2
16237,24,2
16238,24,2
16239,24,2
16240,24,2
16241,24,2
16242,24,2
16243,24,2
16244,24,2
16245,24,2
16246,24,2
16247,24,2
16248,24,2
16249,24,2
16250,24,2
16251,24,2
16252,24,2
16253,24,2
16254,24,2
16255,24,2
16256,24,2
16257,24,2
16258,23,2
16259,23,2
16260,23,2
16261,23,2
16262,23,2
16263,23,2
16264,23,2
16265,23,2
16266,23,2
16267,23,2
16268,23,2
16269,23,2
16270,23,2
16271,23,2
16272,23,2
16273,23,2
16274,23,2
16275,23,2
16276,23,2
16277,23,2
16278,23,2
16279,23,2
16280,23,2
16281,24,2
16282,24,2
16283,24,2
16284,24,2
16285,24,2
16286,24,2
16287,24,2
16288,24,2
16289,24,2
16290,24,2
16291,23,2
16292,23,2
16293,23,2
16294,23,2
16295,23,2
16296,23,2
16297,23,2
16298,23,2
16299,23,2
16300,23,2
16301,23,2
16302,23,2
16303,23,2
16304,23,2
16305,23,2
16306,23,2
16307,23,2
16308,23,2
16309,23,2
16310,23,2
16311,23,2
16312,23,2
16313,23,2
16314,23,2
16315,23,2
16316,23,2
16317,23,2
16318,23,2
16319,23,2
16320,23,2
16321,23,2
16322,23,2
16323,23,2
16324,23,2
16325,23,2
16326,23,2
16327,23,2
16328,23,2
16329,23,2
16330,23,2
16331,23,2
16332,23,2
16333,23,2
16334,23,2
16335,23,2
16336,23,2
16337,23,2
16338,23,2
16339,23,2
16340,23,2
16341,23,2
16342,23,2
16343,23,2
16344,23,2
16345,23,2
16346,23,2
16347,23,2
16348,23,2
16349,23,2
16350,23,2
16351,23,2
16352,23,2
16353,23,2
16354,23,2
16355,23,2
16356,23,2
16357,23,2
16358,24,2
16359,24,2
16360,24,2
16361,24,2
16362,24,2
16363,23,2
16364,23,2
16365,23,2
16366,23,2
16367,23,2
16368,23,2
16369,23,2
16370,23,2
16371,23,2
16372,23,2
16373,23,2
16374,23,2
16375,23,2
16376,23,2
16377,23,2
16378,23,2
16379,23,2
16380,23,2
16381,23,2
16382,23,2
16383,23,2
16384,23,2
16385,23,2
16386,23,2
16387,23,2
16388,23,2
16389,23,2
16390,23,2
16391,23,2
16392,23,2
16393,23,2
16394,23,2
16395,23,2
16396,23,2
16397,23,2
16398,23,2
16399,23,2
16400,23,2
16401,23,2
16402,23,2
16403,23,2
16404,23,2
16405,23,2
16406,23,2
16407,23,2
16408,23,2
16409,23,2
16410,23,2
16411,23,2
16412,23,2
16413,23,2
16414,23,2
16415,23,2
16416,23,2
16417,23,2
16418,23,2
16419,23,2
16420,23,2
16421,23,2
16422,23,2
16423,23,2
16424,23,2
16425,23,2
16426,23,2
16427,23,2
16428,23,2
16429,22,2
16430,22,2
16431,22,2
16432,22,2
16433,22,2
16434,22,2
16435,22,2
16436,22,2
16437,22,2
16438,22,2
16439,22,2
16440,22,2
16441,22,2
16442,22,2
16443,22,2
16444,22,2
16445,22,2
16446,22,2
16447,22,2
16448,22,2
16449,22,2
16450,22,2
16451,22,2
16452,22,2
16453,22,2
16454,22,2
16455,22,2
16456,22,2
16457,22,2
16458,22,2
16459,22,2
16460,22,2
16461,22,2
16462,22,2
16463,22,2
16464,22,2
16465,22,2
16466,21,2
16467,21,2
16468,21,2
16469,21,2
16470,21,2
16471,21,2
16472,21,2
16473,21,2
16474,21,2
16475,21,2
16476,21,2
16477,21,2
16478,21,2
16479,22,2
16480,22,2
16481,22,2
16482,23,2
16483,23,2
16484,23,2
16485,23,2
16486,23,2
16487,23,2
16488,23,2
16489,23,2
16490,23,2
16491,23,2
16492,23,2
16493,23,2
16494,23,2
16495,23,2
16496,23,2
16497,23,2
16498,23,2
16499,23,2
16500,23,2
16501,23,2
16502,23,2
16503,23,2
16504,24,2
16505,24,2
16506,24,2
16507,24,2
16508,24,2
16509,24,2
16510,24,2
16511,24,2
16512,24,2
16513,24,2
16514,24,2
16515,24,2
16516,24,2
16517,24,2
16518,24,2
16519,24,2
16520,24,2
16521,24,2
16522,24,2
16523,24,2
16524,24,2
16525,24,2
16526,24,2
16527,24,2
16528,24,2
16529,24,2
16530,24,2
16531,24,2
16532,24,2
16533,24,2
16534,24,2
16535,24,2
16536,24,2
16537,24,2
16538,24,2
16539,24,2
16540,24,2
16541,24,2
16542,24,2
16543,24,2
16544,24,2
16545,24,2
16546,24,2
16547,24,2
16548,24,2
16549,24,2
16550,24,2
16551,24,2
16552,24,2
16553,24,2
16554,24,2
16555,24,2
16556,24,2
16557,24,2
16558,24,2
16559,24,2
16560,24,2
16561,24,2
16562,24,2
16563,24,2
16564,24,2
16565,24,2
16566,24,2
16567,24,2
16568,24,2
16569,24,2
16570,24,2
16571,24,2
16572,24,2
16573,24,2
16574,24,2
16575,24,2
16576,24,2
16577,24,2
16578,24,2
16579,24,2
16580,24,2
16581,24,2
16582,24,2
16583,24,2
16584,24,2
16585,24,2
16586,24,2
16587,24,2
16588,24,2
16589,24,2
16590,24,2
16591,24,2
16592,24,2
16593,24,2
16594,24,2
16595,24,2
16596,24,2
16597,24,2
16598,24,2
16599,24,2
16600,24,2
16601,24,2
16602,24,2
16603,24,2
16604,24,2
16605,24,2
16606,24,2
16607,24,2
16608,24,2
16609,24,2
16610,24,2
16611,24,2
16612,24,2
16613,24,2
16614,24,2
16615,24,2
16616,24,2
16617,24,2
16618,24,2
16619,24,2
16620,24,2
16621,24,2
16622,24,2
16623,24,2
16624,24,2
16625,24,2
16626,24,2
16627,24,2
16628,24,2
16629,24,2
16630,24,2
16631,24,2
16632,24,2
16633,24,2
16634,23,2
16635,23,2
16636,23,2
16637,23,2
16638,23,2
16639,23,2
16640,23,2
16641,23,2
16642,23,2
16643,24,2
16644,24,2
16645,24,2
16646,24,2
16647,24,2
16648,24,2
16649,24,2
16650,24,2
16651,24,2
16652,24,2
16653,24,2
16654,24,2
16655,24,2
16656,24,2
16657,24,2
16658,24,2
16659,24,2
16660,24,2
16661,24,2
16662,26,3
16663,26,3
16664,26,3
16665,26,3
16666,27,3
16667,27,3
16668,27,3
16669,27,3
16670,27,3
16671,27,3
16672,27,3
16673,27,3
16674,27,3
16675,27,3
16676,27,3
16677,27,3
16678,27,3
16679,27,3
16680,27,3
16681,27,3
16682,27,3
16683,27,3
16684,27,3
16685,27,3
16686,27,3
16687,27,3
16688,27,3
16689,27,3
16690,27,3
16691,27,3
16692,27,3
16693,27,3
16694,27,3
16695,27,3
16696,27,3
16697,27,3
16698,27,3
16699,27,3
16700,27,3
16701,27,3
16702,27,3
16703,27,3
16704,27,3
16705,27,3
16706,27,3
16707,27,3
16708,27,3
16709,27,3
16710,27,3
16711,27,3
16712,27,3
16713,27,3
16714,27,3
16715,28,3
16716,28,3
16717,28,3
16718,27,3
16719,27,3
16720,27,3
16721,27,3
16722,27,3
16723,27,3
16724,27,3
16725,27,3
16726,27,3
16727,27,3
16728,27,3
16729,27,3
16730,27,3
16731,27,3
16732,27,3
16733,27,3
16734,27,3
16735,27,3
16736,27,3
16737,27,3
16738,27,3
16739,27,3
16740,27,3
16741,27,3
16742,27,3
16743,27,3
16744,27,3
16745,27,3
16746,27,3
16747,27,3
16748,27,3
16749,27,3
16750,27,3
16751,27,3
16752,27,3
16753,27,3
16754,27,3
16755,27,3
16756,27,3
16757,27,3
16758,27,3
16759,27,3
16760,27,3
16761,27,3
16762,27,3
16763,27,3
16764,27,3
16765,27,3
16766,27,3
16767,27,3
16768,27,3
16769,27,3
16770,27,3
16771,27,3
16772,27,3
16773,27,3
16774,27,3
16775,27,3
16776,27,3
16777,27,3
16778,27,3
16779,27,3
16780,27,3
16781,27,3
16782,27,3
16783,27,3
16784,27,3
16785,27,3
16786,27,3
16787,27,3
16788,27,3
16789,27,3
16790,27,3
16791,27,3
16792,27,3
16793,27,3
16794,27,3
16795,27,3
16796,27,3
16797,27,3
16798,27,3
16799,26,3
16800,26,3
16801,26,3
16802,26,3
16803,26,3
16804,27,4
16805,27,4
16806,27,4
16807,27,4
16808,27,4
16809,27,4
16810,27,4
16811,27,4
16812,27,4
16813,27,4
16814,27,4
16815,27,4
16816,27,4
16817,27,4
16818,27,4
16819,27,4
16820,27,4
16821,27,4
16822,27,4
16823,27,4
16824,27,4
16825,27,4
16826,27,4
16827,27,4
16828,27,4
16829,27,4
16830,27,4
16831,27,4
16832,26,4
16833,26,4
16834,26,4
16835,26,4
16836,26,4
16837,26,4
16838,26,4
16839,26,4
16840,26,4
16841,26,4
16842,26,4
16843,26,4
16844,26,4
16845,26,4
16846,26,4
16847,26,4
16848,26,4
16849,26,4
16850,26,4
16851,26,4
16852,26,4
16853,26,4
16854,26,4
16855,26,4
16856,26,4
16857,26,4
16858,26,4
16859,26,4
16860,26,4
16861,26,4
16862,26,4
16863,26,4
16864,26,4
16865,26,4
16866,26,4
16867,26,4
16868,26,4
16869,26,4
16870,26,4
16871,26,4
16872,26,4
16873,26,4
16874,26,4
16875,26,4
16876,26,4
16877,26,4
16878,26,4
16879,26,4
16880,26,4
16881,26,4
16882,27,5
16883,27,5
16884,27,5
16885,27,5
16886,27,5
16887,27,5
16888,27,5
16889,27,5
16890,27,5
16891,27,5
16892,27,5
16893,27,5
16894,27,5
16895,27,5
16896,27,5
16897,27,5
16898,27,5
16899,27,5
16900,27,5
16901,27,5
16902,27,5
16903,27,5
16904,27,5
16905,27,5
16906,27,5
16907,27,5
16908,27,5
16909,27,5
16910,27,5
16911,27,5
16912,27,5
16913,27,5
16914,28,5
16915,28,5
16916,28,5
16917,28,5
16918,28,5
16919,29,5
16920,29,5
16921,29,5
16922,29,5
16923,29,5
16924,29,5
16925,29,5
16926,29,5
16927,29,5
16928,29,5
16929,29,5
16930,29,5
16931,28,5
16932,28,5
16933,28,5
16934,28,5
16935,28,5
16936,28,5
16937,28,5
16938,28,5
16939,28,5
16940,28,5
16941,28,5
16942,28,5
16943,28,5
16944,28,5
16945,28,5
16946,28,5
16947,28,5
16948,28,5
16949,28,5
16950,28,5
16951,28,5
16952,28,5
16953,28,5
16954,28,5
16955,28,5
16956,28,5
16957,28,5
16958,28,5
16959,28,5
16960,28,5
16961,28,5
16962,28,5
16963,28,5
16964,28,5
16965,28,5
16966,28,5
16967,28,5
16968,28,5
16969,28,5
16970,28,5
16971,28,5
16972,28,5
16973,28,5
16974,28,5
16975,28,5
16976,28,5
16977,28,5
16978,28,5
16979,28,5
16980,28,5
16981,28,5
16982,28,5
16983,28,5
16984,28,5
16985,28,5
16986,28,5
16987,28,5
16988,28,5
16989,28,5
16990,28,5
16991,28,5
16992,28,5
16993,28,5
16994,28,5
16995,28,5
16996,28,5
16997,28,5
16998,28,5
16999,28,5
17000,28,5
17001,28,5
17002,28,5
17003,28,5
17004,28,5
17005,28,5
17006,28,5
17007,28,5
17008,28,5
17009,28,5
17010,28,5
17011,28,5
17012,28,5
17013,28,5
17014,28,5
17015,28,5
17016,28,5
17017,28,5
17018,28,5
17019,28,5
17020,28,5
17021,28,5
17022,28,5
17023,28,5
17024,28,5
17025,28,5
17026,28,5
17027,29,5
17028,29,5
17029,29,5
17030,29,5
17031,28,5
17032,28,5
17033,28,5
17034,28,5
17035,28,5
17036,28,5
17037,28,5
17038,28,5
17039,28,5
17040,28,5
17041,28,5
17042,28,5
17043,28,5
17044,28,5
17045,28,5
17046,28,5
17047,28,5
17048,28,5
17049,28,5
17050,28,5
17051,28,5
17052,28,5
17053,28,5
17054,28,5
17055,28,5
17056,28,5
17057,28,5
17058,28,5
17059,28,5
17060,28,5
17061,28,5
17062,29,5
17063,29,5
17064,29,5
17065,29,5
17066,29,5
17067,29,5
17068,29,5
17069,29,5
17070,29,5
17071,29,5
17072,29,5
17073,29,5
17074,29,5
17075,29,5
17076,29,5
17077,29,5
17078,29,5
17079,29,5
17080,29,5
17081,29,5
17082,29,5
17083,29,5
17084,29,5
17085,29,5
17086,29,5
17087,29,5
17088,29,5
17089,29,5
17090,29,5
17091,29,5
17092,29,5
17093,29,5
17094,29,5
17095,29,5
17096,29,5
17097,29,5
17098,29,5
17099,29,5
17100,29,5
17101,29,5
17102,29,5
17103,29,5
17104,29,5
17105,29,5
17106,29,5
17107,29,5
17108,29,5
17109,29,5
17110,29,5
17111,29,5
17112,29,5
17113,29,5
17114,29,5
17115,29,5
17116,29,5
17117,29,5
17118,29,5
17119,29,5
17120,29,5
17121,29,5
17122,29,5
17123,29,5
17124,29,5
17125,29,5
17126,29,5
17127,29,5
17128,29,5
17129,29,5
17130,29,5
17131,29,5
17132,29,5
17133,29,5
17134,29,5
17135,29,5
17136,29,5
17137,29,5
17138,29,5
17139,29,5
17140,29,5
17141,29,5
17142,29,5
17143,29,5
17144,28,5
17145,28,5
17146,28,5
17147,28,5
17148,28,5
17149,28,5
17150,28,5
17151,28,5
17152,28,5
17153,28,5
17154,28,5
17155,28,5
17156,28,5
17157,28,5
17158,28,5
17159,28,5
17160,28,5
17161,28,5
17162,28,5
17163,28,5
17164,28,5
17165,28,5
17166,28,5
17167,28,5
17168,28,5
17169,28,5
17170,28,5
17171,28,5
17172,28,5
17173,28,5
17174,28,5
17175,28,5
17176,28,5
17177,28,5
17178,28,5
17179,29,5
17180,29,5
17181,29,5
17182,29,5
17183,29,5
17184,29,5
17185,29,5
17186,29,5
17187,29,5
17188,29,5
17189,29,5
17190,29,5
17191,29,5
17192,29,5
17193,29,5
17194,29,5
17195,29,5
17196,29,5
17197,29,5
17198,29,5
17199,29,5
17200,29,5
17201,29,5
17202,29,5
17203,29,5
17204,29,5
17205,29,5
17206,29,5
17207,29,5
17208,29,5
17209,29,5
17210,29,5
17211,29,5
17212,29,5
17213,29,5
17214,29,5
17215,29,5
17216,29,5
17217,29,5
17218,29,5
17219,29,5
17220,29,5
17221,29,5
17222,29,5
17223,29,5
17224,29,5
17225,29,5
17226,29,5
17227,29,5
17228,29,5
17229,29,5
17230,29,5
17231,29,5
17232,29,5
17233,29,5
17234,29,5
17235,29,5
17236,29,5
17237,29,5
17238,29,5
17239,29,5
17240,29,5
17241,29,5
17242,29,5
17243,29,5
17244,29,5
17245,29,5
17246,29,5
17247,29,5
17248,29,5
17249,29,5
17250,29,5
17251,29,5
17252,29,5
17253,29,5
17254,29,5
17255,29,5
17256,29,5
17257,29,5
17258,29,5
17259,29,5
17260,29,5
17261,29,5
17262,29,5
17263,29,5
17264,29,5
17265,29,5
17266,28,5
17267,28,5
17268,28,5
17269,28,5
17270,28,5
17271,28,5
17272,28,5
17273,28,5
17274,28,5
17275,28,5
17276,28,5
17277,28,5
17278,27,5
17279,27,5
17280,27,5
17281,27,5
17282,27,5
17283,27,5
17284,27,5
17285,27,5
17286,27,5
17287,27,5
17288,27,5
17289,27,5
17290,27,5
17291,27,5
17292,27,5
17293,27,5
17294,27,5
17295,27,5
17296,27,5
17297,27,5
17298,27,5
17299,27,5
17300,27,5
17301,27,5
17302,27,5
17303,27,5
17304,27,5
17305,27,5
17306,27,5
17307,27,5
17308,27,5
17309,27,5
17310,27,5
17311,27,5
17312,27,5
17313,27,5
17314,27,5
17315,27,5
17316,27,5
17317,27,5
17318,27,5
17319,27,5
17320,27,5
17321,27,5
17322,27,5
17323,27,5
17324,27,5
17325,27,5
17326,27,5
17327,27,5
17328,27,5
17329,27,5
17330,27,5
17331,27,5
17332,27,5
17333,27,5
17334,27,5
17335,27,5
17336,27,5
17337,27,5
17338,27,5
17339,27,5
17340,27,5
17341,27,5
17342,27,5
17343,27,5
17344,27,5
17345,27,5
17346,27,5
17347,27,5
17348,27,5
17349,27,5
17350,27,5
17351,27,5
17352,27,5
17353,27,5
17354,27,5
17355,27,5
17356,27,5
17357,27,5
17358,27,5
17359,27,5
17360,27,5
17361,27,5
17362,27,5
17363,27,5
17364,27,5
17365,27,5
17366,27,5
17367,27,5
17368,27,5
17369,27,5
17370,27,5
17371,27,5
17372,27,5
17373,27,5
17374,27,5
17375,27,5
17376,27,5
17377,27,5
17378,27,5
17379,26,5
17380,26,5
17381,26,5
17382,26,5
17383,26,5
17384,26,5
17385,26,5
17386,26,5
17387,26,5
17388,26,5
17389,26,5
17390,26,5
17391,26,5
17392,26,5
17393,26,5
17394,27,5
17395,27,5
17396,27,5
17397,27,5
17398,27,5
17399,27,5
17400,27,5
17401,27,5
17402,27,5
17403,27,5
17404,27,5
17405,27,5
17406,27,5
17407,27,5
17408,27,5
17409,27,5
17410,27,5
17411,27,5
17412,27,5
17413,27,5
17414,28,5
17415,28,5
17416,29,5
17417,29,5
17418,29,5
17419,29,5
17420,29,5
17421,29,5
17422,29,5
17423,29,5
17424,29,5
17425,29,5
17426,29,5
17427,29,5
17428,29,5
17429,29,5
17430,29,5
17431,29,5
17432,29,5
17433,29,5
17434,29,5
17435,29,5
17436,29,5
17437,29,5
17438,29,5
17439,29,5
17440,29,5
17441,29,5
17442,29,5
17443,29,5
17444,29,5
17445,29,5
17446,29,5
17447,29,5
17448,29,5
17449,29,5
17450,29,5
17451,29,5
17452,29,5
17453,29,5
17454,29,5
17455,29,5
17456,29,5
17457,29,5
17458,29,5
17459,29,5
17460,29,5
17461,29,5
17462,29,5
17463,29,5
17464,29,5
17465,29,5
17466,29,5
17467,29,5
17468,29,5
17469,29,5
17470,29,5
17471,30,5
17472,30,5
17473,30,5
17474,30,5
17475,30,5
17476,30,5
17477,30,5
17478,30,5
17479,30,5
17480,30,5
17481,30,5
17482,30,5
17483,30,5
17484,30,5
17485,30,5
17486,30,5
17487,30,5
17488,30,5
17489,30,5
17490,30,5
17491,30,5
17492,30,5
17493,30,5
17494,30,5
17495,30,5
17496,30,5
17497,30,5
17498,30,5
17499,30,5
17500,30,5
17501,30,5
17502,30,5
17503,30,5
17504,30,5
17505,30,5
17506,30,5
17507,30,5
17508,30,5
17509,30,5
17510,30,5
17511,30,5
17512,30,5
17513,30,5
17514,31,5
17515,31,5
17516,31,5
17517,31,5
17518,31,5
17519,31,5
17520,31,5
17521,31,5
17522,31,5
17523,31,5
17524,31,5
17525,31,5
17526,31,5
17527,31,5
17528,31,5
17529,31,5
17530,31,5
17531,31,5
17532,31,5
17533,31,5
17534,31,5
17535,31,5
17536,31,5
17537,32,5
17538,32,5
17539,32,5
17540,32,5
17541,32,5
17542,32,5
17543,32,5
17544,32,5
17545,32,5
17546,32,5
17547,32,5
17548,32,5
17549,32,5
17550,32,5
17551,32,5
17552,32,5
17553,32,5
17554,32,5
17555,32,5
17556,32,5
17557,32,5
17558,31,5
17559,31,5
17560,31,5
17561,31,5
17562,31,5
17563,31,5
17564,31,5
17565,31,5
17566,31,5
17567,31,5
17568,31,5
17569,31,5
17570,31,5
17571,31,5
17572,31,5
17573,31,5
17574,31,5
17575,31,5
17576,31,5
17577,31,5
17578,31,5
17579,31,5
17580,31,5
17581,31,5
17582,31,5
17583,31,5
17584,31,5
17585,31,5
17586,31,5
17587,31,5
17588,31,5
17589,31,5
17590,31,5
17591,31,5
17592,31,5
17593,31,5
17594,31,5
17595,31,5
17596,31,5
17597,31,5
17598,31,5
17599,31,5
17600,31,5
17601,31,5
17602,31,5
17603,31,5
17604,31,5
17605,31,5
17606,31,5
17607,31,5
17608,31,5
17609,31,5
17610,31,5
17611,31,5
17612,31,5
17613,31,5
17614,31,5
17615,31,5
17616,31,5
17617,31,5
17618,31,5
17619,31,5
17620,31,5
17621,31,5
17622,31,5
17623,31,5
17624,31,5
17625,31,5
17626,31,5
17627,31,5
17628,31,5
17629,31,5
17630,31,5
17631,31,5
17632,31,5
17633,31,5
17634,31,5
17635,31,5
17636,31,5
17637,31,5
17638,31,5
17639,31,5
17640,31,5
17641,31,5
17642,31,5
17643,31,5
17644,31,5
17645,31,5
17646,31,5
17647,31,5
17648,31,5
17649,31,5
17650,31,5
17651,31,5
17652,31,5
17653,31,5
17654,31,5
17655,31,5
17656,31,5
17657,31,5
17658,31,5
17659,31,5
17660,31,5
17661,31,5
17662,31,5
17663,31,5
17664,31,5
17665,31,5
17666,31,5
17667,31,5
17668,31,5
17669,31,5
17670,31,5
17671,31,5
17672,31,5
17673,31,5
17674,31,5
17675,31,5
17676,31,5
17677,31,5
17678,32,5
17679,32,5
17680,32,5
17681,32,5
17682,32,5
17683,32,5
17684,32,5
17685,32,5
17686,32,5
17687,32,5
17688,32,5
17689,32,5
17690,32,5
17691,32,5
17692,32,5
17693,32,5
17694,32,5
17695,33,5
17696,33,5
17697,33,5
17698,33,5
17699,33,5
17700,33,5
17701,33,5
17702,33,5
17703,33,5
17704,33,5
17705,33,5
17706,33,5
17707,33,5
17708,33,5
17709,33,5
17710,33,5
17711,33,5
17712,33,5
17713,33,5
17714,33,5
17715,33,5
17716,33,5
17717,34,5
17718,34,5
17719,34,5
17720,34,5
17721,34,5
17722,34,5
17723,33,5
17724,33,5
17725,33,5
17726,33,5
17727,33,5
17728,33,5
17729,33,5
17730,33,5
17731,33,5
17732,33,5
17733,33,5
17734,33,5
17735,33,5
17736,33,5
17737,33,5
17738,33,5
17739,33,5
17740,33,5
17741,33,5
17742,33,5
17743,33,5
17744,33,5
17745,33,5
17746,33,5
17747,33,5
17748,33,5
17749,33,5
17750,33,5
17751,33,5
17752,33,5
17753,33,5
17754,33,5
17755,33,5
17756,33,5
17757,33,5
17758,33,5
17759,33,5
17760,33,5
17761,33,5
17762,33,5
17763,33,5
17764,33,5
17765,33,5
17766,33,5
17767,33,5
17768,33,5
17769,33,5
17770,33,5
17771,33,5
17772,33,5
17773,33,5
17774,33,5
17775,33,5
17776,33,5
17777,33,5
17778,33,5
17779,33,5
17780,33,5
17781,33,5
17782,34,5
17783,34,5
17784,34,5
17785,34,5
17786,34,5
17787,34,5
17788,34,5
17789,34,5
17790,34,5
17791,34,5
17792,34,5
17793,34,5
17794,34,5
17795,34,5
17796,34,5
17797,34,5
17798,34,5
17799,34,5
17800,34,5
17801,34,5
17802,34,5
17803,34,5
17804,34,5
17805,34,5
17806,34,5
17807,34,5
17808,34,5
17809,34,5
17810,34,5
17811,34,5
17812,34,5
17813,35,5
17814,35,5
17815,35,5
17816,35,5
17817,35,5
17818,35,5
17819,35,5
17820,35,5
17821,35,5
17822,35,5
17823,35,5
17824,35,5
17825,35,5
17826,35,5
17827,35,5
17828,35,5
17829,35,5
17830,35,5
17831,35,5
17832,35,5
17833,35,5
17834,35,5
17835,35,5
17836,35,5
17837,35,5
17838,35,5
17839,35,5
17840,35,5
17841,35,5
17842,35,5
17843,35,5
17844,35,5
17845,35,5
17846,35,5
17847,35,5
17848,35,5
17849,35,5
17850,35,5
17851,35,5
17852,35,5
17853,35,5
17854,35,5
17855,34,5
17856,34,5
17857,34,5
17858,34,5
17859,34,5
17860,34,5
17861,34,5
17862,34,5
17863,34,5
17864,34,5
17865,34,5
17866,34,5
17867,34,5
17868,34,5
17869,34,5
17870,34,5
17871,34,5
17872,34,5
17873,34,5
17874,34,5
17875,34,5
17876,34,5
17877,34,5
17878,34,5
17879,34,5
17880,33,4
17881,33,4
17882,33,4
17883,33,4
17884,33,4
17885,33,4
17886,33,4
17887,33,4
17888,33,4
17889,33,4
17890,33,4
17891,33,4
17892,33,4
17893,33,4
17894,33,4
17895,33,4
17896,33,4
17897,33,4
17898,33,4
17899,33,4
17900,33,4
17901,33,4
17902,33,4
17903,33,4
17904,33,4
17905,33,4
17906,33,4
17907,33,4
17908,33,4
17909,33,4
17910,33,4
17911,33,4
17912,33,4
17913,33,4
17914,33,4
17915,33,4
17916,33,4
17917,33,4
17918,33,4
17919,33,4
17920,33,4
17921,32,4
17922,32,4
17923,32,4
17924,32,4
17925,32,4
17926,32,4
17927,32,4
17928,32,4
17929,33,4
17930,33,4
17931,33,4
17932,33,4
17933,33,4
17934,33,4
17935,33,4
17936,33,4
17937,33,4
17938,33,4
17939,33,4
17940,33,4
17941,33,4
17942,33,4
17943,33,4
17944,33,4
17945,33,4
17946,33,4
17947,34,4
17948,34,4
17949,34,4
17950,34,4
17951,34,4
17952,34,4
17953,34,4
17954,34,4
17955,34,4
17956,34,4
17957,34,4
17958,34,4
17959,34,4
17960,34,4
17961,34,4
17962,34,4
17963,35,4
17964,35,4
17965,35,4
17966,35,4
17967,35,4
17968,35,4
17969,35,4
17970,35,4
17971,35,4
17972,35,4
17973,35,4
17974,35,4
17975,35,4
17976,35,4
17977,35,4
17978,35,4
17979,35,4
17980,35,4
17981,35,4
17982,35,4
17983,35,4
17984,35,4
17985,35,4
17986,35,4
17987,35,4
17988,35,4
17989,35,4
17990,35,4
17991,35,4
17992,35,4
17993,35,4
17994,35,4
17995,35,4
17996,35,4
17997,35,4
17998,35,4
17999,35,4
18000,35,4
18001,35,4
18002,35,4
18003,35,4
18004,35,4
18005,35,4
18006,35,4
18007,35,4
18008,35,4
18009,35,4
18010,35,4
18011,35,4
18012,35,4
18013,35,4
18014,35,4
18015,35,4
18016,35,4
18017,35,4
18018,35,4
18019,35,4
18020,35,4
18021,35,4
18022,35,4
18023,35,4
18024,35,4
18025,35,4
18026,35,4
18027,35,4
18028,35,4
18029,35,4
18030,35,4
18031,35,4
18032,35,4
18033,35,4
18034,35,4
18035,35,4
18036,35,4
18037,35,4
18038,35,4
18039,35,4
18040,35,4
18041,35,4
18042,35,4
18043,35,4
18044,35,4
18045,35,4
18046,35,4
18047,34,4
18048,34,4
18049,34,4
18050,34,4
18051,34,4
18052,34,4
18053,34,4
18054,34,4
18055,34,4
18056,34,4
18057,34,4
18058,34,4
18059,33,4
18060,33,4
18061,33,4
18062,33,4
18063,33,4
18064,33,4
18065,33,4
18066,33,4
18067,33,4
18068,33,4
18069,33,4
18070,33,4
18071,33,4
18072,33,4
18073,33,4
18074,33,4
18075,33,4
18076,33,4
18077,33,4
18078,33,4
18079,33,4
18080,33,4
18081,33,4
18082,33,4
18083,33,4
18084,33,4
18085,33,4
18086,32,4
18087,32,4
18088,32,4
18089,32,4
18090,32,4
18091,32,4
18092,32,4
18093,32,4
18094,32,4
18095,32,4
18096,32,4
18097,32,4
18098,32,4
18099,32,4
18100,32,4
18101,32,4
18102,32,4
18103,32,4
18104,32,4
18105,32,4
18106,32,4
18107,32,4
18108,32,4
18109,32,4
18110,32,4
18111,32,4
18112,32,4
18113,32,4
18114,32,4
18115,32,4
18116,32,4
18117,32,4
18118,32,4
18119,31,3
18120,31,3
18121,31,3
18122,31,3
18123,31,3
18124,31,3
18125,31,3
18126,31,3
18127,31,3
18128,31,3
18129,31,3
18130,31,3
18131,31,3
18132,31,3
18133,31,3
18134,31,3
18135,31,3
18136,31,3
18137,31,3
18138,31,3
18139,31,3
18140,32,3
18141,32,3
18142,32,3
18143,32,3
18144,32,3
18145,32,3
18146,32,3
18147,32,3
18148,32,3
18149,32,3
18150,32,3
18151,32,3
18152,32,3
18153,33,3
18154,33,3
18155,33,3
18156,33,3
18157,33,3
18158,33,3
18159,33,3
18160,33,3
18161,33,3
18162,33,3
18163,33,3
18164,33,3
18165,33,3
18166,33,3
18167,33,3
18168,33,3
18169,33,3
18170,33,3
18171,33,3
18172,33,3
18173,33,3
18174,33,3
18175,33,3
18176,33,3
18177,33,3
18178,33,3
18179,33,3
18180,33,3
18181,33,3
18182,33,3
18183,33,3
18184,33,3
18185,33,3
18186,33,3
18187,33,3
18188,33,3
18189,33,3
18190,33,3
18191,33,3
18192,33,3
18193,33,3
18194,33,3
18195,33,3
18196,33,3
18197,33,3
18198,33,3
18199,33,3
18200,33,3
18201,33,3
18202,33,3
18203,33,3
18204,33,3
18205,33,3
18206,33,3
18207,33,3
18208,33,3
18209,33,3
18210,33,3
18211,33,3
18212,33,3
18213,33,3
18214,33,3
18215,33,3
18216,33,3
18217,33,3
18218,32,3
18219,32,3
18220,32,3
18221,32,3
18222,32,3
18223,32,3
18224,32,3
18225,32,3
18226,32,3
18227,32,3
18228,32,3
18229,32,3
18230,32,3
18231,32,3
18232,32,3
18233,32,3
18234,32,3
18235,32,3
18236,32,3
18237,32,3
18238,32,3
18239,32,3
18240,32,3
18241,32,3
18242,32,3
18243,32,3
18244,32,3
18245,32,3
18246,32,3
18247,32,3
18248,32,3
18249,32,3
18250,32,3
18251,32,3
18252,32,3
18253,32,3
18254,32,3
18255,32,3
18256,32,3
18257,32,3
18258,32,3
18259,32,3
18260,32,3
18261,31,2
18262,31,2
18263,31,2
18264,31,2
18265,31,2
18266,31,2
18267,31,2
18268,31,2
18269,31,2
18270,31,2
18271,31,2
18272,31,2
18273,31,2
18274,31,2
18275,31,2
18276,31,2
18277,31,2
18278,31,2
18279,31,2
18280,31,2
18281,31,2
18282,31,2
18283,31,2
18284,31,2
18285,31,2
18286,31,2
18287,31,2
18288,31,2
18289,31,2
18290,31,2
18291,32,2
18292,32,2
18293,32,2
18294,31,2
18295,31,2
18296,31,2
18297,31,2
18298,31,2
18299,31,2
18300,31,2
18301,31,2
18302,31,2
18303,31,2
18304,31,2
18305,31,2
18306,31,2
18307,31,2
18308,31,2
18309,31,2
18310,31,2
18311,31,2
18312,31,2
18313,31,2
18314,31,2
18315,31,2
18316,31,2
18317,31,2
18318,31,2
18319,31,2
18320,31,2
18321,31,2
18322,31,2
18323,31,2
18324,31,2
18325,31,2
18326,31,2
18327,31,2
18328,31,2
18329,31,2
18330,31,2
18331,31,2
18332,31,2
18333,31,2
18334,31,2
18335,31,2
18336,31,2
18337,31,2
18338,31,2
18339,31,2
18340,31,2
18341,31,2
18342,31,2
18343,31,2
18344,31,2
18345,31,2
18346,31,2
18347,31,2
18348,31,2
18349,31,2
18350,31,2
18351,31,2
18352,31,2
18353,31,2
18354,31,2
18355,31,2
18356,31,2
18357,31,2
18358,31,2
18359,31,2
18360,31,2
18361,31,2
18362,31,2
18363,31,2
18364,31,2
18365,31,2
18366,31,2
18367,31,2
18368,31,2
18369,31,2
18370,31,2
18371,31,2
18372,31,2
18373,31,2
18374,32,2
18375,32,2
18376,32,2
18377,32,2
18378,32,2
18379,32,2
18380,32,2
18381,32,2
18382,32,2
18383,31,2
18384,31,2
18385,31,2
18386,31,2
18387,31,2
18388,31,2
18389,31,2
18390,31,2
18391,31,2
18392,31,2
18393,31,2
18394,31,2
18395,30,2
18396,30,2
18397,30,2
18398,30,2
18399,30,2
18400,30,2
18401,30,2
18402,30,2
18403,31,2
18404,31,2
18405,31,2
18406,31,2
18407,31,2
18408,31,2
18409,31,2
18410,31,2
18411,31,2
18412,31,2
18413,31,2
18414,31,2
18415,31,2
18416,31,2
18417,31,2
18418,31,2
18419,31,2
18420,31,2
18421,31,2
18422,31,2
18423,31,2
18424,31,2
18425,32,2
18426,32,2
18427,32,2
18428,32,2
18429,32,2
18430,32,2
18431,32,2
18432,32,2
18433,32,2
18434,32,2
18435,32,2
18436,32,2
18437,32,2
18438,32,2
18439,32,2
18440,32,2
18441,32,2
18442,32,2
18443,32,2
18444,32,2
18445,32,2
18446,33,2
18447,33,2
18448,33,2
18449,33,2
18450,33,2
18451,33,2
18452,33,2
18453,33,2
18454,33,2
18455,33,2
18456,33,2
18457,33,2
18458,33,2
18459,33,2
18460,33,2
18461,32,2
18462,32,2
18463,32,2
18464,32,2
18465,32,2
18466,32,2
18467,32,2
18468,32,2
18469,32,2
18470,32,2
18471,32,2
18472,32,2
18473,32,2
18474,32,2
18475,32,2
18476,32,2
18477,32,2
18478,32,2
18479,32,2
18480,32,2
18481,32,2
18482,32,2
18483,32,2
18484,32,2
18485,32,2
18486,32,2
18487,32,2
18488,32,2
18489,32,2
18490,32,2
18491,32,2
18492,32,2
18493,32,2
18494,32,2
18495,32,2
18496,32,2
18497,32,2
18498,32,2
18499,32,2
18500,32,2
18501,32,2
18502,32,2
18503,32,2
18504,32,2
18505,32,2
18506,32,2
18507,32,2
18508,32,2
18509,32,2
18510,32,2
18511,32,2
18512,32,2
18513,32,2
18514,32,2
18515,32,2
18516,32,2
18517,32,2
18518,32,2
18519,32,2
18520,32,2
18521,32,2
18522,32,2
18523,32,2
18524,32,2
18525,32,2
18526,32,2
18527,32,2
18528,32,2
18529,32,2
18530,32,2
18531,32,2
18532,32,2
18533,32,2
18534,32,2
18535,32,2
18536,32,2
18537,32,2
18538,32,2
18539,32,2
18540,32,2
18541,32,2
18542,32,2
18543,32,2
18544,32,2
18545,32,2
18546,32,2
18547,32,2
18548,32,2
18549,32,2
18550,32,2
18551,32,2
18552,32,2
18553,32,2
18554,32,2
18555,32,2
18556,32,2
18557,32,2
18558,32,2
18559,32,2
18560,32,2
18561,32,2
18562,32,2
18563,32,2
18564,32,2
18565,32,2
18566,32,2
18567,32,2
18568,32,2
18569,32,2
18570,32,2
18571,32,2
18572,32,2
18573,32,2
18574,32,2
18575,32,2
18576,32,2
18577,32,2
18578,32,2
18579,32,2
18580,32,2
18581,32,2
18582,32,2
18583,32,2
18584,32,2
18585,32,2
18586,32,2
18587,32,2
18588,32,2
18589,32,2
18590,32,2
18591,32,2
18592,32,2
18593,32,2
18594,32,2
18595,32,2
18596,32,2
18597,32,2
18598,32,2
18599,32,2
18600,32,2
18601,32,2
18602,32,2
18603,32,2
18604,32,2
18605,32,2
18606,32,2
18607,32,2
18608,32,2
18609,32,2
18610,32,2
18611,32,2
18612,32,2
18613,32,2
18614,32,2
18615,32,2
18616,32,2
18617,32,2
18618,32,2
18619,32,2
18620,32,2
18621,32,2
18622,32,2
18623,32,2
18624,32,2
18625,32,2
18626,32,2
18627,32,2
18628,32,2
18629,32,2
18630,32,2
18631,32,2
18632,32,2
18633,32,2
18634,32,2
18635,32,2
18636,32,2
18637,32,2
18638,32,2
18639,32,2
18640,32,2
18641,32,2
18642,32,2
18643,32,2
18644,32,2
18645,32,2
18646,32,2
18647,31,2
18648,31,2
18649,31,2
18650,31,2
18651,31,2
18652,31,2
18653,31,2
18654,31,2
18655,31,2
18656,31,2
18657,31,2
18658,31,2
18659,31,2
18660,31,2
18661,31,2
18662,31,2
18663,31,2
18664,31,2
18665,31,2
18666,31,2
18667,31,2
18668,31,2
18669,31,2
18670,31,2
18671,31,2
18672,31,2
18673,31,2
18674,31,2
18675,31,2
18676,31,2
18677,31,2
18678,31,2
18679,31,2
18680,31,2
18681,31,2
18682,31,2
18683,31,2
18684,31,2
18685,31,2
18686,31,2
18687,31,2
18688,31,2
18689,31,2
18690,31,2
18691,31,2
18692,31,2
18693,31,2
18694,31,2
18695,31,2
18696,31,2
18697,31,2
18698,31,2
18699,31,2
18700,31,2
18701,31,2
18702,31,2
18703,31,2
18704,32,2
18705,32,2
18706,32,2
18707,32,2
18708,32,2
18709,32,2
18710,32,2
18711,32,2
18712,32,2
18713,31,1
18714,31,1
18715,31,1
18716,31,1
18717,31,1
18718,31,1
18719,31,1
18720,31,1
18721,31,1
18722,31,1
18723,31,1
18724,31,1
18725,31,1
18726,31,1
18727,31,1
18728,31,1
18729,31,1
18730,31,1
18731,31,1
18732,31,1
18733,31,1
18734,31,1
18735,31,1
18736,31,1
18737,31,1
18738,31,1
18739,31,1
18740,31,1
18741,31,1
18742,31,1
18743,31,1
18744,31,1
18745,31,1
18746,31,1
18747,31,1
18748,31,1
18749,31,1
18750,31,1
18751,31,1
18752,31,1
18753,31,1
18754,31,1
18755,31,1
18756,31,1
18757,31,1
18758,31,1
18759,31,1
18760,31,1
18761,31,1
18762,31,1
18763,31,1
18764,31,1
18765,31,1
18766,31,1
18767,31,1
18768,31,1
18769,31,1
18770,30,1
18771,30,1
18772,30,1
18773,30,1
18774,30,1
18775,30,1
18776,30,1
18777,30,1
18778,30,1
18779,30,1
18780,30,1
18781,30,1
18782,30,1
18783,30,1
18784,30,1
18785,30,1
18786,30,1
18787,30,1
18788,30,1
18789,30,1
18790,30,1
18791,30,1
18792,30,1
18793,30,1
18794,30,1
18795,30,1
18796,30,1
18797,30,1
18798,30,1
18799,30,1
18800,30,1
18801,30,1
18802,30,1
18803,30,1
18804,30,1
18805,31,1
18806,31,1
18807,31,1
18808,31,1
18809,31,1
18810,31,1
18811,31,1
18812,31,1
18813,31,1
18814,32,1
18815,32,1
18816,32,1
18817,32,1
18818,32,1
18819,32,1
18820,32,1
18821,32,1
18822,32,1
18823,32,1
18824,32,1
18825,32,1
18826,32,1
18827,32,1
18828,32,1
18829,32,1
18830,32,1
18831,32,1
18832,32,1
18833,32,1
18834,32,1
18835,32,1
18836,32,1
18837,32,1
18838,32,1
18839,32,1
18840,32,1
18841,32,1
18842,32,1
18843,32,1
18844,32,1
18845,32,1
18846,32,1
18847,32,1
18848,32,1
18849,32,1
18850,32,1
18851,32,1
18852,32,1
18853,33,1
18854,33,1
18855,33,1
18856,33,1
18857,33,1
18858,33,1
18859,33,1
18860,33,1
18861,33,1
18862,33,1
18863,32,1
18864,32,1
18865,32,1
18866,32,1
18867,32,1
18868,32,1
18869,32,1
18870,32,1
18871,32,1
18872,32,1
18873,32,1
18874,32,1
18875,33,1
18876,33,1
18877,33,1
18878,33,1
18879,33,1
18880,33,1
18881,33,1
18882,33,1
18883,33,1
18884,33,1
18885,33,1
18886,33,1
18887,33,1
18888,33,1
18889,32,1
18890,32,1
18891,32,1
18892,32,1
18893,32,1
18894,32,1
18895,32,1
18896,32,1
18897,32,1
18898,32,1
18899,32,1
18900,32,1
18901,32,1
18902,32,1
18903,32,1
18904,32,1
18905,32,1
18906,32,1
18907,32,1
18908,32,1
18909,32,1
18910,32,1
18911,32,1
18912,32,1
18913,32,1
18914,32,1
18915,32,1
18916,32,1
18917,32,1
18918,32,1
18919,32,1
18920,32,1
18921,32,1
18922,31,1
18923,31,1
18924,31,1
18925,31,1
18926,31,1
18927,31,1
18928,31,1
18929,31,1
18930,31,1
18931,31,1
18932,31,1
18933,31,1
18934,31,1
18935,31,1
18936,31,1
18937,31,1
18938,31,1
18939,31,1
18940,31,1
18941,31,1
18942,31,1
18943,31,1
18944,31,1
18945,31,1
18946,31,1
18947,31,1
18948,31,1
18949,31,1
18950,31,1
18951,31,1
18952,31,1
18953,31,1
18954,31,1
18955,31,1
18956,31,1
18957,31,1
18958,31,1
18959,31,1
18960,31,1
18961,31,1
18962,31,1
18963,31,1
18964,31,1
18965,31,1
18966,31,1
18967,31,1
18968,31,1
18969,31,1
18970,31,1
18971,31,1
18972,31,1
18973,31,1
18974,31,1
18975,31,1
18976,31,1
18977,31,1
18978,31,1
18979,31,1
18980,31,1
18981,31,1
18982,31,1
18983,31,1
18984,31,1
18985,31,1
18986,31,1
18987,31,1
18988,31,1
18989,31,1
18990,31,1
18991,31,1
18992,31,1
18993,31,1
18994,31,1
18995,31,1
18996,31,1
18997,31,1
18998,31,1
18999,31,1
19000,31,1
19001,31,1
19002,31,1
19003,31,1
19004,31,1
19005,31,1
19006,30,0
19007,30,0
19008,30,0
19009,30,0
19010,30,0
19011,30,0
19012,30,0
19013,30,0
19014,30,0
19015,30,0
19016,30,0
19017,30,0
19018,30,0
19019,30,0
19020,30,0
19021,30,0
19022,30,0
19023,30,0
19024,29,0
19025,29,0
19026,29,0
19027,29,0
19028,29,0
19029,29,0
19030,28,0
19031,28,0
19032,28,0
19033,28,0
19034,28,0
19035,28,0
19036,28,0
19037,28,0
19038,28,0
19039,28,0
19040,28,0
19041,28,0
19042,28,0
19043,28,0
19044,28,0
19045,28,0
19046,28,0
19047,28,0
19048,28,0
19049,28,0
19050,28,0
19051,28,0
19052,28,0
19053,28,0
19054,28,0
19055,28,0
19056,28,0
19057,28,0
19058,28,0
19059,28,0
19060,28,0
19061,28,0
19062,28,0
19063,28,0
19064,28,0
19065,28,0
19066,28,0
19067,28,0
19068,28,0
19069,28,0
19070,28,0
19071,28,0
19072,28,0
19073,28,0
19074,28,0
19075,29,0
19076,29,0
19077,29,0
19078,29,0
19079,29,0
19080,29,0
19081,29,0
19082,29,0
19083,29,0
19084,29,0
19085,29,0
19086,29,0
19087,30,0
19088,30,0
19089,30,0
19090,30,0
19091,30,0
19092,30,0
19093,30,0
19094,30,0
19095,30,0
19096,30,0
19097,30,0
19098,30,0
19099,30,0
19100,30,0
19101,30,0
19102,30,0
19103,30,0
19104,30,0
19105,30,0
19106,30,0
19107,30,0
19108,30,0
19109,30,0
19110,30,0
19111,30,0
19112,30,0
19113,30,0
19114,30,0
19115,31,0
19116,31,0
19117,31,0
19118,31,0
19119,31,0
19120,31,0
19121,31,0
19122,31,0
19123,31,0
19124,31,0
19125,31,0
19126,30,0
19127,30,0
19128,30,0
19129,30,0
19130,30,0
19131,30,0
19132,29,0
19133,29,0
19134,29,0
19135,29,0
19136,29,0
19137,29,0
19138,29,0
19139,29,0
19140,29,0
19141,29,0
19142,29,0
19143,29,0
19144,29,0
19145,29,0
19146,29,0
19147,29,0
19148,29,0
19149,29,0
19150,29,0
19151,29,0
19152,29,0
19153,29,0
19154,29,0
19155,29,0
19156,29,0
19157,29,0
19158,29,0
19159,29,0
19160,29,0
19161,29,0
19162,29,0
19163,29,0
19164,29,0
19165,29,0
19166,29,0
19167,29,0
19168,29,0
19169,29,0
19170,29,0
19171,29,0
19172,29,0
19173,29,0
19174,29,0
19175,29,0
19176,29,0
19177,29,0
19178,29,0
19179,29,0
19180,29,0
19181,29,0
19182,29,0
19183,29,0
19184,29,0
19185,29,0
19186,29,0
19187,29,0
19188,29,0
19189,29,0
19190,29,0
19191,29,0
19192,29,0
19193,29,0
19194,29,0
19195,29,0
19196,29,0
19197,29,0
19198,29,0
19199,29,0
19200,29,0
19201,29,0
19202,29,0
19203,29,0
19204,29,0
19205,29,0
19206,29,0
19207,29,0
19208,29,0
19209,29,0
19210,29,0
19211,29,0
19212,29,0
19213,29,0
19214,29,0
19215,29,0
19216,29,0
19217,29,0
19218,29,0
19219,29,0
19220,29,0
19221,29,0
19222,29,0
19223,29,0
19224,29,0
19225,29,0
19226,29,0
19227,29,0
19228,29,0
19229,29,0
19230,29,0
19231,29,0
19232,29,0
19233,29,0
19234,29,0
19235,29,0
19236,29,0
19237,29,0
19238,29,0
19239,29,0
19240,29,0
19241,29,0
19242,29,0
19243,29,0
19244,29,0
19245,29,0
19246,29,0
19247,29,0
19248,30,0
19249,30,0
19250,30,0
19251,30,0
19252,31,0
19253,31,0
19254,31,0
19255,31,0
19256,31,0
19257,31,0
19258,31,0
19259,31,0
19260,32,0
19261,32,0
19262,32,0
19263,32,0
19264,32,0
19265,32,0
19266,32,0
19267,32,0
19268,32,0
19269,32,0
19270,32,0
19271,32,0
19272,32,0
19273,33,1
19274,33,1
19275,33,1
19276,33,1
19277,33,1
19278,33,1
19279,33,1
19280,33,1
19281,33,1
19282,33,1
19283,33,1
19284,33,1
19285,33,1
19286,33,1
19287,33,1
19288,33,1
19289,33,1
19290,33,1
19291,33,1
19292,33,1
19293,33,1
19294,33,1
19295,33,1
19296,33,1
19297,33,1
19298,33,1
19299,33,1
19300,33,1
19301,33,1
19302,33,1
19303,33,1
19304,33,1
19305,33,1
19306,33,1
19307,33,1
19308,33,1
19309,33,1
19310,33,1
19311,33,1
19312,33,1
19313,33,1
19314,33,1
19315,33,1
19316,33,1
19317,33,1
19318,33,1
19319,33,1
19320,33,1
19321,33,1
19322,33,1
19323,33,1
19324,33,1
19325,33,1
19326,33,1
19327,33,1
19328,33,1
19329,33,1
19330,33,1
19331,33,1
19332,33,1
19333,33,1
19334,33,1
19335,34,1
19336,34,1
19337,34,1
19338,34,1
19339,34,1
19340,34,1
19341,34,1
19342,34,1
19343,34,1
19344,34,1
19345,34,1
19346,34,1
19347,34,1
19348,34,1
19349,34,1
19350,34,1
19351,34,1
19352,34,1
19353,34,1
19354,34,1
19355,34,1
19356,34,1
19357,34,1
19358,34,1
19359,34,1
19360,34,1
19361,34,1
19362,34,1
19363,34,1
19364,34,1
19365,34,1
19366,34,1
19367,34,1
19368,34,1
19369,34,1
19370,34,1
19371,34,1
19372,34,1
19373,34,1
19374,34,1
19375,34,1
19376,34,1
19377,34,1
19378,34,1
19379,34,1
19380,34,1
19381,34,1
19382,34,1
19383,34,1
19384,34,1
19385,34,1
19386,34,1
19387,34,1
19388,34,1
19389,34,1
19390,34,1
19391,34,1
19392,34,1
19393,34,1
19394,34,1
19395,34,1
19396,34,1
19397,34,1
19398,34,1
19399,34,1
19400,34,1
19401,34,1
19402,34,1
19403,34,1
19404,34,1
19405,34,1
19406,34,1
19407,34,1
19408,34,1
19409,34,1
19410,34,1
19411,34,1
19412,34,1
19413,34,1
19414,34,1
19415,34,1
19416,34,1
19417,35,1
19418,35,1
19419,35,1
19420,35,1
19421,35,1
19422,35,1
19423,35,1
19424,35,1
19425,35,1
19426,35,1
19427,35,1
19428,35,1
19429,35,1
19430,35,1
19431,35,1
19432,35,1
19433,35,1
19434,35,1
19435,35,1
19436,35,1
19437,35,1
19438,35,1
19439,35,1
19440,35,1
19441,35,1
19442,35,1
19443,35,1
19444,35,1
19445,35,1
19446,35,1
19447,35,1
19448,35,1
19449,35,1
19450,35,1
19451,35,1
19452,35,1
19453,35,1
19454,35,1
19455,35,1
19456,35,1
19457,35,1
19458,35,1
19459,35,1
19460,35,1
19461,35,1
19462,35,1
19463,35,1
19464,35,1
19465,35,1
19466,35,1
19467,35,1
19468,35,1
19469,35,1
19470,35,1
19471,35,1
19472,35,1
19473,35,1
19474,35,1
19475,35,1
19476,35,1
19477,35,1
19478,35,1
19479,35,1
19480,35,1
19481,35,1
19482,35,1
19483,35,1
19484,35,1
19485,35,1
19486,35,1
19487,35,1
19488,35,1
19489,35,1
19490,35,1
19491,35,1
19492,35,1
19493,34,1
19494,34,1
19495,34,1
19496,34,1
19497,34,1
19498,34,1
19499,34,1
19500,34,1
19501,34,1
19502,34,1
19503,34,1
19504,34,1
19505,34,1
19506,34,1
19507,34,1
19508,34,1
19509,34,1
19510,34,1
19511,34,1
19512,34,1
19513,34,1
19514,34,1
19515,34,1
19516,34,1
19517,34,1
19518,34,1
19519,34,1
19520,34,1
19521,34,1
19522,34,1
19523,34,1
19524,34,1
19525,34,1
19526,34,1
19527,34,1
19528,34,1
19529,34,1
19530,34,1
19531,34,1
19532,34,1
19533,34,1
19534,34,1
19535,34,1
19536,34,1
19537,34,1
19538,34,1
19539,34,1
19540,34,1
19541,34,1
19542,34,1
19543,34,1
19544,34,1
19545,34,1
19546,34,1
19547,34,1
19548,34,1
19549,34,1
19550,34,1
19551,34,1
19552,34,1
19553,34,1
19554,34,1
19555,34,1
19556,34,1
19557,34,1
19558,34,1
19559,34,1
19560,34,1
19561,34,1
19562,34,1
19563,34,1
19564,34,1
19565,34,1
19566,34,1
19567,34,1
19568,34,1
19569,34,1
19570,34,1
19571,34,1
19572,34,1
19573,34,1
19574,34,1
19575,34,1
19576,34,1
19577,34,1
19578,34,1
19579,34,1
19580,34,1
19581,34,1
19582,34,1
19583,34,1
19584,34,1
19585,34,1
19586,34,1
19587,34,1
19588,34,1
19589,34,1
19590,34,1
19591,34,1
19592,33,1
19593,33,1
19594,33,1
19595,33,1
19596,33,1
19597,33,1
19598,33,1
19599,33,1
19600,33,1
19601,33,1
19602,33,1
19603,33,1
19604,33,1
19605,33,1
19606,33,1
19607,33,1
19608,33,1
19609,33,1
19610,33,1
19611,33,1
19612,33,1
19613,33,1
19614,33,1
19615,33,1
19616,33,1
19617,33,1
19618,33,1
19619,32,1
19620,32,1
19621,32,1
19622,32,1
19623,32,1
19624,32,1
19625,32,1
19626,32,1
19627,32,1
19628,32,1
19629,32,1
19630,32,1
19631,32,1
19632,32,1
19633,32,1
19634,32,1
19635,32,1
19636,32,1
19637,32,1
19638,32,1
19639,32,1
19640,33,1
19641,33,1
19642,33,1
19643,33,1
19644,33,1
19645,33,1
19646,32,1
19647,32,1
19648,32,1
19649,32,1
19650,32,1
19651,32,1
19652,32,1
19653,32,1
19654,32,1
19655,32,1
19656,32,1
19657,32,1
19658,32,1
19659,32,1
19660,32,1
19661,32,1
19662,32,1
19663,32,1
19664,32,1
19665,32,1
19666,32,1
19667,32,1
19668,32,1
19669,32,1
19670,32,1
19671,32,1
19672,33,1
19673,33,1
19674,33,1
19675,33,1
19676,33,1
19677,33,1
19678,33,1
19679,33,1
19680,33,1
19681,33,1
19682,33,1
19683,33,1
19684,33,1
19685,33,1
19686,33,1
19687,33,1
19688,34,1
19689,34,1
19690,34,1
19691,34,1
19692,34,1
19693,34,1
19694,33,1
19695,33,1
19696,33,1
19697,33,1
19698,33,1
19699,33,1
19700,33,1
19701,33,1
19702,33,1
19703,34,1
19704,34,1
19705,34,1
19706,34,1
19707,34,1
19708,34,1
19709,34,1
19710,34,1
19711,34,1
19712,33,1
19713,33,1
19714,33,1
19715,33,1
19716,33,1
19717,33,1
19718,33,1
19719,33,1
19720,33,1
19721,33,1
19722,33,1
19723,33,1
19724,33,1
19725,34,1
19726,34,1
19727,34,1
19728,34,1
19729,34,1
19730,34,1
19731,34,1
19732,34,1
19733,34,1
19734,34,1
19735,34,1
19736,34,1
19737,34,1
19738,34,1
19739,34,1
19740,34,1
19741,34,1
19742,34,1
19743,34,1
19744,34,1
19745,34,1
19746,34,1
19747,34,1
19748,33,1
19749,33,1
19750,33,1
19751,33,1
19752,33,1
19753,34,1
19754,34,1
19755,34,1
19756,34,1
19757,34,1
19758,34,1
19759,34,1
19760,34,1
19761,34,1
19762,34,1
19763,34,1
19764,34,1
19765,34,1
19766,34,1
19767,34,1
19768,34,1
19769,34,1
19770,34,1
19771,35,2
19772,35,2
19773,35,2
19774,35,2
19775,35,2
19776,35,2
19777,35,2
19778,35,2
19779,35,2
19780,35,2
19781,35,2
19782,35,2
19783,35,2
19784,35,2
19785,35,2
19786,35,2
19787,35,2
19788,35,2
19789,35,2
19790,35,2
19791,35,2
19792,35,2
19793,35,2
19794,35,2
19795,36,2
19796,36,2
19797,36,2
19798,36,2
19799,36,2
19800,36,2
19801,36,2
19802,36,2
19803,36,2
19804,36,2
19805,36,2
19806,36,2
19807,36,2
19808,36,2
19809,36,2
19810,36,2
19811,36,2
19812,36,2
19813,36,2
19814,36,2
19815,36,2
19816,36,2
19817,36,2
19818,36,2
19819,36,2
19820,35,1
19821,35,1
19822,35,1
19823,35,1
19824,35,1
19825,35,1
19826,35,1
19827,35,1
19828,35,1
19829,35,1
19830,35,1
19831,35,1
19832,35,1
19833,35,1
19834,35,1
19835,35,1
19836,35,1
19837,35,1
19838,35,1
19839,35,1
19840,35,1
19841,35,1
19842,35,1
19843,35,1
19844,35,1
19845,35,1
19846,35,1
19847,35,1
19848,35,1
19849,35,1
19850,35,1
19851,35,1
19852,35,1
19853,35,1
19854,35,1
19855,35,1
19856,36,1
19857,36,1
19858,36,1
19859,36,1
19860,36,1
19861,36,1
19862,36,1
19863,36,1
19864,36,1
19865,36,1
19866,36,1
19867,36,1
19868,36,1
19869,36,1
19870,36,1
19871,36,1
19872,36,1
19873,36,1
19874,36,1
19875,36,1
19876,36,1
19877,36,1
19878,36,1
19879,36,1
19880,35,1
19881,35,1
19882,35,1
19883,35,1
19884,35,1
19885,35,1
19886,35,1
19887,35,1
19888,35,1
19889,35,1
19890,35,1
19891,35,1
19892,35,1
19893,35,1
19894,35,1
19895,35,1
19896,35,1
19897,35,1
19898,35,1
19899,35,1
19900,35,1
19901,35,1
19902,35,1
19903,35,1
19904,35,1
19905,35,1
19906,35,1
19907,35,1
19908,35,1
19909,35,1
19910,35,1
19911,35,1
19912,35,1
19913,35,1
19914,35,1
19915,35,1
19916,35,1
19917,35,1
19918,35,1
19919,36,1
19920,36,1
19921,36,1
19922,36,1
19923,36,1
19924,36,1
19925,36,1
19926,36,1
19927,36,1
19928,36,1
19929,36,1
19930,36,1
19931,36,1
19932,36,1
19933,36,1
19934,36,1
19935,36,1
19936,36,1
19937,36,1
19938,36,1
19939,36,1
19940,36,1
19941,36,1
19942,36,1
19943,36,1
19944,36,1
19945,36,1
19946,36,1
19947,36,1
19948,36,1
19949,36,1
19950,36,1
19951,36,1
19952,36,1
19953,36,1
19954,36,1
19955,36,1
19956,36,1
19957,36,1
19958,36,1
19959,36,1
19960,36,1
19961,36,1
19962,36,1
19963,36,1
19964,36,1
19965,36,1
19966,36,1
19967,36,1
19968,36,1
19969,36,1
19970,36,1
19971,36,1
19972,36,1
19973,36,1
19974,36,1
19975,36,1
19976,36,1
19977,36,1
19978,36,1
19979,36,1
19980,36,1
19981,36,1
19982,36,1
19983,36,1
19984,37,1
19985,37,1
19986,37,1
19987,37,1
19988,35,1
19989,35,1
19990,35,1
19991,35,1
19992,35,1
19993,35,1
19994,35,1
19995,35,1
19996,35,1
19997,35,1
19998,35,1
19999,35,1
